MF10- 3a sun compass orientation
    0.4 188.8  40.0 284.0  35.0   1.0
NRM    049.0  75.7 025.1  42.7 1.55E-05 002.0 200.6  57.6 0.051000 0.025839 0.010715 hargrave 2023-11-17 19:17:19 
AF  10 035.6  74.3 021.5  40.1 1.41E-05 002.1 204.8  54.7 0.048759 0.025447 0.009202 hargrave 2023-11-17 19:18:39 
AF  20 031.6  72.9 020.5  38.5 1.30E-05 002.2 207.2  53.6 0.046276 0.024114 0.008001 hargrave 2023-11-17 19:19:59 
AF  30 027.2  73.3 018.8  38.6 1.20E-05 002.2 206.6  52.4 0.043920 0.022529 0.007288 hargrave 2023-11-17 19:21:19 
AF  40 030.8  72.7 020.3  38.2 1.13E-05 002.3 207.5  53.4 0.040972 0.022087 0.007011 hargrave 2023-11-17 19:22:43 
AF  50 029.2  71.1 020.1  36.6 1.06E-05 002.4 210.2  52.9 0.040291 0.021529 0.006142 hargrave 2023-11-17 19:24:04 
AF  60 024.6  71.6 018.2  36.9 1.00E-05 002.4 209.1  51.5 0.038218 0.021466 0.005677 hargrave 2023-11-17 19:25:24 
AF  70 027.0  71.3 019.2  36.6 8.85E-06 002.4 209.8  52.2 0.034738 0.018208 0.004711 hargrave 2023-11-17 19:26:44 
AF  80 028.5  70.6 019.9  36.1 7.96E-06 002.6 211.0  52.6 0.030267 0.023004 0.004147 hargrave 2023-11-17 19:28:08 
AF  90 032.8  68.7 022.2  34.5 7.31E-06 002.5 214.4  54.0 0.028904 0.017369 0.004136 hargrave 2023-11-17 19:29:29 
AF 100 040.0  69.9 024.8  36.3 6.86E-06 002.5 212.2  56.5 0.026290 0.016225 0.003716 hargrave 2023-11-17 19:30:49 
AF 110 034.3  66.2 023.5  32.2 6.35E-06 002.5 218.7  54.3 0.024808 0.015522 0.002944 hargrave 2023-11-17 19:32:10 
AF 120 034.3  64.3 024.0  30.4 6.07E-06 002.5 221.8  54.1 0.023707 0.015165 0.002404 hargrave 2023-11-17 19:33:31 
AF 130 024.4  67.2 018.7  32.4 5.80E-06 002.7 216.1  50.6 0.024689 0.014436 0.001910 hargrave 2023-11-17 19:34:51 
AF 140 025.5  63.5 019.8  28.8 5.35E-06 002.8 221.9  50.2 0.021481 0.018394 0.001859 hargrave 2023-11-17 19:36:15 
AF 150 031.0  60.8 023.2  26.6 5.28E-06 002.8 227.1  51.9 0.020463 0.019233 0.002165 hargrave 2023-11-17 19:37:40 
AF 160 031.0  65.2 022.2  30.9 4.84E-06 002.7 220.0  52.9 0.020431 0.013080 0.001702 hargrave 2023-11-17 19:39:00 
AF 170 039.2  58.7 028.2  25.5 4.77E-06 002.6 232.2  55.4 0.017991 0.013603 0.001473 hargrave 2023-11-17 19:40:21 
AF 180 054.3  54.1 038.5  24.0 4.36E-06 002.2 244.0  62.8 0.013261 0.012385 0.001689 hargrave 2023-11-17 19:41:41 
AF 190 033.1  59.2 024.7  25.2 4.66E-06 002.7 230.0  52.5 0.018737 0.013688 0.001407 hargrave 2023-11-17 19:43:01 
AF 200 029.8  62.3 022.3  28.0 4.56E-06 002.8 224.5  51.8 0.017308 0.015908 0.002204 hargrave 2023-11-17 19:44:26 
AF 220 025.8  56.5 021.0  21.9 4.14E-06 002.7 232.0  48.0 0.016649 0.011728 0.001765 hargrave 2023-11-17 19:45:47 
AF 240 031.9  71.8 020.9  37.4 4.30E-06 002.6 209.1  53.7 0.017532 0.010257 0.002713 hargrave 2023-11-17 19:47:07 
AF 260 072.9  70.2 037.1  42.1 3.90E-06 002.3 201.8  66.5 0.014344 0.008483 0.001817 hargrave 2023-11-17 19:48:27 
AF 280 045.4  71.8 026.0  38.7 3.54E-06 002.7 208.2  57.9 0.015268 0.009099 0.002402 hargrave 2023-11-17 19:49:49 
AF 300 059.1  56.5 040.1  27.3 4.02E-06 002.2 239.2  65.7 0.012432 0.009548 0.001130 hargrave 2023-11-17 19:51:10 
AF 320 093.7  65.9 048.6  44.9 3.98E-06 001.9 187.5  73.9 0.011409 0.007104 0.002270 hargrave 2023-11-17 19:52:30 
AF 340 085.3  67.7 043.7  43.5 4.43E-06 002.0 195.9  71.1 0.013332 0.008636 0.001929 hargrave 2023-11-17 19:53:51 
AF 360 079.0  75.9 033.1  47.3 4.46E-06 002.1 190.5  62.9 0.015519 0.007515 0.002549 hargrave 2023-11-17 19:55:11 
AF 380 090.6  64.4 049.0  43.0 3.33E-06 002.0 193.7  74.9 0.008756 0.007055 0.003491 hargrave 2023-11-17 19:56:31 
AF 400 091.7  48.9 063.6  32.5 3.65E-06 001.7 281.1  85.3 0.007581 0.007856 0.002659 hargrave 2023-11-17 19:57:52 
AF 420 082.7  41.7 063.0  22.9 3.57E-06 001.9 300.3  76.1 0.007846 0.009364 0.002031 hargrave 2023-11-17 19:59:12 
AF 440 111.5  37.8 085.2  34.2 3.44E-06 001.6 041.5  74.8 0.006485 0.007400 0.002326 hargrave 2023-11-17 20:00:33 
AF 460 083.6  39.7 064.9  21.7 2.85E-06 002.0 308.0  75.2 0.006177 0.007848 0.001303 hargrave 2023-11-17 20:01:54 
AF 480 089.2  41.2 067.6  25.4 4.45E-06 001.3 319.1  78.9 0.006721 0.008067 0.001923 hargrave 2023-11-17 20:03:14 
AF 500 110.7  41.5 081.5  36.3 3.47E-06 001.7 048.5  78.1 0.006803 0.007184 0.003034 hargrave 2023-11-17 20:04:38 
AF 520 091.9  39.7 070.5  25.5 2.94E-06 001.8 332.0  78.6 0.005546 0.007423 0.002937 hargrave 2023-11-17 20:05:58 
AF 540 106.1  50.2 070.6  40.0 2.50E-06 001.8 094.9  85.3 0.005524 0.005712 0.001453 hargrave 2023-11-17 20:07:19 
AF 560 124.3  42.9 089.1  44.7 2.97E-06 002.1 077.6  71.2 0.006897 0.008570 0.002249 hargrave 2023-11-17 20:08:40 
AF 580 137.2  54.1 081.6  58.0 3.07E-06 001.9 114.9  66.4 0.008117 0.006276 0.003044 hargrave 2023-11-17 20:10:01 
AF 600 146.5  52.1 090.1  62.2 1.92E-06 002.5 112.7  60.5 0.006238 0.005170 0.002203 hargrave 2023-11-17 20:11:21 
AF 650 124.7  47.0 084.8  47.5 2.91E-06 002.3 090.1  72.7 0.008082 0.008665 0.001037 hargrave 2023-11-17 20:12:42 
AF 700 142.5  57.4 077.8  62.0 1.89E-06 002.9 123.1  63.6 0.006820 0.005843 0.003186 hargrave 2023-11-17 20:14:02 
AF 750 096.6  66.4 049.0  46.1 3.19E-06 002.4 183.2  73.6 0.010227 0.007987 0.003851 hargrave 2023-11-17 20:15:24 
AF 800 173.4  57.0 085.6  78.3 1.57E-06 002.9 129.2  47.4 0.005198 0.002302 0.006077 hargrave 2023-11-17 20:16:45 
AF 850 169.8  28.6 150.7  58.4 2.49E-06 001.9 096.1  33.4 0.005637 0.007997 0.004101 hargrave 2023-11-17 20:18:06 
AF 900 226.9  25.9 247.0  52.2 1.78E-06 002.6 134.9 -01.3 0.007158 0.003873 0.005393 hargrave 2023-11-17 20:19:27 
AF 950 215.2  51.9 279.0  77.1 2.07E-06 002.4 142.3  25.3 0.007070 0.004846 0.004530 hargrave 2023-11-17 20:20:48 
AF1000 210.8  52.6 277.3  79.8 2.16E-06 002.1 140.6  27.5 0.008044 0.002954 0.001875 hargrave 2023-11-17 20:22:10 
