MF10- 4a mag compass orientation (IGRF corrected)
    0.9 199.1  42.0 284.0  35.0   1.0
NRM    346.0  57.7 357.9  25.0 2.88E-05 001.3 209.7  25.7 0.042296 0.047767 0.022502 hargrave 2023-11-17 20:23:39 
AF  10 345.5  57.3 357.5  24.6 2.70E-05 001.7 209.8  25.1 0.094036 0.031579 0.020037 hargrave 2023-11-17 20:25:00 
AF  20 344.0  57.8 356.8  25.3 2.60E-05 001.8 208.8  25.0 0.092161 0.034592 0.021693 hargrave 2023-11-17 20:26:20 
AF  30 345.5  58.0 357.7  25.3 2.49E-05 002.1 209.3  25.7 0.083870 0.046596 0.021070 hargrave 2023-11-17 20:27:42 
AF  40 346.3  58.6 358.4  25.8 2.30E-05 002.1 209.2  26.5 0.081802 0.050262 0.020188 hargrave 2023-11-17 20:29:02 
AF  50 342.9  58.4 356.4  26.1 2.16E-05 002.2 207.9  25.2 0.078136 0.048824 0.021030 hargrave 2023-11-17 20:30:23 
AF  60 342.5  58.0 356.1  25.8 2.05E-05 002.2 208.0  24.8 0.075589 0.047658 0.019844 hargrave 2023-11-17 20:31:43 
AF  70 341.4  57.4 355.3  25.4 1.96E-05 002.2 207.8  23.9 0.071022 0.044234 0.016729 hargrave 2023-11-17 20:33:03 
AF  80 340.6  58.9 355.4  27.0 1.76E-05 002.2 206.5  24.9 0.065986 0.042490 0.016763 hargrave 2023-11-17 20:34:24 
AF  90 344.5  58.6 357.4  26.1 1.66E-05 002.2 208.5  25.9 0.062167 0.038158 0.014677 hargrave 2023-11-17 20:35:44 
AF 100 351.3  56.1 000.5  22.7 1.66E-05 002.2 213.4  26.3 0.060900 0.038059 0.012895 hargrave 2023-11-17 20:37:04 
AF 110 334.9  63.7 354.6  32.5 1.65E-05 002.1 201.0  27.3 0.062257 0.038981 0.015477 hargrave 2023-11-17 20:38:24 
AF 120 325.5  58.7 347.2  30.1 1.57E-05 002.0 199.3  20.8 0.058348 0.036100 0.014104 hargrave 2023-11-17 20:39:44 
AF 130 320.5  57.2 343.7  30.2 1.50E-05 001.9 197.3  18.4 0.054603 0.031539 0.012614 hargrave 2023-11-17 20:41:05 
AF 140 321.2  47.4 338.6  21.6 1.45E-05 002.0 201.4  09.4 0.054651 0.030974 0.010641 hargrave 2023-11-17 20:42:25 
AF 150 332.1  50.0 346.7  20.6 1.30E-05 002.2 207.0  14.7 0.051470 0.029847 0.010014 hargrave 2023-11-17 20:43:46 
AF 160 322.5  45.6 338.5  19.6 1.36E-05 002.0 202.9  08.1 0.052614 0.028650 0.007603 hargrave 2023-11-17 20:45:06 
AF 170 331.3  53.8 347.9  24.3 1.29E-05 002.1 204.7  17.9 0.049683 0.028076 0.010118 hargrave 2023-11-17 20:46:26 
AF 180 326.7  62.4 350.0  33.1 1.41E-05 001.9 198.0  24.4 0.051205 0.029461 0.014598 hargrave 2023-11-17 20:47:46 
AF 190 313.5  53.2 337.3  29.1 1.32E-05 001.7 194.7  13.3 0.048684 0.025372 0.008483 hargrave 2023-11-17 20:49:07 
AF 200 314.4  59.4 342.1  33.8 1.52E-05 001.6 193.3  19.3 0.052981 0.025919 0.013377 hargrave 2023-11-17 20:50:27 
AF 220 330.6  65.7 353.8  35.1 1.29E-05 001.9 198.0  28.1 0.048952 0.026811 0.013883 hargrave 2023-11-17 20:51:47 
AF 240 343.1  62.3 358.0  29.7 1.15E-05 002.1 205.3  28.3 0.042987 0.024464 0.011878 hargrave 2023-11-17 20:53:07 
AF 260 277.7  76.8 351.2  54.3 1.07E-05 001.4 176.8  35.0 0.035537 0.015665 0.012038 hargrave 2023-11-17 20:54:27 
AF 280 314.1  73.1 353.4  44.4 1.13E-05 001.7 188.4  32.3 0.042067 0.019507 0.014677 hargrave 2023-11-17 20:55:48 
AF 300 332.0  65.5 354.3  34.6 7.18E-06 002.4 198.7  28.2 0.032826 0.013622 0.015280 hargrave 2023-11-17 20:57:08 
AF 320 326.9  54.4 345.7  26.0 9.08E-06 002.3 202.0  17.2 0.042261 0.021161 0.012165 hargrave 2023-11-17 20:58:28 
AF 340 353.5  40.6 358.5  07.2 9.15E-06 002.6 225.3  15.3 0.038424 0.021293 0.012963 hargrave 2023-11-17 20:59:49 
AF 360 350.2  46.4 357.4  13.4 1.10E-05 002.5 219.5  18.3 0.046945 0.026218 0.011485 hargrave 2023-11-17 21:01:09 
AF 380 339.5  57.9 354.4  26.3 8.02E-06 002.6 206.6  23.8 0.038250 0.021699 0.013370 hargrave 2023-11-17 21:02:29 
AF 400 330.6  44.9 343.5  16.4 7.67E-06 002.7 208.5  09.7 0.039131 0.022600 0.006435 hargrave 2023-11-17 21:03:49 
AF 420 304.5  58.7 336.7  36.6 8.18E-06 001.9 188.3  17.4 0.042175 0.020205 0.005764 hargrave 2023-11-17 21:05:10 
AF 440 321.9  69.2 352.6  39.9 7.45E-06 002.3 192.8  29.7 0.037189 0.019246 0.010279 hargrave 2023-11-17 21:06:30 
AF 460 302.4  84.7 005.6  53.0 1.16E-05 002.3 181.7  42.8 0.052100 0.027580 0.023845 hargrave 2023-11-17 21:07:51 
AF 480 291.3  80.3 358.1  52.7 9.11E-06 001.9 180.5  38.4 0.041137 0.019725 0.017366 hargrave 2023-11-17 21:09:12 
AF 500 276.4  75.7 349.1  54.3 6.24E-06 002.2 176.2  34.0 0.031697 0.014322 0.021520 hargrave 2023-11-17 21:10:32 
AF 520 199.1  74.3 009.9  70.6 7.13E-06 001.8 157.1  45.7 0.028545 0.011498 0.019124 hargrave 2023-11-17 21:11:53 
AF 540 267.8  14.2 279.1  20.9 5.84E-06 002.2 157.2 -25.0 0.025641 0.010275 0.012666 hargrave 2023-11-17 21:13:13 
AF 560 202.8  67.1 358.4  77.2 5.59E-06 002.1 148.5  41.9 0.025928 0.011725 0.013620 hargrave 2023-11-17 21:14:33 
AF 580 286.8  58.4 328.3  43.1 6.77E-06 001.8 178.7  16.4 0.037774 0.015178 0.017851 hargrave 2023-11-17 21:15:54 
AF 600 082.0  81.9 026.1  51.3 1.12E-05 002.2 186.4  55.1 0.044936 0.024453 0.022406 hargrave 2023-11-17 21:17:14 
AF 650 030.7  40.0 026.8  06.1 3.37E-06 004.3 247.2  35.5 0.021128 0.024718 0.007154 hargrave 2023-11-17 21:18:34 
AF 700 046.5  78.1 023.0  44.5 9.40E-06 002.3 197.5  52.3 0.037232 0.021399 0.017570 hargrave 2023-11-17 21:19:55 
AF 750 085.0  65.6 045.7  42.0 4.22E-06 003.4 207.1  68.3 0.022922 0.016394 0.011930 hargrave 2023-11-17 21:21:16 
AF 800 019.4  12.9 019.6 -21.9 2.77E-06 002.9 261.5  09.7 0.010579 0.013296 0.008617 hargrave 2023-11-17 21:22:37 
AF 850 103.9 -61.4 150.3 -46.0 2.90E-06 002.2 357.3 -19.4 0.011987 0.006698 0.007544 hargrave 2023-11-17 21:23:58 
AF 900 083.2  34.4 067.8  17.1 7.40E-06 001.2 295.8  66.4 0.007351 0.017108 0.019300 hargrave 2023-11-17 21:25:19 
AF 950 089.3 -32.3 113.1 -34.1 8.66E-06 001.0 343.2  07.7 0.025617 0.008918 0.012888 hargrave 2023-11-17 21:26:40 
AF1000 073.0 -04.0 080.0 -20.6 7.24E-06 001.5 317.7  29.2 0.012099 0.019268 0.005920 hargrave 2023-11-17 21:28:01 
