MF10- 2a sun compass orientation
    0.3 189.3  56.0 284.0  35.0   1.0
NRM    025.8  57.7 020.8  23.1 2.87E-05 001.9 219.7  36.8 0.091356 0.033088 0.015098 hargrave 2023-11-17 17:16:58 
AF  10 023.6  57.3 019.6  22.6 2.74E-05 002.1 220.0  35.5 0.086800 0.074080 0.014520 hargrave 2023-11-17 17:18:22 
AF  20 023.4  57.0 019.5  22.2 2.57E-05 001.9 220.4  35.4 0.082116 0.041908 0.013636 hargrave 2023-11-17 17:19:43 
AF  30 022.3  56.2 018.9  21.4 2.45E-05 002.0 221.2  34.6 0.080967 0.048576 0.012755 hargrave 2023-11-17 17:21:11 
AF  40 022.6  55.7 019.2  20.9 2.27E-05 002.0 221.9  34.7 0.074788 0.039254 0.012140 hargrave 2023-11-17 17:22:32 
AF  50 020.0  54.9 017.7  20.0 2.12E-05 002.0 222.4  33.1 0.071245 0.037543 0.011544 hargrave 2023-11-17 17:23:53 
AF  60 019.4  53.7 017.4  18.8 2.00E-05 002.1 223.7  32.5 0.068340 0.036498 0.011437 hargrave 2023-11-17 17:25:14 
AF  70 020.2  52.2 018.0  17.3 1.83E-05 002.1 225.6  32.5 0.062781 0.034546 0.011239 hargrave 2023-11-17 17:26:35 
AF  80 019.7  54.1 017.5  19.2 1.71E-05 002.2 223.2  32.7 0.060310 0.033199 0.011233 hargrave 2023-11-17 17:27:55 
AF  90 020.5  53.2 018.1  18.4 1.57E-05 002.3 224.4  33.0 0.056782 0.032093 0.010190 hargrave 2023-11-17 17:29:17 
AF 100 017.5  52.4 016.2  17.5 1.51E-05 002.3 224.8  31.0 0.055131 0.031141 0.010827 hargrave 2023-11-17 17:30:37 
AF 110 018.2  49.8 016.8  14.9 1.34E-05 002.3 227.8  30.7 0.048509 0.029812 0.009200 hargrave 2023-11-17 17:31:59 
AF 120 019.1  55.2 017.1  20.3 1.23E-05 002.4 221.9  32.7 0.045220 0.027052 0.008653 hargrave 2023-11-17 17:33:20 
AF 130 020.6  49.4 018.4  14.5 1.16E-05 002.4 228.8  32.0 0.042983 0.025473 0.009303 hargrave 2023-11-17 17:34:42 
AF 140 018.2  49.7 016.8  14.7 1.13E-05 002.5 228.0  30.6 0.042615 0.027165 0.008658 hargrave 2023-11-17 17:36:03 
AF 150 023.2  50.5 020.0  15.7 1.01E-05 002.5 228.1  33.9 0.037451 0.024137 0.008622 hargrave 2023-11-17 17:37:24 
AF 160 023.1  48.7 020.2  14.0 9.98E-06 002.5 230.2  33.4 0.038449 0.023948 0.008712 hargrave 2023-11-17 17:38:45 
AF 170 019.0  45.8 017.6  10.9 9.28E-06 002.5 232.4  29.9 0.035597 0.022929 0.008175 hargrave 2023-11-17 17:40:06 
AF 180 024.6  52.0 020.8  17.3 8.75E-06 002.6 226.6  35.1 0.033766 0.021031 0.007811 hargrave 2023-11-17 17:41:27 
AF 190 019.6  48.3 017.8  13.4 8.73E-06 002.6 229.9  31.1 0.033904 0.021953 0.008367 hargrave 2023-11-17 17:42:48 
AF 200 022.9  50.3 019.9  15.6 8.96E-06 002.5 228.2  33.7 0.034411 0.021090 0.007337 hargrave 2023-11-17 17:44:09 
AF 220 028.8  50.3 023.8  16.1 7.21E-06 002.6 229.2  37.4 0.026950 0.018695 0.008129 hargrave 2023-11-17 17:45:30 
AF 240 035.6  46.5 029.1  13.2 6.01E-06 002.5 235.0  41.2 0.020379 0.015538 0.006341 hargrave 2023-11-17 17:46:51 
AF 260 038.6  45.5 031.4  12.7 6.28E-06 002.4 236.8  43.1 0.020372 0.015713 0.005980 hargrave 2023-11-17 17:48:12 
AF 280 056.1  40.2 045.5  11.7 5.20E-06 002.2 246.8  55.3 0.012116 0.016434 0.005004 hargrave 2023-11-17 17:49:37 
AF 300 037.9  48.0 030.3  14.9 5.26E-06 002.4 233.4  42.9 0.018021 0.013790 0.003813 hargrave 2023-11-17 17:50:57 
AF 320 041.8  53.2 031.4  20.6 4.39E-06 002.4 226.3  45.6 0.014228 0.010573 0.005745 hargrave 2023-11-17 17:52:19 
AF 340 058.1  44.8 045.0  16.6 4.63E-06 002.1 238.5  56.8 0.012910 0.010563 0.004309 hargrave 2023-11-17 17:53:41 
AF 360 058.0  54.0 040.7  24.9 3.27E-06 002.3 222.4  54.9 0.010429 0.007194 0.004022 hargrave 2023-11-17 17:55:01 
AF 380 354.3  75.0 007.4  40.6 3.59E-06 002.4 196.7  29.0 0.017263 0.007109 0.004032 hargrave 2023-11-17 17:56:23 
AF 400 051.3  61.6 033.5  30.3 3.18E-06 002.6 212.6  49.1 0.011506 0.007202 0.006138 hargrave 2023-11-17 17:57:43 
AF 420 100.7  56.1 062.0  41.4 3.44E-06 001.8 177.9  67.9 0.008490 0.006043 0.005140 hargrave 2023-11-17 17:59:04 
AF 440 083.0  55.0 054.0  33.6 4.60E-06 001.8 203.5  66.2 0.012689 0.006855 0.004338 hargrave 2023-11-17 18:00:25 
AF 460 097.3  39.4 074.3  28.0 5.11E-06 001.3 195.5  84.4 0.008569 0.007655 0.004508 hargrave 2023-11-17 18:01:46 
AF 480 105.8  54.9 065.7  42.9 4.11E-06 001.4 169.7  68.6 0.009326 0.004312 0.004530 hargrave 2023-11-17 18:03:07 
AF 500 101.4  47.2 070.7  35.7 2.24E-06 002.2 173.7  76.7 0.006725 0.005264 0.003798 hargrave 2023-11-17 18:04:28 
AF 520 103.6  45.2 073.7  35.4 3.20E-06 001.2 164.8  78.3 0.005819 0.003927 0.003871 hargrave 2023-11-17 18:05:49 
AF 540 135.9  60.4 069.7  59.5 3.08E-06 002.0 149.5  54.6 0.009459 0.003727 0.005476 hargrave 2023-11-17 18:07:10 
AF 560 122.6  63.6 060.6  54.6 1.87E-06 001.8 161.1  57.1 0.005721 0.002488 0.001655 hargrave 2023-11-17 18:08:30 
AF 580 071.8  20.8 066.3  00.3 2.15E-06 002.8 291.4  62.4 0.007144 0.007446 0.003388 hargrave 2023-11-17 18:09:51 
AF 600 133.9  37.6 101.7  46.6 1.88E-06 002.9 107.5  61.9 0.007396 0.006643 0.001173 hargrave 2023-11-17 18:11:12 
AF 650 080.4  38.3 063.6  19.1 4.08E-06 001.7 249.0  74.2 0.009229 0.007820 0.002047 hargrave 2023-11-17 18:12:34 
AF 700 139.9  34.3 110.3  47.7 3.28E-06 001.3 102.2  56.6 0.004684 0.007104 0.003786 hargrave 2023-11-17 18:13:55 
AF 750 129.3  44.7 090.4  48.7 3.39E-06 001.6 124.0  64.6 0.007438 0.005244 0.003245 hargrave 2023-11-17 18:15:16 
AF 800 089.6  48.9 062.3  31.5 3.17E-06 002.3 203.0  73.4 0.010431 0.007687 0.000601 hargrave 2023-11-17 18:16:36 
AF 850 109.1  28.7 090.3  26.0 4.31E-06 001.2 060.2  80.1 0.005786 0.006783 0.002869 hargrave 2023-11-17 18:17:58 
AF 900 089.1  39.8 068.5  24.3 3.86E-06 001.3 231.7  80.0 0.005298 0.006647 0.004073 hargrave 2023-11-17 18:19:22 
AF 950 145.7  10.6 134.4  31.7 3.12E-06 002.5 072.4  41.6 0.009482 0.012105 0.002635 hargrave 2023-11-17 18:20:43 
AF1000 133.7  27.2 111.3  38.9 2.76E-06 001.5 086.4  59.7 0.005086 0.007525 0.004555 hargrave 2023-11-17 18:22:05 
