MF10- 1a sun compass orientation
      0 185.1  55.0 284.0  35.0   1.0
NRM    217.1  05.3 223.2  37.0 1.30E-05 001.1 114.1 -22.2 0.014199 0.023662 0.005721 hargrave 2023-11-17 16:10:33 
AF  10 218.6  05.0 224.9  36.2 1.19E-05 001.1 114.9 -23.7 0.013693 0.023820 0.004360 hargrave 2023-11-17 16:11:55 
AF  20 220.6  03.9 226.9  34.6 1.05E-05 001.2 115.5 -25.8 0.012581 0.021827 0.004028 hargrave 2023-11-17 16:13:16 
AF  30 221.9  02.4 227.8  32.7 9.52E-06 001.2 115.3 -27.8 0.011185 0.019430 0.003858 hargrave 2023-11-17 16:14:37 
AF  40 222.9  02.0 228.8  32.0 8.40E-06 001.2 115.7 -28.8 0.009874 0.017464 0.003861 hargrave 2023-11-17 16:15:58 
AF  50 223.8  00.2 229.0  30.0 7.49E-06 001.2 114.8 -30.7 0.008731 0.015906 0.003053 hargrave 2023-11-17 16:17:18 
AF  60 222.7  03.0 228.9  33.0 7.13E-06 001.2 116.3 -28.0 0.009042 0.015421 0.002804 hargrave 2023-11-17 16:18:39 
AF  70 222.1  03.1 228.3  33.3 6.32E-06 001.3 116.0 -27.5 0.008160 0.014209 0.003085 hargrave 2023-11-17 16:19:59 
AF  80 218.9  02.2 224.2  33.4 5.86E-06 001.3 112.8 -25.7 0.004710 0.018758 0.002112 hargrave 2023-11-17 16:21:25 
AF  90 216.2 -01.8 219.9  30.3 5.20E-06 001.1 107.5 -26.2 0.004394 0.012572 0.001962 hargrave 2023-11-17 16:22:46 
AF 100 210.5 -00.7 213.7  32.7 4.71E-06 000.9 104.6 -21.0 0.003239 0.012432 0.001126 hargrave 2023-11-17 16:24:06 
AF 110 209.0 -03.3 211.4  30.4 4.53E-06 000.9 101.4 -21.4 0.003370 0.012320 0.000520 hargrave 2023-11-17 16:25:27 
AF 120 207.9  01.9 211.2  35.8 4.38E-06 001.0 105.2 -17.3 0.003610 0.011982 0.000778 hargrave 2023-11-17 16:26:47 
AF 130 207.9  02.2 211.3  36.0 4.02E-06 000.9 105.4 -17.2 0.002841 0.011095 0.001142 hargrave 2023-11-17 16:28:08 
AF 140 206.7  02.8 209.8  36.8 4.27E-06 000.9 105.1 -15.8 0.002842 0.011580 0.002164 hargrave 2023-11-17 16:29:29 
AF 150 210.1 -02.9 212.8  30.6 3.84E-06 001.0 102.5 -22.0 0.002510 0.011556 0.001517 hargrave 2023-11-17 16:30:50 
AF 160 203.7 -03.9 205.3  30.6 3.77E-06 000.8 097.7 -17.5 0.003068 0.010847 0.000897 hargrave 2023-11-17 16:32:10 
AF 170 198.5 -04.6 199.2  30.3 3.62E-06 000.7 093.9 -13.6 0.003393 0.011194 0.000825 hargrave 2023-11-17 16:33:31 
AF 180 199.3 -04.2 200.1  30.6 3.40E-06 000.8 094.7 -14.0 0.002805 0.012941 0.001031 hargrave 2023-11-17 16:34:56 
AF 190 194.6 -12.7 194.7  22.3 2.88E-06 001.1 084.8 -15.0 0.004544 0.010268 0.000055 hargrave 2023-11-17 16:36:17 
AF 200 205.7  08.1 209.7  42.2 2.51E-06 001.2 108.8 -11.8 0.002480 0.008410 0.000800 hargrave 2023-11-17 16:37:38 
AF 220 195.8  02.7 196.2  37.7 2.18E-06 000.6 098.4 -07.1 0.001267 0.007013 0.000327 hargrave 2023-11-17 16:38:58 
AF 240 179.6 -13.3 179.0  20.6 2.35E-06 001.7 076.0 -03.2 0.005135 0.009109 0.001301 hargrave 2023-11-17 16:40:19 
AF 260 179.4 -12.3 178.6  21.6 2.46E-06 001.7 076.6 -02.4 0.006033 0.008635 0.001123 hargrave 2023-11-17 16:41:40 
AF 280 170.2 -04.0 166.9  27.8 2.59E-06 001.7 078.0  09.8 0.006127 0.009132 0.002305 hargrave 2023-11-17 16:43:01 
AF 300 168.9  08.1 161.2  39.1 2.02E-06 001.0 087.4  17.9 0.001980 0.007393 0.001714 hargrave 2023-11-17 16:44:22 
AF 320 178.1 -04.0 175.7  29.5 1.51E-06 001.1 082.7  03.4 0.001843 0.005691 0.001731 hargrave 2023-11-17 16:45:43 
AF 340 179.7  17.4 172.1  50.8 1.32E-06 001.6 101.5  14.2 0.001296 0.005423 0.002041 hargrave 2023-11-17 16:47:05 
AF 360 174.4 -02.8 171.3  30.0 1.53E-06 001.8 081.5  07.1 0.003888 0.006075 0.001241 hargrave 2023-11-17 16:48:26 
AF 380 172.2 -07.6 170.0  24.8 2.09E-06 002.2 076.3  06.1 0.005799 0.008475 0.002624 hargrave 2023-11-17 16:49:47 
AF 400 164.5  26.6 144.9  54.4 1.24E-06 001.5 102.5  30.9 0.001851 0.003759 0.000748 hargrave 2023-11-17 16:51:07 
AF 420 225.5 -34.4 219.6 -03.4 5.89E-07 003.1 076.1 -49.7 0.001884 0.003417 0.000791 hargrave 2023-11-17 16:52:28 
AF 440 162.8  24.2 144.5  51.5 1.44E-06 001.7 099.2  31.2 0.001855 0.005231 0.001968 hargrave 2023-11-17 16:53:49 
AF 460 162.8  34.0 135.2  59.9 2.05E-06 001.1 109.9  35.3 0.002106 0.004931 0.000452 hargrave 2023-11-17 16:55:09 
AF 480 108.9  19.9 096.1  18.9 1.36E-06 001.5 042.4  70.6 0.002052 0.002689 0.001992 hargrave 2023-11-17 16:56:30 
AF 500 266.0  11.2 275.7  19.4 1.47E-06 001.7 167.8 -43.0 0.005420 0.001693 0.001575 hargrave 2023-11-17 16:57:51 
AF 520 123.8  33.9 097.5  38.2 1.05E-06 001.4 095.6  66.3 0.001049 0.002372 0.002152 hargrave 2023-11-17 16:59:12 
AF 540 156.2  53.5 092.3  68.2 1.10E-06 001.8 133.5  44.1 0.003000 0.001821 0.001325 hargrave 2023-11-17 17:00:33 
AF 560 259.0  59.4 318.5  55.9 1.93E-07 005.8 171.9  05.3 0.001001 0.001693 0.001015 hargrave 2023-11-17 17:01:58 
AF 580 185.8  63.6 036.6  80.5 2.06E-06 001.8 148.9  30.6 0.006659 0.003098 0.001677 hargrave 2023-11-17 17:03:20 
AF 600 084.1  21.9 075.6  07.2 7.89E-07 002.4 320.8  73.8 0.002486 0.002085 0.001686 hargrave 2023-11-17 17:04:44 
AF 650 127.2  22.5 109.3  31.5 2.37E-06 001.5 074.6  59.3 0.003408 0.005504 0.002976 hargrave 2023-11-17 17:06:05 
AF 700 106.2  08.2 101.1  08.0 2.03E-06 002.0 023.5  61.3 0.005458 0.004273 0.003117 hargrave 2023-11-17 17:07:25 
AF 750 302.8 -47.0 263.7 -46.5 1.04E-06 001.3 308.5 -66.1 0.001917 0.001248 0.001673 hargrave 2023-11-17 17:08:46 
AF 800 102.0 -00.7 102.7 -01.7 2.61E-06 002.4 011.7  53.8 0.008919 0.006946 0.005499 hargrave 2023-11-17 17:10:07 
AF 850 088.3  16.8 081.7  05.0 2.32E-06 001.4 339.7  70.8 0.004236 0.003565 0.005131 hargrave 2023-11-17 17:11:28 
AF 900 263.5 -65.4 225.3 -41.4 3.71E-07 004.2 009.3 -58.8 0.001604 0.002080 0.001539 hargrave 2023-11-17 17:12:50 
AF 950 078.0  52.9 052.8  30.1 1.16E-06 001.9 208.7  68.4 0.003613 0.001714 0.001112 hargrave 2023-11-17 17:14:12 
AF1000 090.9  35.6 072.5  21.8 1.33E-06 001.4 258.4  86.5 0.001372 0.002895 0.002304 hargrave 2023-11-17 17:15:34 
