MF11- 1a sun compass orientation
      0 195.1  57.0 282.0  57.0   1.0
NRM    014.7  64.6 013.2  07.6 1.53E-05 002.1 209.5  29.3 0.057299 0.028192 0.006920 hargrave 2023-11-17 21:29:27 
AF  10 014.7  64.1 013.2  07.1 1.50E-05 001.9 210.1  29.2 0.059016 0.022209 0.006963 hargrave 2023-11-17 21:30:51 
AF  20 014.8  64.1 013.3  07.1 1.47E-05 002.1 210.0  29.2 0.054050 0.026003 0.006802 hargrave 2023-11-17 21:32:12 
AF  30 013.7  63.8 012.7  06.8 1.43E-05 002.1 210.2  28.6 0.053089 0.026037 0.006775 hargrave 2023-11-17 21:33:33 
AF  40 012.5  63.1 012.2  06.1 1.39E-05 002.1 210.7  27.9 0.051823 0.025416 0.006352 hargrave 2023-11-17 21:34:53 
AF  50 011.5  63.4 011.8  06.4 1.35E-05 002.1 210.3  27.6 0.051065 0.024984 0.005961 hargrave 2023-11-17 21:36:14 
AF  60 010.5  63.2 011.3  06.2 1.31E-05 002.1 210.3  27.1 0.049957 0.024550 0.005736 hargrave 2023-11-17 21:37:34 
AF  70 009.6  63.7 010.9  06.8 1.27E-05 002.1 209.6  26.9 0.048656 0.023782 0.005493 hargrave 2023-11-17 21:38:55 
AF  80 009.9  63.9 011.1  06.9 1.22E-05 002.2 209.5  27.1 0.046713 0.024502 0.004993 hargrave 2023-11-17 21:40:16 
AF  90 008.3  63.7 010.4  06.8 1.18E-05 002.2 209.4  26.4 0.046121 0.022635 0.004918 hargrave 2023-11-17 21:41:36 
AF 100 010.6  64.1 011.4  07.1 1.13E-05 002.2 209.4  27.5 0.044302 0.023123 0.004151 hargrave 2023-11-17 21:42:57 
AF 110 011.1  62.8 011.6  05.8 1.12E-05 002.2 210.8  27.2 0.048778 0.019164 0.004368 hargrave 2023-11-17 21:44:21 
AF 120 013.9  64.0 012.8  07.0 1.08E-05 002.0 210.0  28.8 0.038148 0.018812 0.004656 hargrave 2023-11-17 21:45:43 
AF 130 015.4  64.5 013.5  07.5 1.10E-05 002.2 209.7  29.6 0.042972 0.021412 0.004760 hargrave 2023-11-17 21:47:04 
AF 140 016.1  65.1 013.7  08.2 1.06E-05 002.2 209.0  30.0 0.040302 0.021041 0.004925 hargrave 2023-11-17 21:48:24 
AF 150 014.9  64.7 013.3  07.8 1.05E-05 002.2 209.3  29.4 0.040660 0.019980 0.004971 hargrave 2023-11-17 21:49:45 
AF 160 014.7  66.2 013.1  09.2 9.94E-06 002.2 207.7  29.7 0.038500 0.019879 0.004713 hargrave 2023-11-17 21:51:05 
AF 170 015.0  65.4 013.3  08.4 9.57E-06 002.2 208.7  29.6 0.037934 0.018589 0.004711 hargrave 2023-11-17 21:52:26 
AF 180 015.8  67.7 013.5  10.7 9.36E-06 002.2 206.1  30.5 0.037181 0.018305 0.004261 hargrave 2023-11-17 21:53:46 
AF 190 012.6  65.6 012.2  08.6 9.41E-06 002.2 208.0  28.7 0.037428 0.018669 0.004012 hargrave 2023-11-17 21:55:07 
AF 200 011.8  67.7 011.9  10.7 9.06E-06 002.2 205.7  29.0 0.036486 0.017747 0.003594 hargrave 2023-11-17 21:56:28 
AF 220 013.4  67.2 012.6  10.2 8.69E-06 002.2 206.5  29.5 0.035542 0.016863 0.003468 hargrave 2023-11-17 21:57:48 
AF 240 018.4  68.5 014.4  11.6 8.09E-06 002.2 205.5  31.6 0.032727 0.014911 0.003039 hargrave 2023-11-17 21:59:09 
AF 260 022.6  68.7 015.9  12.0 7.96E-06 002.2 205.4  33.2 0.031925 0.014760 0.003881 hargrave 2023-11-17 22:00:30 
AF 280 016.8  67.9 013.8  11.0 7.33E-06 002.2 206.0  31.0 0.030865 0.014156 0.002281 hargrave 2023-11-17 22:01:51 
AF 300 004.7  70.3 009.5  13.4 6.62E-06 002.2 202.0  27.5 0.029280 0.012288 0.003037 hargrave 2023-11-17 22:03:11 
AF 320 015.1  67.1 013.2  10.2 6.27E-06 002.3 206.7  30.1 0.027051 0.011979 0.002534 hargrave 2023-11-17 22:04:32 
AF 340 005.0  65.2 009.0  08.3 6.05E-06 002.4 207.3  25.6 0.026898 0.012685 0.002739 hargrave 2023-11-17 22:05:52 
AF 360 010.9  66.3 011.5  09.3 5.63E-06 002.4 207.1  28.3 0.024701 0.011353 0.002287 hargrave 2023-11-17 22:07:13 
AF 380 003.0  68.0 008.6  11.2 5.78E-06 002.3 204.0  26.0 0.026098 0.011597 0.002296 hargrave 2023-11-17 22:08:34 
AF 400 353.9  63.0 003.8  07.1 5.30E-06 002.4 206.8  20.3 0.024275 0.011279 0.003227 hargrave 2023-11-17 22:09:54 
AF 420 001.4  63.8 007.3  07.1 4.88E-06 002.5 208.0  23.6 0.022641 0.010648 0.002810 hargrave 2023-11-17 22:11:15 
AF 440 014.5  66.1 013.0  09.1 4.07E-06 002.5 207.8  29.6 0.018622 0.008463 0.002055 hargrave 2023-11-17 22:12:36 
AF 460 003.2  65.6 008.3  08.8 4.24E-06 002.5 206.6  25.1 0.020186 0.009054 0.002748 hargrave 2023-11-17 22:13:56 
AF 480 356.5  60.9 004.5  04.8 4.38E-06 002.6 209.4  20.2 0.021056 0.010205 0.002267 hargrave 2023-11-17 22:15:17 
AF 500 010.8  65.3 011.5  08.3 4.07E-06 002.5 208.2  27.9 0.018870 0.008517 0.002758 hargrave 2023-11-17 22:16:37 
AF 520 012.9  63.5 012.4  06.5 4.09E-06 002.6 210.4  28.2 0.018928 0.008794 0.001719 hargrave 2023-11-17 22:17:58 
AF 540 018.0  68.2 014.3  11.3 3.84E-06 002.4 205.8  31.4 0.017452 0.007286 0.001837 hargrave 2023-11-17 22:19:18 
AF 560 354.0  66.9 004.9  10.9 3.20E-06 002.3 203.3  22.5 0.015547 0.006126 0.001693 hargrave 2023-11-17 22:20:39 
AF 580 359.0  60.5 005.6  04.1 3.50E-06 002.7 210.5  21.1 0.017813 0.007688 0.002156 hargrave 2023-11-17 22:22:03 
AF 600 016.0  59.2 014.0  02.3 3.49E-06 002.6 215.5  28.3 0.015376 0.007977 0.001795 hargrave 2023-11-17 22:23:24 
AF 650 354.6  73.2 006.8  16.9 3.23E-06 002.2 197.5  25.9 0.016463 0.005404 0.001345 hargrave 2023-11-17 22:24:44 
AF 700 355.4  63.9 004.7  07.8 3.26E-06 002.6 206.4  21.4 0.016761 0.007144 0.000660 hargrave 2023-11-17 22:26:05 
AF 750 316.6  69.2 353.9  19.9 2.34E-06 001.7 191.0  14.8 0.011975 0.004091 0.000675 hargrave 2023-11-17 22:27:26 
AF 800 347.1  64.5 001.4  09.5 2.37E-06 002.4 203.6  18.8 0.012065 0.004917 0.000282 hargrave 2023-11-17 22:28:47 
AF 850 018.9  72.6 014.1  15.7 2.59E-06 002.4 200.7  32.4 0.012900 0.004419 0.001051 hargrave 2023-11-17 22:30:11 
AF 900 010.0  67.8 011.2  10.8 2.48E-06 002.5 205.4  28.4 0.012338 0.004672 0.001362 hargrave 2023-11-17 22:31:33 
AF 950 007.6  67.7 010.3  10.8 2.32E-06 002.6 205.1  27.5 0.011373 0.004911 0.001701 hargrave 2023-11-17 22:32:54 
AF1000 321.6  64.5 351.9  15.2 1.72E-06 002.1 195.1  11.6 0.010108 0.003353 0.001396 hargrave 2023-11-17 22:34:15 
