MF11- 5a sun compass orientation
   2.43 176.9  56.0 282.0  57.0   1.0
NRM    345.5  62.5 000.0  07.9 3.25E-05 000.8 209.9  24.9 0.065190 0.004002 0.012834 hargrave 2023-11-18 01:55:20 
AF  10 333.4  59.6 353.4  07.9 2.85E-05 000.9 209.3  18.3 0.071019 0.012455 0.011088 hargrave 2023-11-18 01:56:41 
AF  20 332.5  57.8 352.1  06.7 2.65E-05 001.2 210.5  16.9 0.072862 0.035400 0.011555 hargrave 2023-11-18 01:58:02 
AF  30 334.9  56.5 352.5  04.9 2.56E-05 001.5 212.4  17.2 0.089971 0.038029 0.011469 hargrave 2023-11-18 01:59:24 
AF  40 337.0  54.3 352.4  02.4 2.39E-05 001.6 214.9  16.8 0.087006 0.037643 0.011494 hargrave 2023-11-18 02:00:45 
AF  50 335.8  50.5 349.9 -00.5 2.33E-05 002.0 217.7  14.0 0.081781 0.041778 0.012935 hargrave 2023-11-18 02:02:06 
AF  60 338.0  50.6 351.2 -01.2 2.19E-05 002.4 218.5  15.2 0.076971 0.068850 0.012664 hargrave 2023-11-18 02:03:31 
AF  70 338.3  48.1 350.2 -03.5 2.09E-05 002.2 220.7  13.8 0.076577 0.043235 0.012607 hargrave 2023-11-18 02:04:52 
AF  80 343.7  48.5 353.6 -04.7 2.07E-05 002.2 222.4  17.1 0.073917 0.042518 0.014563 hargrave 2023-11-18 02:06:13 
AF  90 338.6  46.8 349.8 -04.7 1.93E-05 002.4 221.9  13.3 0.070748 0.063484 0.010957 hargrave 2023-11-18 02:07:39 
AF 100 338.3  47.4 349.8 -04.1 1.84E-05 002.3 221.3  13.4 0.069097 0.041582 0.010618 hargrave 2023-11-18 02:09:00 
AF 110 343.1  47.1 352.7 -05.7 1.70E-05 002.4 223.4  16.0 0.063477 0.038187 0.011487 hargrave 2023-11-18 02:10:21 
AF 120 344.7  46.4 353.4 -06.9 1.66E-05 002.3 224.7  16.5 0.061596 0.035718 0.011051 hargrave 2023-11-18 02:11:42 
AF 130 344.9  46.6 353.6 -06.8 1.54E-05 002.4 224.6  16.7 0.058671 0.034471 0.010856 hargrave 2023-11-18 02:13:04 
AF 140 341.0  47.5 351.6 -04.8 1.43E-05 002.5 222.3  15.0 0.058353 0.034662 0.007930 hargrave 2023-11-18 02:14:25 
AF 150 339.1  44.5 349.0 -06.9 1.46E-05 002.5 224.0  12.2 0.057987 0.033367 0.010509 hargrave 2023-11-18 02:15:46 
AF 160 337.3  44.4 347.9 -06.4 1.35E-05 002.6 223.3  11.1 0.055775 0.033257 0.008036 hargrave 2023-11-18 02:17:07 
AF 170 347.3  45.6 354.8 -08.3 1.30E-05 002.5 226.4  17.6 0.051682 0.029925 0.009810 hargrave 2023-11-18 02:18:28 
AF 180 349.0  40.8 354.3 -13.2 1.21E-05 002.5 231.3  16.2 0.045951 0.029033 0.008824 hargrave 2023-11-18 02:19:50 
AF 190 346.2  39.6 351.8 -13.6 9.88E-06 002.7 231.2  13.7 0.042178 0.026397 0.005469 hargrave 2023-11-18 02:21:11 
AF 200 347.8  42.0 353.9 -11.8 1.03E-05 002.6 229.8  16.1 0.042335 0.025472 0.008626 hargrave 2023-11-18 02:22:32 
AF 220 344.3  41.7 351.3 -11.1 9.26E-06 002.8 228.6  13.7 0.040383 0.025201 0.006490 hargrave 2023-11-18 02:23:53 
AF 240 357.0  45.5 001.4 -10.3 7.71E-06 002.7 229.8  23.6 0.030263 0.021796 0.004016 hargrave 2023-11-18 02:25:14 
AF 260 356.7  41.9 000.3 -13.7 7.95E-06 002.7 233.2  21.8 0.031623 0.022313 0.005367 hargrave 2023-11-18 02:26:35 
AF 280 344.8  36.5 349.6 -16.0 6.25E-06 002.9 233.2  11.2 0.026714 0.019036 0.004505 hargrave 2023-11-18 02:27:56 
AF 300 338.1  23.2 337.5 -25.2 6.15E-06 002.8 240.5 -01.5 0.024293 0.019138 0.005417 hargrave 2023-11-18 02:29:17 
AF 320 334.5  43.6 345.7 -06.1 5.47E-06 003.2 222.7  09.1 0.024098 0.018966 0.004627 hargrave 2023-11-18 02:30:39 
AF 340 329.7  35.0 337.8 -11.3 6.21E-06 003.0 226.8  00.6 0.026548 0.020043 0.003158 hargrave 2023-11-18 02:32:00 
AF 360 330.2  23.0 330.9 -21.3 5.75E-06 003.0 236.0 -07.1 0.023853 0.018482 0.005226 hargrave 2023-11-18 02:33:21 
AF 380 325.3  17.4 323.1 -22.7 5.48E-06 002.9 237.0 -14.4 0.022373 0.016884 0.004540 hargrave 2023-11-18 02:34:42 
AF 400 318.6  42.2 335.5 -00.3 4.99E-06 003.3 215.6 -00.3 0.023939 0.018111 0.003518 hargrave 2023-11-18 02:36:04 
AF 420 330.7  28.8 334.8 -16.9 5.08E-06 003.2 232.0 -02.9 0.022812 0.017573 0.003776 hargrave 2023-11-18 02:37:25 
AF 440 331.3  32.0 337.1 -14.5 4.42E-06 003.3 229.9 -00.4 0.020462 0.015812 0.003950 hargrave 2023-11-18 02:38:46 
AF 460 337.5  29.0 340.2 -19.9 3.55E-06 003.1 235.7  01.7 0.013501 0.014917 0.003905 hargrave 2023-11-18 02:40:08 
AF 480 301.1  14.3 304.5 -07.5 4.07E-06 002.9 219.8 -31.8 0.016697 0.012322 0.004254 hargrave 2023-11-18 02:41:29 
AF 500 328.8  18.1 326.4 -24.3 4.03E-06 002.9 238.8 -11.4 0.015244 0.018064 0.002792 hargrave 2023-11-18 02:42:53 
AF 520 320.7 -01.9 303.8 -32.8 3.14E-06 002.1 249.4 -30.6 0.008171 0.010753 0.003378 hargrave 2023-11-18 02:44:15 
AF 540 320.1  43.1 336.9 -00.3 3.90E-06 003.3 215.8  01.1 0.018883 0.013985 0.002532 hargrave 2023-11-18 02:45:36 
AF 560 352.5  05.6 342.7 -47.2 4.12E-06 001.8 262.9 -00.5 0.011300 0.010596 0.004425 hargrave 2023-11-18 02:46:58 
AF 580 352.9 -11.3 328.6 -62.1 3.04E-06 000.9 277.2 -09.6 0.003690 0.010626 0.003050 hargrave 2023-11-18 02:48:19 
AF 600 314.3 -13.2 288.4 -34.1 1.21E-06 001.6 256.0 -42.4 0.002829 0.003969 0.001210 hargrave 2023-11-18 02:49:41 
AF 650 302.4  16.2 306.8 -07.3 3.91E-06 002.9 219.8 -29.5 0.016518 0.011631 0.003539 hargrave 2023-11-18 02:51:02 
AF 700 297.9 -16.0 276.6 -21.8 3.15E-06 001.5 244.9 -56.8 0.004980 0.007399 0.002366 hargrave 2023-11-18 02:52:23 
AF 750 316.1 -32.0 267.2 -43.5 2.28E-06 000.9 281.4 -49.1 0.000833 0.006026 0.001734 hargrave 2023-11-18 02:53:44 
AF 800 342.5 -27.3 286.7 -64.0 3.15E-06 001.0 286.6 -26.1 0.002424 0.008908 0.001893 hargrave 2023-11-18 02:55:06 
AF 850 004.4 -47.7 211.0 -74.2 3.70E-06 001.7 314.8 -19.9 0.010405 0.006997 0.001454 hargrave 2023-11-18 02:56:27 
AF 900 142.6 -73.0 178.3 -21.2 3.44E-06 002.5 015.2 -23.5 0.017700 0.008575 0.003001 hargrave 2023-11-18 02:57:49 
AF 950 057.4 -14.3 088.6 -44.8 7.24E-07 003.5 324.8  34.1 0.003973 0.002111 0.002208 hargrave 2023-11-18 02:59:11 
AF1000 105.6 -35.8 134.6 -16.0 2.46E-06 002.3 015.8  18.1 0.011925 0.005996 0.002938 hargrave 2023-11-18 03:00:34 
