MF11- 4a sun compass orientation
   2.37 173.3  62.0 282.0  57.0   1.0
NRM    324.6  48.1 342.6  01.5 2.62E-05 001.6 216.0  03.8 0.095285 0.034566 0.014163 hargrave 2023-11-18 00:48:55 
AF  10 322.3  47.5 341.0  02.0 2.47E-05 001.4 215.5  02.2 0.089879 0.031088 0.012084 hargrave 2023-11-18 00:50:17 
AF  20 317.5  46.8 338.1  03.7 2.31E-05 001.8 213.7 -00.6 0.076353 0.038870 0.010466 hargrave 2023-11-18 00:51:37 
AF  30 315.8  46.3 336.8  04.1 2.27E-05 002.0 213.2 -01.9 0.084578 0.042344 0.009606 hargrave 2023-11-18 00:52:58 
AF  40 312.9  45.7 335.0  05.1 2.21E-05 002.1 212.2 -03.6 0.083116 0.046420 0.010356 hargrave 2023-11-18 00:54:18 
AF  50 312.3  45.3 334.4  05.2 2.13E-05 002.1 212.1 -04.2 0.081018 0.045342 0.009974 hargrave 2023-11-18 00:55:39 
AF  60 310.0  44.8 333.0  06.0 2.05E-05 002.2 211.3 -05.7 0.079088 0.044789 0.009815 hargrave 2023-11-18 00:56:59 
AF  70 309.4  45.8 333.4  07.0 2.01E-05 002.2 210.3 -05.2 0.076918 0.045225 0.008329 hargrave 2023-11-18 00:58:20 
AF  80 306.4  45.5 331.8  08.4 1.88E-05 002.2 208.8 -06.7 0.073104 0.043499 0.007127 hargrave 2023-11-18 00:59:41 
AF  90 303.3  43.1 328.6  08.6 1.86E-05 002.2 208.5 -09.9 0.073316 0.042210 0.008004 hargrave 2023-11-18 01:01:01 
AF 100 302.5  42.6 327.8  08.8 1.80E-05 002.2 208.2 -10.7 0.071354 0.041474 0.008621 hargrave 2023-11-18 01:02:22 
AF 110 300.1  43.6 327.5  10.7 1.70E-05 002.3 206.3 -10.9 0.068056 0.040930 0.006637 hargrave 2023-11-18 01:03:43 
AF 120 301.7  41.8 326.8  08.8 1.69E-05 002.3 208.2 -11.7 0.068996 0.040959 0.006237 hargrave 2023-11-18 01:05:03 
AF 130 297.8  43.1 326.2  11.9 1.61E-05 002.3 205.0 -12.1 0.065098 0.039518 0.006217 hargrave 2023-11-18 01:06:24 
AF 140 297.9  40.3 323.8  10.2 1.56E-05 002.3 206.6 -14.6 0.064428 0.038580 0.005689 hargrave 2023-11-18 01:07:45 
AF 150 294.2  40.6 322.5  12.7 1.54E-05 002.2 203.9 -15.7 0.061135 0.036848 0.007599 hargrave 2023-11-18 01:09:05 
AF 160 294.4  40.8 322.7  12.7 1.49E-05 002.3 203.9 -15.4 0.060212 0.036274 0.006558 hargrave 2023-11-18 01:10:26 
AF 170 290.4  40.1 320.5  14.9 1.47E-05 002.2 201.4 -17.4 0.058572 0.035886 0.005519 hargrave 2023-11-18 01:11:47 
AF 180 290.7  37.0 317.8  13.1 1.45E-05 002.2 203.0 -20.1 0.056778 0.035622 0.003991 hargrave 2023-11-18 01:13:08 
AF 190 292.1  39.8 320.9  13.7 1.39E-05 002.3 202.8 -17.1 0.053926 0.040880 0.005184 hargrave 2023-11-18 01:14:32 
AF 200 289.1  39.2 319.1  15.2 1.36E-05 002.3 200.9 -18.7 0.054214 0.039707 0.004864 hargrave 2023-11-18 01:15:56 
AF 220 289.0  37.0 317.1  14.3 1.22E-05 002.3 201.7 -20.7 0.049189 0.030153 0.004073 hargrave 2023-11-18 01:17:18 
AF 240 282.5  43.0 320.2  21.5 1.13E-05 002.1 194.5 -16.8 0.046986 0.027381 0.004989 hargrave 2023-11-18 01:18:38 
AF 260 285.2  44.3 322.3  20.3 1.06E-05 002.1 196.0 -15.0 0.045402 0.026171 0.004003 hargrave 2023-11-18 01:19:59 
AF 280 280.9  46.1 322.8  23.8 1.01E-05 002.0 192.5 -14.2 0.043897 0.024354 0.003289 hargrave 2023-11-18 01:21:20 
AF 300 281.2  39.5 316.3  20.8 9.80E-06 002.1 194.7 -20.5 0.043000 0.022930 0.003899 hargrave 2023-11-18 01:22:40 
AF 320 284.2  43.2 321.0  20.5 8.48E-06 002.2 195.7 -16.3 0.038459 0.021010 0.001555 hargrave 2023-11-18 01:24:01 
AF 340 280.2  41.0 317.5  22.2 9.60E-06 002.1 193.4 -19.2 0.041693 0.021707 0.005647 hargrave 2023-11-18 01:25:22 
AF 360 286.7  49.1 327.5  21.5 8.18E-06 002.2 195.3 -10.1 0.038087 0.020480 0.003879 hargrave 2023-11-18 01:26:43 
AF 380 280.4  52.2 328.9  26.4 7.47E-06 001.9 190.5 -08.4 0.035720 0.017479 0.003514 hargrave 2023-11-18 01:28:03 
AF 400 273.5  58.8 334.8  32.0 7.69E-06 001.6 185.3 -02.8 0.035790 0.016840 0.004820 hargrave 2023-11-18 01:29:24 
AF 420 266.8  55.3 329.9  34.9 6.66E-06 001.4 182.0 -06.6 0.030879 0.013410 0.003833 hargrave 2023-11-18 01:30:44 
AF 440 252.3  48.0 319.3  43.1 6.75E-06 001.2 172.5 -13.3 0.029893 0.012031 0.005142 hargrave 2023-11-18 01:32:05 
AF 460 253.5  48.7 320.3  42.3 5.98E-06 001.1 173.4 -12.8 0.025875 0.010347 0.003231 hargrave 2023-11-18 01:33:26 
AF 480 260.3  46.2 317.9  37.4 7.00E-06 001.4 177.9 -15.8 0.029668 0.012569 0.005213 hargrave 2023-11-18 01:34:51 
AF 500 280.6  51.8 328.5  26.1 5.99E-06 001.9 190.7 -08.7 0.028056 0.013660 0.003551 hargrave 2023-11-18 01:36:12 
AF 520 281.7  55.5 332.6  26.9 5.75E-06 001.8 190.3 -05.0 0.028233 0.012994 0.002997 hargrave 2023-11-18 01:37:32 
AF 540 296.4  57.5 338.3  20.3 5.13E-06 002.2 197.1 -00.1 0.026677 0.012827 0.001684 hargrave 2023-11-18 01:38:54 
AF 560 272.5  57.7 333.4  32.3 5.43E-06 001.6 184.9 -03.9 0.029540 0.011875 0.003062 hargrave 2023-11-18 01:40:14 
AF 580 278.5  78.6 358.4  33.0 4.75E-06 001.6 183.1  16.9 0.024079 0.009894 0.001500 hargrave 2023-11-18 01:41:36 
AF 600 241.4  55.1 330.1  49.4 4.50E-06 000.6 167.6 -04.8 0.022196 0.005874 0.002286 hargrave 2023-11-18 01:42:57 
AF 650 230.0  64.8 347.5  50.7 4.26E-06 000.7 166.4  06.3 0.019679 0.006622 0.001831 hargrave 2023-11-18 01:44:18 
AF 700 188.3  76.1 013.3  46.8 3.92E-06 001.0 165.4  23.6 0.015836 0.004573 0.003863 hargrave 2023-11-18 01:45:43 
AF 750 264.5  59.3 334.7  36.7 5.35E-06 001.3 180.6 -02.7 0.027020 0.010952 0.004512 hargrave 2023-11-18 01:47:05 
AF 800 231.5  52.4 328.4  55.7 6.78E-06 001.0 161.1 -04.9 0.025279 0.011005 0.002715 hargrave 2023-11-18 01:48:26 
AF 850 158.3  61.4 039.0  54.3 2.65E-06 002.2 147.2  31.4 0.009353 0.004282 0.008067 hargrave 2023-11-18 01:49:48 
AF 900 212.7  69.4 000.4  51.8 4.34E-06 000.9 163.7  14.0 0.018878 0.007063 0.002154 hargrave 2023-11-18 01:51:09 
AF 950 196.2  53.9 005.1  68.9 5.23E-06 001.3 146.5  10.2 0.018701 0.008047 0.001910 hargrave 2023-11-18 01:52:31 
AF1000 220.0  69.6 357.2  50.3 5.37E-06 000.8 165.8  12.5 0.023262 0.007462 0.004566 hargrave 2023-11-18 01:53:52 
