MF11- 3a sun compass orientation
   2.31 182.7  57.0 282.0  57.0   1.0
NRM    013.1  62.9 012.5  06.0 6.60E-05 000.6 212.5  33.6 0.062531 0.037510 0.019357 hargrave 2023-11-17 23:42:44 
AF  10 011.0  61.4 011.5  04.4 6.02E-05 000.7 214.2  32.4 0.083538 0.036401 0.018435 hargrave 2023-11-17 23:44:05 
AF  20 012.0  60.4 012.0  03.4 5.53E-05 000.7 215.4  32.7 0.075751 0.038035 0.016346 hargrave 2023-11-17 23:45:25 
AF  30 011.6  59.7 011.8  02.7 5.16E-05 000.7 216.1  32.4 0.059858 0.024079 0.016759 hargrave 2023-11-17 23:46:46 
AF  40 010.1  59.0 011.0  02.0 4.74E-05 000.6 216.8  31.5 0.056477 0.029451 0.015387 hargrave 2023-11-17 23:48:10 
AF  50 011.8  58.1 011.9  01.1 4.40E-05 000.6 218.1  32.2 0.040202 0.019974 0.014346 hargrave 2023-11-17 23:49:31 
AF  60 015.5  55.9 014.0 -01.1 4.10E-05 000.5 221.2  33.7 0.028384 0.019278 0.011867 hargrave 2023-11-17 23:50:51 
AF  70 014.9  55.4 013.7 -01.5 3.77E-05 000.8 221.6  33.3 0.052848 0.020558 0.012567 hargrave 2023-11-17 23:52:15 
AF  80 015.7  54.8 014.1 -02.2 3.58E-05 000.7 222.5  33.6 0.057303 0.019632 0.011538 hargrave 2023-11-17 23:53:36 
AF  90 016.1  54.0 014.4 -02.9 3.38E-05 001.7 223.4  33.7 0.115110 0.020845 0.011451 hargrave 2023-11-17 23:54:56 
AF 100 020.4  53.0 017.1 -03.7 3.15E-05 001.7 225.2  36.1 0.107534 0.022480 0.008527 hargrave 2023-11-17 23:56:17 
AF 110 019.3  51.4 016.5 -05.3 2.96E-05 001.8 226.9  35.1 0.101799 0.023008 0.009221 hargrave 2023-11-17 23:57:37 
AF 120 020.9  53.0 017.4 -03.7 2.81E-05 001.8 225.3  36.3 0.091517 0.027916 0.008996 hargrave 2023-11-17 23:58:58 
AF 130 020.9  51.8 017.5 -04.8 2.74E-05 001.9 226.6  36.2 0.089230 0.039252 0.007584 hargrave 2023-11-18 00:00:18 
AF 140 021.5  50.8 018.0 -05.8 2.52E-05 001.9 228.0  36.4 0.081545 0.038821 0.007434 hargrave 2023-11-18 00:01:39 
AF 150 019.1  50.7 016.5 -06.0 2.44E-05 001.9 227.7  34.9 0.081049 0.037204 0.006698 hargrave 2023-11-18 00:02:59 
AF 160 018.3  50.3 016.0 -06.5 2.25E-05 002.0 228.1  34.2 0.076356 0.035921 0.004687 hargrave 2023-11-18 00:04:20 
AF 170 019.4  48.2 017.0 -08.5 2.19E-05 002.0 230.8  34.5 0.074579 0.038341 0.004454 hargrave 2023-11-18 00:05:40 
AF 180 017.1  49.1 015.3 -07.8 2.12E-05 002.1 229.3  33.2 0.072778 0.039173 0.002396 hargrave 2023-11-18 00:07:01 
AF 190 023.7  45.8 020.3 -10.5 2.07E-05 002.0 234.4  36.9 0.069613 0.033671 0.007337 hargrave 2023-11-18 00:08:23 
AF 200 022.0  44.2 019.3 -12.3 1.91E-05 002.1 236.1  35.4 0.067456 0.033021 0.007039 hargrave 2023-11-18 00:09:44 
AF 220 020.7  42.9 018.5 -13.7 1.78E-05 002.1 237.3  34.1 0.061452 0.034145 0.006800 hargrave 2023-11-18 00:11:05 
AF 240 011.7  51.2 011.8 -05.8 1.60E-05 002.3 225.9  30.4 0.059800 0.031735 0.007178 hargrave 2023-11-18 00:12:26 
AF 260 021.5  47.7 018.4 -08.9 1.42E-05 002.3 231.8  35.8 0.051286 0.029370 0.005339 hargrave 2023-11-18 00:13:47 
AF 280 022.2  42.9 019.6 -13.5 1.38E-05 002.3 237.6  35.1 0.048861 0.029708 0.006226 hargrave 2023-11-18 00:15:08 
AF 300 015.9  56.0 014.2 -01.0 1.39E-05 002.4 221.1  33.9 0.055989 0.027476 0.006532 hargrave 2023-11-18 00:16:29 
AF 320 015.0  50.7 013.9 -06.3 1.18E-05 002.4 227.1  32.3 0.046955 0.025103 0.003268 hargrave 2023-11-18 00:17:49 
AF 340 022.5  43.7 019.8 -12.7 1.21E-05 002.3 236.8  35.6 0.041794 0.026402 0.003317 hargrave 2023-11-18 00:19:10 
AF 360 027.4  52.1 021.4 -03.8 1.13E-05 002.5 226.9  40.2 0.046027 0.024453 0.004842 hargrave 2023-11-18 00:20:30 
AF 380 024.8  53.1 019.6 -03.2 8.46E-06 002.6 225.4  38.7 0.034892 0.019706 0.003010 hargrave 2023-11-18 00:21:51 
AF 400 019.4  53.3 016.4 -03.4 7.26E-06 002.7 224.7  35.5 0.031815 0.017965 0.004507 hargrave 2023-11-18 00:23:11 
AF 420 039.6  55.5 027.2  01.6 8.72E-06 002.5 221.8  47.2 0.035485 0.018006 0.001465 hargrave 2023-11-18 00:24:31 
AF 440 037.1  61.4 023.8  06.5 8.18E-06 002.3 213.9  44.8 0.031846 0.015905 0.002391 hargrave 2023-11-18 00:25:52 
AF 460 025.4  56.3 019.4  00.0 6.13E-06 002.7 221.4  39.3 0.027704 0.015777 0.002612 hargrave 2023-11-18 00:27:13 
AF 480 009.5  48.9 010.4 -08.1 6.88E-06 002.7 228.0  28.4 0.028886 0.017575 0.002764 hargrave 2023-11-18 00:28:34 
AF 500 025.4  60.7 018.5  04.3 7.96E-06 002.6 215.7  39.3 0.035593 0.017883 0.001731 hargrave 2023-11-18 00:29:55 
AF 520 060.1  51.8 039.5  04.7 8.18E-06 002.2 221.5  59.9 0.027432 0.016936 0.004512 hargrave 2023-11-18 00:31:19 
AF 540 033.2  59.5 022.6  04.1 7.19E-06 002.5 216.9  43.3 0.031785 0.015433 0.001858 hargrave 2023-11-18 00:32:40 
AF 560 034.4  42.6 028.6 -11.6 4.68E-06 002.8 240.3  43.8 0.020203 0.013346 0.000995 hargrave 2023-11-18 00:34:01 
AF 580 069.4  47.6 046.8  05.6 6.86E-06 001.9 223.3  67.1 0.019439 0.012929 0.004375 hargrave 2023-11-18 00:35:23 
AF 600 033.9  46.7 027.0 -07.9 6.79E-06 002.4 234.6  44.0 0.024512 0.017591 0.002805 hargrave 2023-11-18 00:36:44 
AF 650 113.4  27.7 083.3  23.6 5.97E-06 001.4 079.0  71.4 0.009226 0.012279 0.005108 hargrave 2023-11-18 00:38:04 
AF 700 061.6  48.8 042.2  03.0 4.79E-06 002.2 226.4  62.0 0.016040 0.009508 0.004294 hargrave 2023-11-18 00:39:24 
AF 750 039.4  36.5 034.7 -15.9 4.68E-06 002.0 249.8  46.7 0.011697 0.011019 0.006274 hargrave 2023-11-18 00:40:45 
AF 800 056.9  15.9 060.5 -24.9 3.56E-06 001.7 289.1  53.5 0.006493 0.008936 0.001594 hargrave 2023-11-18 00:42:05 
AF 850 035.1  47.4 027.5 -07.0 4.58E-06 002.4 233.7  44.9 0.017770 0.011841 0.003984 hargrave 2023-11-18 00:43:27 
AF 900 073.3 -14.4 099.0 -31.7 4.57E-06 001.6 335.5  39.1 0.016341 0.009479 0.002133 hargrave 2023-11-18 00:44:48 
AF 950 109.7  39.9 069.6  25.8 2.74E-06 001.7 121.8  74.7 0.006089 0.004818 0.002698 hargrave 2023-11-18 00:46:08 
AF1000 080.3  19.1 074.1 -06.6 5.26E-06 000.8 318.4  72.2 0.004685 0.005145 0.003239 hargrave 2023-11-18 00:47:30 
