MF11- 2a sun compass orientation
   0.11 211.0  52.0 282.0  57.0   1.0
NRM    013.6  74.4 012.4  17.4 1.55E-05 001.9 197.6  32.0 0.057870 0.027505 0.007813 hargrave 2023-11-17 22:35:39 
AF  10 011.5  74.2 011.8  17.2 1.53E-05 001.8 197.5  31.4 0.056035 0.025236 0.008164 hargrave 2023-11-17 22:37:00 
AF  20 010.9  74.0 011.7  17.0 1.50E-05 001.9 197.6  31.2 0.055309 0.025403 0.007874 hargrave 2023-11-17 22:38:21 
AF  30 010.4  73.2 011.5  16.2 1.47E-05 001.9 198.3  30.6 0.054789 0.024818 0.007686 hargrave 2023-11-17 22:39:41 
AF  40 010.0  73.4 011.4  16.4 1.44E-05 001.9 198.0  30.6 0.053664 0.023152 0.007670 hargrave 2023-11-17 22:41:01 
AF  50 010.3  74.0 011.5  17.0 1.38E-05 001.9 197.5  31.0 0.051841 0.022002 0.007476 hargrave 2023-11-17 22:42:21 
AF  60 011.3  74.4 011.8  17.4 1.32E-05 001.9 197.3  31.4 0.050752 0.022353 0.006965 hargrave 2023-11-17 22:43:42 
AF  70 014.2  73.2 012.7  16.2 1.30E-05 001.9 198.9  31.6 0.049859 0.021227 0.007008 hargrave 2023-11-17 22:45:02 
AF  80 012.6  73.2 012.2  16.2 1.25E-05 002.0 198.7  31.2 0.048333 0.021712 0.006775 hargrave 2023-11-17 22:46:23 
AF  90 016.6  74.6 013.3  17.6 1.20E-05 002.0 197.8  32.8 0.046604 0.020377 0.006529 hargrave 2023-11-17 22:47:44 
AF 100 015.9  72.6 013.2  15.6 1.14E-05 002.1 199.9  31.7 0.045605 0.020159 0.006464 hargrave 2023-11-17 22:49:05 
AF 110 023.0  74.2 015.1  17.5 1.09E-05 002.3 199.0  34.2 0.048209 0.022646 0.006189 hargrave 2023-11-17 22:50:26 
AF 120 024.2  73.9 015.5  17.3 1.03E-05 002.1 199.5  34.5 0.041770 0.017177 0.005435 hargrave 2023-11-17 22:51:47 
AF 130 023.9  73.2 015.6  16.5 9.84E-06 002.1 200.2  34.2 0.040398 0.017482 0.004963 hargrave 2023-11-17 22:53:07 
AF 140 028.5  73.2 016.9  16.8 9.61E-06 002.2 200.7  35.4 0.039691 0.017070 0.005385 hargrave 2023-11-17 22:54:28 
AF 150 020.2  74.3 014.3  17.4 9.45E-06 002.1 198.6  33.6 0.039654 0.016025 0.004772 hargrave 2023-11-17 22:55:48 
AF 160 025.3  73.0 016.0  16.4 9.08E-06 002.1 200.7  34.5 0.038346 0.015551 0.004747 hargrave 2023-11-17 22:57:09 
AF 170 017.6  72.4 013.8  15.5 8.88E-06 002.2 200.3  32.1 0.038441 0.016420 0.004324 hargrave 2023-11-17 22:58:29 
AF 180 022.3  75.3 014.7  18.5 9.19E-06 002.1 197.7  34.4 0.038319 0.015935 0.005158 hargrave 2023-11-17 22:59:50 
AF 190 021.9  73.7 014.9  16.9 8.74E-06 002.1 199.5  33.8 0.037983 0.014844 0.003795 hargrave 2023-11-17 23:01:10 
AF 200 018.3  73.8 013.8  16.9 8.63E-06 002.2 198.9  32.9 0.037373 0.015910 0.004161 hargrave 2023-11-17 23:02:31 
AF 220 018.6  73.3 014.0  16.4 7.85E-06 002.2 199.5  32.7 0.034948 0.013629 0.003502 hargrave 2023-11-17 23:03:51 
AF 240 018.1  72.4 013.9  15.5 7.15E-06 002.3 200.4  32.3 0.032810 0.012868 0.003436 hargrave 2023-11-17 23:05:12 
AF 260 018.2  73.1 013.9  16.2 6.83E-06 002.3 199.6  32.6 0.031336 0.012109 0.004047 hargrave 2023-11-17 23:06:32 
AF 280 014.5  70.4 012.9  13.4 6.40E-06 002.4 201.9  30.3 0.030488 0.012244 0.003728 hargrave 2023-11-17 23:07:53 
AF 300 024.3  68.3 016.6  11.7 6.05E-06 002.5 205.8  32.6 0.028681 0.011731 0.003319 hargrave 2023-11-17 23:09:13 
AF 320 029.2  66.4 018.9  10.3 5.28E-06 002.7 208.7  33.7 0.025403 0.011242 0.003577 hargrave 2023-11-17 23:10:33 
AF 340 032.5  67.8 019.8  12.0 5.35E-06 002.6 207.6  35.3 0.025446 0.010763 0.003046 hargrave 2023-11-17 23:11:54 
AF 360 038.3  67.0 022.2  11.9 4.64E-06 002.7 209.2  37.3 0.021952 0.009583 0.004039 hargrave 2023-11-17 23:13:14 
AF 380 042.7  75.9 019.6  20.6 4.84E-06 002.3 198.0  39.5 0.022508 0.008125 0.002746 hargrave 2023-11-17 23:14:35 
AF 400 030.7  71.4 018.1  15.3 4.32E-06 002.5 203.0  35.6 0.020777 0.008728 0.003090 hargrave 2023-11-17 23:15:55 
AF 420 028.5  72.7 017.1  16.3 4.62E-06 002.5 201.4  35.3 0.022380 0.008677 0.002819 hargrave 2023-11-17 23:17:15 
AF 440 034.1  74.5 018.1  18.5 4.62E-06 002.5 199.6  37.2 0.022589 0.008736 0.003040 hargrave 2023-11-17 23:18:36 
AF 460 023.1  64.1 016.9  07.5 3.87E-06 002.8 210.2  30.4 0.020061 0.009138 0.002961 hargrave 2023-11-17 23:19:56 
AF 480 065.4  71.3 028.0  20.8 4.04E-06 002.4 202.6  46.5 0.018087 0.006774 0.002275 hargrave 2023-11-17 23:21:16 
AF 500 051.0  65.4 027.6  12.9 3.82E-06 002.7 211.9  42.2 0.018121 0.008393 0.001713 hargrave 2023-11-17 23:22:37 
AF 520 043.3  73.0 021.2  18.1 3.34E-06 002.5 201.8  39.6 0.016245 0.005883 0.001769 hargrave 2023-11-17 23:23:57 
AF 540 016.8  81.8 012.8  24.8 3.02E-06 002.3 189.8  35.6 0.016329 0.004439 0.001688 hargrave 2023-11-17 23:25:18 
AF 560 010.3  74.4 011.5  17.4 2.91E-06 002.4 197.1  31.2 0.015732 0.005235 0.001363 hargrave 2023-11-17 23:26:39 
AF 580 024.8  75.0 015.5  18.3 2.61E-06 002.5 198.3  34.9 0.014203 0.004409 0.000913 hargrave 2023-11-17 23:27:59 
AF 600 006.9  79.6 011.0  22.6 2.87E-06 002.2 191.4  33.2 0.015079 0.004355 0.001888 hargrave 2023-11-17 23:29:21 
AF 650 067.7  64.9 033.5  17.0 1.97E-06 002.6 211.3  49.2 0.008497 0.003192 0.002401 hargrave 2023-11-17 23:30:42 
AF 700 092.6  65.2 039.4  25.9 2.04E-06 002.3 202.2  58.2 0.007996 0.002880 0.001933 hargrave 2023-11-17 23:32:03 
AF 750 073.6  59.0 040.0  15.2 2.42E-06 002.4 219.4  53.4 0.008920 0.004583 0.002165 hargrave 2023-11-17 23:33:24 
AF 800 102.5  67.2 038.7  30.3 2.85E-06 002.1 193.8  59.0 0.010321 0.004134 0.001541 hargrave 2023-11-17 23:34:48 
AF 850 067.5  50.6 043.8  06.8 2.28E-06 002.4 233.7  50.7 0.007867 0.005422 0.002387 hargrave 2023-11-17 23:36:08 
AF 900 138.7  56.8 052.0  46.9 1.77E-06 001.4 153.8  67.8 0.004434 0.001208 0.001000 hargrave 2023-11-17 23:37:29 
AF 950 140.1  42.0 073.9  48.5 1.89E-06 001.0 111.4  74.9 0.002357 0.002478 0.001376 hargrave 2023-11-17 23:38:50 
AF1000 133.8  42.7 072.1  44.0 1.82E-06 000.8 120.0  79.2 0.002300 0.001202 0.001570 hargrave 2023-11-17 23:40:12 
