MF12- 13a sun compass orientation
  15.92 206.4  32.0 300.0  66.0   1.0
NRM    018.0  60.9 024.2 -04.5 7.50E-06 002.3 222.5  44.7 0.028980 0.014374 0.001773 hargrave 2023-11-19 04:45:45 
AF  10 018.2  59.9 024.1 -05.5 7.18E-06 002.3 223.7  44.1 0.026043 0.014374 0.001516 hargrave 2023-11-19 04:47:06 
AF  20 018.3  59.1 024.0 -06.3 6.82E-06 002.3 224.6  43.6 0.025736 0.013244 0.001477 hargrave 2023-11-19 04:48:26 
AF  30 016.7  59.5 023.3 -05.8 6.38E-06 002.3 223.4  43.3 0.024487 0.012695 0.001302 hargrave 2023-11-19 04:49:47 
AF  40 015.6  58.4 022.5 -06.7 5.84E-06 002.4 223.9  42.1 0.022730 0.011787 0.001455 hargrave 2023-11-19 04:51:07 
AF  50 016.8  56.3 022.6 -08.9 5.48E-06 002.4 226.5  41.1 0.021279 0.011391 0.001717 hargrave 2023-11-19 04:52:28 
AF  60 013.7  58.4 021.5 -06.5 4.98E-06 002.4 223.0  41.4 0.019919 0.010277 0.001135 hargrave 2023-11-19 04:53:48 
AF  70 012.9  59.0 021.3 -05.8 4.61E-06 002.4 222.0  41.6 0.018669 0.009611 0.001206 hargrave 2023-11-19 04:55:09 
AF  80 015.0  57.0 021.8 -08.0 4.43E-06 002.4 224.8  40.9 0.017188 0.009714 0.000830 hargrave 2023-11-19 04:56:30 
AF  90 013.5  55.6 020.6 -09.2 4.02E-06 002.5 225.3  39.2 0.016197 0.008866 0.001427 hargrave 2023-11-19 04:57:50 
AF 100 013.6  54.3 020.4 -10.4 3.77E-06 002.6 226.5  38.3 0.015328 0.008500 0.001418 hargrave 2023-11-19 04:59:11 
AF 110 012.4  53.9 019.6 -10.6 3.67E-06 002.5 226.2  37.6 0.015057 0.008187 0.001098 hargrave 2023-11-19 05:00:31 
AF 120 010.5  56.0 019.2 -08.3 3.31E-06 002.6 223.4  38.5 0.013773 0.007253 0.001280 hargrave 2023-11-19 05:01:52 
AF 130 008.9  57.5 018.8 -06.6 3.09E-06 002.5 221.3  39.0 0.012420 0.006849 0.001476 hargrave 2023-11-19 05:03:13 
AF 140 004.9  56.9 016.5 -06.3 2.92E-06 002.6 219.6  37.2 0.012729 0.006230 0.001052 hargrave 2023-11-19 05:04:33 
AF 150 003.8  58.8 016.7 -04.4 2.71E-06 002.5 217.5  38.3 0.011565 0.005515 0.000973 hargrave 2023-11-19 05:05:54 
AF 160 008.6  61.5 020.0 -02.8 2.80E-06 002.4 217.6  41.9 0.011490 0.005375 0.000739 hargrave 2023-11-19 05:07:14 
AF 170 004.2  57.0 016.2 -06.1 2.70E-06 002.6 219.2  37.0 0.011581 0.005795 0.001688 hargrave 2023-11-19 05:08:35 
AF 180 006.9  56.1 017.2 -07.5 2.60E-06 002.6 221.3  37.3 0.011064 0.005685 0.001445 hargrave 2023-11-19 05:09:55 
AF 190 007.8  54.1 017.0 -09.5 2.25E-06 002.6 223.4  36.0 0.009392 0.004874 0.001243 hargrave 2023-11-19 05:11:16 
AF 200 021.6  55.3 025.2 -10.3 2.11E-06 002.4 230.0  42.2 0.008078 0.004427 0.000672 hargrave 2023-11-19 05:12:36 
AF 220 008.6  49.6 015.9 -14.0 1.83E-06 002.7 227.2  32.7 0.007592 0.004037 0.001469 hargrave 2023-11-19 05:13:57 
AF 240 010.9  43.5 015.4 -20.3 1.65E-06 002.7 232.9  28.8 0.006871 0.003809 0.000892 hargrave 2023-11-19 05:15:17 
AF 260 009.6  41.6 013.7 -21.7 1.48E-06 002.7 233.2  26.7 0.006435 0.003430 0.000720 hargrave 2023-11-19 05:16:38 
AF 280 001.9  43.4 008.9 -17.9 1.29E-06 002.8 226.9  25.0 0.005597 0.003078 0.001298 hargrave 2023-11-19 05:17:59 
AF 300 004.9  37.2 008.2 -24.4 1.22E-06 002.9 232.6  21.0 0.005458 0.002818 0.001876 hargrave 2023-11-19 05:19:19 
AF 320 356.2  47.6 007.5 -12.2 1.16E-06 002.8 220.6  26.5 0.005280 0.002422 0.001236 hargrave 2023-11-19 05:20:40 
AF 340 001.1  57.0 014.7 -05.4 1.30E-06 002.6 217.4  36.0 0.005862 0.002516 0.000498 hargrave 2023-11-19 05:22:00 
AF 360 003.9  54.2 014.9 -08.7 1.08E-06 002.6 221.1  34.6 0.004981 0.002200 0.000467 hargrave 2023-11-19 05:23:21 
AF 380 327.6  58.4 002.1  07.2 1.04E-06 002.0 198.1  29.0 0.005019 0.001493 0.000212 hargrave 2023-11-19 05:24:41 
AF 400 006.0  61.8 018.9 -02.0 1.37E-06 002.4 216.1  41.3 0.006054 0.002370 0.000749 hargrave 2023-11-19 05:26:02 
AF 420 021.6  69.8 027.1  04.0 1.34E-06 002.1 213.4  51.3 0.005022 0.001970 0.000178 hargrave 2023-11-19 05:27:22 
AF 440 011.4  75.9 025.5  10.6 1.36E-06 002.1 202.5  52.1 0.005142 0.001766 0.000290 hargrave 2023-11-19 05:28:43 
AF 460 252.0  65.0 008.0  41.0 8.85E-07 001.7 158.1  37.5 0.003751 0.000453 0.000389 hargrave 2023-11-19 05:30:03 
AF 480 289.0  71.8 010.0  26.2 1.02E-06 001.9 177.0  39.9 0.004408 0.001192 0.000765 hargrave 2023-11-19 05:31:24 
AF 500 349.7  81.5 024.2  17.4 1.15E-06 001.7 191.2  52.4 0.003648 0.001084 0.000643 hargrave 2023-11-19 05:32:45 
AF 520 290.9  72.4 010.6  25.5 9.53E-07 001.6 177.8  40.4 0.003867 0.000825 0.000267 hargrave 2023-11-19 05:34:06 
AF 540 337.8  50.6 359.9 -02.4 8.30E-07 002.5 207.3  23.7 0.003802 0.001571 0.001082 hargrave 2023-11-19 05:35:26 
AF 560 268.7  50.3 346.1  38.1 5.79E-07 001.3 161.5  20.6 0.002410 0.000699 0.000241 hargrave 2023-11-19 05:36:47 
AF 580 105.2  72.2 048.1  18.4 1.06E-06 001.2 193.3  75.1 0.002024 0.001089 0.000429 hargrave 2023-11-19 05:38:07 
AF 600 112.5  74.1 046.9  21.0 6.50E-07 001.7 183.9  73.8 0.001529 0.000888 0.000937 hargrave 2023-11-19 05:39:28 
AF 650 272.3  39.2 332.1  35.9 5.24E-07 001.1 161.3  09.2 0.002419 0.000466 0.000478 hargrave 2023-11-19 05:40:49 
AF 700 016.8  67.9 025.0  02.4 9.79E-07 002.4 214.3  48.8 0.003494 0.001770 0.001289 hargrave 2023-11-19 05:42:09 
AF 750 124.8  65.0 057.4  23.6 9.00E-07 001.7 153.9  82.0 0.002248 0.001538 0.000270 hargrave 2023-11-19 05:43:30 
AF 800 330.7  75.9 017.4  16.3 1.16E-06 002.0 191.3  45.7 0.005075 0.001681 0.001004 hargrave 2023-11-19 05:44:50 
AF 850 058.5  60.4 043.6 -02.4 9.17E-07 001.9 240.3  61.2 0.002362 0.001745 0.001508 hargrave 2023-11-19 05:46:11 
AF 900 156.6  72.6 046.7  33.4 8.97E-07 001.7 148.3  68.5 0.002519 0.001467 0.000936 hargrave 2023-11-19 05:47:32 
AF 950 305.6  46.0 344.7  13.4 4.81E-07 001.7 186.6  14.2 0.002528 0.000830 0.000495 hargrave 2023-11-19 05:48:53 
AF1000 056.9  35.4 054.1 -25.3 6.78E-07 001.7 273.6  45.3 0.001662 0.001716 0.000616 hargrave 2023-11-19 05:50:14 
