MF12- 12a sun compass orientation
  11.82 190.6  39.0 300.0  66.0   1.0
NRM    000.0  73.5 021.7  09.5 9.01E-06 002.1 203.4  45.4 0.035747 0.014879 0.005902 hargrave 2023-11-19 03:38:53 
AF  10 358.4  73.3 021.2  09.5 8.70E-06 002.1 203.4  44.9 0.034288 0.013398 0.005779 hargrave 2023-11-19 03:40:13 
AF  20 359.2  72.4 021.0  08.7 8.30E-06 002.1 204.6  44.7 0.031254 0.015904 0.005799 hargrave 2023-11-19 03:41:37 
AF  30 001.2  72.9 021.7  08.8 8.01E-06 002.1 204.5  45.4 0.030127 0.015113 0.005816 hargrave 2023-11-19 03:43:02 
AF  40 358.9  73.0 021.2  09.2 7.72E-06 002.0 203.9  44.9 0.029143 0.014216 0.005657 hargrave 2023-11-19 03:44:26 
AF  50 358.5  72.0 020.6  08.4 7.39E-06 002.2 204.9  44.3 0.030012 0.012114 0.005476 hargrave 2023-11-19 03:45:48 
AF  60 359.0  71.9 020.7  08.2 7.08E-06 002.2 205.2  44.4 0.028954 0.011787 0.005573 hargrave 2023-11-19 03:47:08 
AF  70 357.0  71.5 019.9  08.2 6.93E-06 002.1 205.2  43.6 0.026605 0.013555 0.005925 hargrave 2023-11-19 03:48:33 
AF  80 353.7  72.1 019.4  09.2 6.54E-06 002.1 203.8  43.1 0.025455 0.012694 0.006343 hargrave 2023-11-19 03:49:57 
AF  90 354.6  70.6 018.8  07.8 6.26E-06 002.2 205.6  42.5 0.025150 0.011197 0.006657 hargrave 2023-11-19 03:51:18 
AF 100 348.0  67.5 015.1  06.7 5.96E-06 002.3 206.9  38.7 0.024905 0.011619 0.006203 hargrave 2023-11-19 03:52:39 
AF 110 346.3  69.7 015.9  08.7 6.01E-06 002.2 204.3  39.7 0.024275 0.012348 0.006120 hargrave 2023-11-19 03:54:03 
AF 120 339.0  68.2 013.0  09.4 5.69E-06 002.3 203.3  36.8 0.025542 0.010751 0.005584 hargrave 2023-11-19 03:55:24 
AF 130 339.6  68.3 013.2  09.4 5.38E-06 002.2 203.3  37.1 0.022427 0.011409 0.006225 hargrave 2023-11-19 03:56:48 
AF 140 341.8  69.0 014.3  09.3 5.29E-06 002.2 203.5  38.1 0.021939 0.010948 0.005050 hargrave 2023-11-19 03:58:13 
AF 150 341.8  68.8 014.2  09.1 5.10E-06 002.2 203.7  37.9 0.021427 0.010714 0.005838 hargrave 2023-11-19 03:59:38 
AF 160 342.6  73.3 017.5  12.2 4.95E-06 002.1 199.7  41.3 0.020365 0.008962 0.005194 hargrave 2023-11-19 04:01:03 
AF 170 335.8  69.2 013.0  11.0 4.46E-06 002.3 201.3  36.8 0.019748 0.008943 0.005573 hargrave 2023-11-19 04:02:24 
AF 180 350.9  67.2 015.8  05.7 4.24E-06 002.5 208.2  39.3 0.019356 0.008687 0.005569 hargrave 2023-11-19 04:03:45 
AF 190 341.1  70.1 014.9  10.2 4.17E-06 002.2 202.3  38.7 0.017414 0.008697 0.004598 hargrave 2023-11-19 04:05:09 
AF 200 343.0  67.0 013.2  07.5 3.69E-06 002.4 205.7  37.0 0.016070 0.008339 0.004608 hargrave 2023-11-19 04:06:34 
AF 220 341.8  71.7 016.2  11.2 3.57E-06 002.2 201.0  40.0 0.015017 0.006958 0.003278 hargrave 2023-11-19 04:07:58 
AF 240 338.9  65.1 010.7  07.3 3.52E-06 002.5 205.8  34.4 0.016563 0.007513 0.005009 hargrave 2023-11-19 04:09:18 
AF 260 341.3  61.4 008.9  03.9 3.14E-06 002.7 209.6  32.3 0.015249 0.007196 0.004203 hargrave 2023-11-19 04:10:39 
AF 280 325.0  61.5 004.0  10.0 2.88E-06 002.4 202.2  28.0 0.013257 0.006517 0.003353 hargrave 2023-11-19 04:12:04 
AF 300 343.1  55.9 005.8 -00.7 2.58E-06 002.8 214.5  28.7 0.012380 0.006424 0.003537 hargrave 2023-11-19 04:13:25 
AF 320 349.6  58.9 010.4 -00.7 2.52E-06 002.8 215.3  33.3 0.011620 0.006202 0.003330 hargrave 2023-11-19 04:14:46 
AF 340 000.3  62.8 016.9 -00.0 2.42E-06 002.5 215.8  39.8 0.010618 0.005118 0.002772 hargrave 2023-11-19 04:16:06 
AF 360 016.5  76.6 026.8  11.0 2.64E-06 002.1 201.2  50.4 0.009888 0.003965 0.001827 hargrave 2023-11-19 04:17:27 
AF 380 027.3  87.4 029.9  21.4 2.68E-06 001.8 184.0  51.7 0.010044 0.002971 0.001617 hargrave 2023-11-19 04:18:47 
AF 400 102.6  74.9 045.2  18.7 2.30E-06 001.6 178.7  66.1 0.006683 0.001330 0.000909 hargrave 2023-11-19 04:20:08 
AF 420 096.2  81.8 038.0  20.5 2.37E-06 001.7 181.2  59.1 0.008036 0.001512 0.000862 hargrave 2023-11-19 04:21:28 
AF 440 013.5  73.1 025.2  07.7 2.05E-06 002.1 206.2  48.8 0.007954 0.003019 0.000787 hargrave 2023-11-19 04:22:49 
AF 460 095.6  74.8 044.5  17.1 2.81E-06 001.5 183.2  66.1 0.007201 0.001668 0.001120 hargrave 2023-11-19 04:24:09 
AF 480 046.0  77.3 033.5  11.8 1.92E-06 001.8 199.1  56.9 0.006286 0.002185 0.000469 hargrave 2023-11-19 04:25:30 
AF 500 123.2  70.8 051.0  23.6 1.84E-06 001.3 160.6  67.7 0.004252 0.001466 0.001320 hargrave 2023-11-19 04:26:50 
AF 520 104.6  75.0 045.4  19.3 1.95E-06 001.4 177.4  66.0 0.005166 0.001209 0.000388 hargrave 2023-11-19 04:28:11 
AF 540 100.7  77.0 043.0  19.2 1.63E-06 001.7 179.9  64.0 0.005037 0.000591 0.001010 hargrave 2023-11-19 04:29:31 
AF 560 119.2  77.1 044.0  23.2 2.02E-06 001.5 171.0  62.9 0.005544 0.001896 0.000787 hargrave 2023-11-19 04:30:51 
AF 580 086.9  56.4 057.7  03.6 1.76E-06 000.9 230.8  80.3 0.002872 0.000512 0.000686 hargrave 2023-11-19 04:32:12 
AF 600 018.6  61.1 024.5 -04.4 1.21E-06 002.4 223.8  46.3 0.004396 0.002918 0.000924 hargrave 2023-11-19 04:33:32 
AF 650 146.4  75.0 045.5  29.8 9.30E-07 001.7 158.4  59.8 0.002381 0.001988 0.000898 hargrave 2023-11-19 04:34:53 
AF 700 072.2  72.1 042.1  10.3 1.61E-06 001.5 200.7  65.5 0.004294 0.001360 0.000556 hargrave 2023-11-19 04:36:13 
AF 750 018.0  68.7 025.7  03.2 1.27E-06 002.3 213.2  48.9 0.004838 0.002396 0.000689 hargrave 2023-11-19 04:37:34 
AF 800 050.4  08.0 064.3 -52.3 5.47E-07 001.5 298.0  30.5 0.001129 0.001106 0.000304 hargrave 2023-11-19 04:38:54 
AF 850 148.2  47.0 078.3  36.3 5.14E-07 001.5 101.5  59.0 0.000969 0.001180 0.000803 hargrave 2023-11-19 04:40:16 
AF 900 331.8 -23.6 287.8 -37.2 5.38E-07 001.7 254.8 -42.2 0.001269 0.001236 0.000907 hargrave 2023-11-19 04:41:36 
AF 950 077.9  49.3 059.1 -05.2 9.47E-07 000.9 267.9  75.4 0.001381 0.000892 0.001705 hargrave 2023-11-19 04:42:57 
AF1000 052.6 -02.2 078.5 -59.1 5.65E-07 003.2 306.2  23.0 0.001663 0.001876 0.002068 hargrave 2023-11-19 04:44:19 
