MF12- 4a sun compass orientation
   0.28 185.0  48.0 300.0  66.0   1.0
NRM    032.2  64.5 030.9 -01.4 8.20E-06 002.4 215.3  48.6 0.031814 0.016171 0.001855 hargrave 2023-11-18 18:46:31 
AF  10 030.3  64.0 030.1 -02.0 7.87E-06 002.3 216.1  47.8 0.029955 0.015408 0.001938 hargrave 2023-11-18 18:47:51 
AF  20 030.4  63.5 030.2 -02.5 7.45E-06 002.3 217.0  47.8 0.027821 0.015119 0.001853 hargrave 2023-11-18 18:49:12 
AF  30 030.7  63.0 030.3 -03.0 7.00E-06 002.4 217.6  47.9 0.025350 0.016827 0.001719 hargrave 2023-11-18 18:50:36 
AF  40 031.0  62.5 030.4 -03.4 6.67E-06 002.4 218.3  48.1 0.025717 0.013588 0.001609 hargrave 2023-11-18 18:51:56 
AF  50 030.9  62.4 030.4 -03.6 6.17E-06 002.3 218.6  48.0 0.021489 0.014708 0.001278 hargrave 2023-11-18 18:53:21 
AF  60 031.8  62.3 030.8 -03.6 5.96E-06 002.4 218.6  48.4 0.022866 0.012848 0.001284 hargrave 2023-11-18 18:54:41 
AF  70 030.5  61.7 030.3 -04.3 5.63E-06 002.4 219.6  47.8 0.022248 0.011391 0.001313 hargrave 2023-11-18 18:56:01 
AF  80 033.5  61.3 031.7 -04.7 5.42E-06 002.4 220.3  49.2 0.020723 0.012034 0.001351 hargrave 2023-11-18 18:57:21 
AF  90 033.3  60.8 031.6 -05.2 5.05E-06 002.4 221.0  49.1 0.019446 0.010779 0.001142 hargrave 2023-11-18 18:58:41 
AF 100 032.9  60.3 031.4 -05.7 4.82E-06 002.4 221.8  48.9 0.018595 0.009654 0.001276 hargrave 2023-11-18 19:00:01 
AF 110 034.2  59.9 032.1 -06.0 4.58E-06 002.4 222.4  49.5 0.017501 0.009794 0.001165 hargrave 2023-11-18 19:01:21 
AF 120 035.0  60.2 032.5 -05.7 4.37E-06 002.4 222.0  49.9 0.015618 0.010657 0.000971 hargrave 2023-11-18 19:02:44 
AF 130 036.6  60.0 033.3 -05.8 4.05E-06 002.4 222.3  50.7 0.014695 0.009237 0.000840 hargrave 2023-11-18 19:04:12 
AF 140 039.1  58.7 034.8 -06.9 3.76E-06 002.5 224.3  52.0 0.013379 0.010285 0.000525 hargrave 2023-11-18 19:05:36 
AF 150 044.7  59.4 037.4 -05.7 3.83E-06 002.3 222.9  54.8 0.013869 0.007273 0.000660 hargrave 2023-11-18 19:06:56 
AF 160 035.8  58.3 033.1 -07.6 3.50E-06 002.5 225.0  50.3 0.013491 0.007882 0.000562 hargrave 2023-11-18 19:08:23 
AF 170 046.1  58.3 038.4 -06.6 3.62E-06 002.2 224.6  55.7 0.012460 0.007050 0.000447 hargrave 2023-11-18 19:09:43 
AF 180 043.0  57.0 037.1 -08.2 3.16E-06 002.4 227.0  54.1 0.010876 0.008848 0.000512 hargrave 2023-11-18 19:11:07 
AF 190 046.9  57.2 039.1 -07.5 3.28E-06 002.3 226.5  56.2 0.010837 0.008629 0.000443 hargrave 2023-11-18 19:12:30 
AF 200 041.8  60.7 035.8 -04.7 2.92E-06 002.5 220.8  53.3 0.010618 0.007663 0.000851 hargrave 2023-11-18 19:13:53 
AF 220 043.3  58.2 037.0 -07.1 2.87E-06 002.3 225.1  54.2 0.010465 0.005728 0.000353 hargrave 2023-11-18 19:15:14 
AF 240 052.7  55.7 042.7 -08.0 2.51E-06 002.1 228.6  59.6 0.007981 0.004742 0.000341 hargrave 2023-11-18 19:16:34 
AF 260 043.2  51.5 038.4 -13.7 2.28E-06 002.3 236.5  54.1 0.007836 0.005242 0.000219 hargrave 2023-11-18 19:17:54 
AF 280 043.3  51.6 038.4 -13.5 2.22E-06 002.3 236.3  54.1 0.007576 0.004982 0.000251 hargrave 2023-11-18 19:19:14 
AF 300 040.9  57.2 035.9 -08.3 2.02E-06 002.4 226.7  53.0 0.007672 0.004386 0.000210 hargrave 2023-11-18 19:20:33 
AF 320 059.4  58.4 044.9 -04.0 2.11E-06 002.0 221.2  62.4 0.006795 0.003605 0.000330 hargrave 2023-11-18 19:21:54 
AF 340 040.9  51.4 036.9 -14.0 1.87E-06 002.4 236.3  52.6 0.006702 0.004437 0.000288 hargrave 2023-11-18 19:23:14 
AF 360 056.5  55.9 044.6 -07.0 1.95E-06 002.2 227.4  61.7 0.006573 0.003705 0.000667 hargrave 2023-11-18 19:24:35 
AF 380 040.9  41.4 039.0 -23.9 1.37E-06 002.2 252.1  50.3 0.004316 0.003653 0.000234 hargrave 2023-11-18 19:25:55 
AF 400 035.7  49.3 033.9 -16.5 1.72E-06 002.6 238.7  49.0 0.006127 0.005865 0.000246 hargrave 2023-11-18 19:27:19 
AF 420 041.0  50.8 037.1 -14.6 1.59E-06 002.4 237.4  52.6 0.005527 0.003778 0.000295 hargrave 2023-11-18 19:28:39 
AF 440 043.8  43.2 040.8 -21.6 1.40E-06 002.1 250.3  52.9 0.004074 0.003360 0.000280 hargrave 2023-11-18 19:30:00 
AF 460 052.8  54.7 043.1 -08.9 1.40E-06 002.3 230.5  59.8 0.004854 0.002934 0.000684 hargrave 2023-11-18 19:31:20 
AF 480 048.1  47.1 042.8 -17.1 1.09E-06 002.3 244.9  56.7 0.003110 0.003581 0.000440 hargrave 2023-11-18 19:32:44 
AF 500 049.3  45.9 044.0 -18.0 1.39E-06 002.3 247.4  57.3 0.003910 0.004562 0.000457 hargrave 2023-11-18 19:34:09 
AF 520 042.5  38.4 040.9 -26.5 1.29E-06 002.2 257.1  50.4 0.003789 0.003811 0.000556 hargrave 2023-11-18 19:35:30 
AF 540 080.2  52.5 057.9 -01.9 1.38E-06 001.5 218.3  75.5 0.003332 0.001500 0.000910 hargrave 2023-11-18 19:36:50 
AF 560 063.4  59.4 046.3 -02.2 1.03E-06 002.1 217.3  63.9 0.003424 0.001867 0.000354 hargrave 2023-11-18 19:38:11 
AF 580 047.0  64.9 037.1 -00.1 1.01E-06 002.7 213.1  54.8 0.004353 0.002747 0.000322 hargrave 2023-11-18 19:39:35 
AF 600 084.3  54.9 057.8  01.5 8.18E-07 001.6 204.8  75.3 0.002286 0.000919 0.000508 hargrave 2023-11-18 19:40:56 
AF 650 056.3  37.4 052.6 -23.8 6.94E-07 002.8 265.9  60.1 0.002464 0.002584 0.000536 hargrave 2023-11-18 19:42:20 
AF 700 062.8  33.8 059.6 -24.3 7.77E-07 002.0 277.3  63.5 0.001564 0.002310 0.000636 hargrave 2023-11-18 19:43:44 
AF 750 069.3  33.7 064.4 -21.2 1.12E-06 001.5 283.9  68.2 0.001981 0.002176 0.000618 hargrave 2023-11-18 19:45:05 
AF 800 060.0  29.4 060.0 -29.3 9.50E-07 001.7 282.7  59.2 0.001384 0.002594 0.000826 hargrave 2023-11-18 19:46:26 
AF 850 087.5  29.3 079.0 -13.3 6.86E-07 001.3 331.9  75.9 0.001197 0.000956 0.000506 hargrave 2023-11-18 19:47:47 
AF 900 072.3  41.4 061.3 -13.7 7.52E-07 001.7 264.2  73.1 0.001483 0.001794 0.000186 hargrave 2023-11-18 19:49:12 
AF 950 084.5  54.9 058.0  01.6 1.25E-06 001.6 204.6  75.4 0.003270 0.001458 0.000240 hargrave 2023-11-18 19:50:33 
AF1000 050.7  45.0 045.3 -18.4 8.84E-07 001.9 249.2  58.1 0.002278 0.001946 0.000630 hargrave 2023-11-18 19:51:54 
