MF12- 2a sun compass orientation
   0.05 187.8  44.0 300.0  66.0   1.0
NRM    004.7  67.1 020.4  03.0 9.26E-06 002.3 210.7  40.4 0.037395 0.016299 0.004216 hargrave 2023-11-18 16:33:36 
AF  10 002.6  65.9 019.2  02.3 8.95E-06 002.2 211.6  39.1 0.035846 0.015381 0.004026 hargrave 2023-11-18 16:34:57 
AF  20 003.2  65.5 019.2  01.9 8.52E-06 002.3 212.2  39.2 0.034589 0.015160 0.003920 hargrave 2023-11-18 16:36:17 
AF  30 002.6  64.8 018.7  01.3 8.12E-06 002.3 212.9  38.6 0.033514 0.014925 0.003843 hargrave 2023-11-18 16:37:37 
AF  40 002.9  64.2 018.5  00.7 7.66E-06 002.4 213.7  38.4 0.030913 0.015535 0.003525 hargrave 2023-11-18 16:38:57 
AF  50 001.9  62.8 017.6 -00.4 7.21E-06 002.4 215.0  37.4 0.029650 0.015265 0.003368 hargrave 2023-11-18 16:40:17 
AF  60 002.6  63.1 017.9 -00.3 6.90E-06 002.4 214.8  37.8 0.029222 0.013759 0.003267 hargrave 2023-11-18 16:41:38 
AF  70 003.6  62.8 018.3 -00.7 6.52E-06 002.5 215.4  38.1 0.028792 0.013316 0.002961 hargrave 2023-11-18 16:43:02 
AF  80 000.3  61.8 016.4 -00.9 6.16E-06 002.5 215.5  36.2 0.026187 0.013715 0.002828 hargrave 2023-11-18 16:44:23 
AF  90 001.0  59.0 015.5 -03.6 6.02E-06 002.6 218.6  35.1 0.026579 0.013603 0.002593 hargrave 2023-11-18 16:45:44 
AF 100 001.4  59.7 016.0 -03.1 5.65E-06 002.6 218.0  35.6 0.025248 0.012896 0.002615 hargrave 2023-11-18 16:47:04 
AF 110 000.2  57.7 014.5 -04.6 5.48E-06 002.7 219.7  34.0 0.025118 0.012598 0.002468 hargrave 2023-11-18 16:48:28 
AF 120 001.4  57.4 015.0 -05.1 5.28E-06 002.7 220.4  34.3 0.023880 0.012917 0.002090 hargrave 2023-11-18 16:49:49 
AF 130 000.6  57.7 014.7 -04.7 4.82E-06 002.8 219.8  34.2 0.022006 0.012018 0.002275 hargrave 2023-11-18 16:51:09 
AF 140 353.8  56.2 010.8 -04.1 4.46E-06 002.8 218.7  30.3 0.020616 0.011971 0.002323 hargrave 2023-11-18 16:52:31 
AF 150 357.2  56.9 012.8 -04.5 4.28E-06 002.8 219.3  32.2 0.019563 0.011409 0.001928 hargrave 2023-11-18 16:53:52 
AF 160 358.4  57.7 013.7 -04.1 4.23E-06 002.8 219.0  33.2 0.019194 0.011324 0.002113 hargrave 2023-11-18 16:55:13 
AF 170 359.9  53.8 012.6 -07.9 3.86E-06 002.9 223.4  31.6 0.017336 0.011294 0.001845 hargrave 2023-11-18 16:56:34 
AF 180 357.6  55.2 012.1 -06.1 3.96E-06 002.8 221.1  31.4 0.017373 0.011136 0.001962 hargrave 2023-11-18 16:57:55 
AF 190 358.7  51.4 010.8 -09.7 3.59E-06 002.9 225.1  29.6 0.015997 0.010925 0.001840 hargrave 2023-11-18 16:59:16 
AF 200 353.4  55.7 010.3 -04.4 3.52E-06 002.9 219.0  29.8 0.016671 0.009962 0.001838 hargrave 2023-11-18 17:00:37 
AF 220 356.4  55.0 011.4 -05.9 3.15E-06 002.9 220.8  30.7 0.014641 0.009133 0.001711 hargrave 2023-11-18 17:01:58 
AF 240 002.2  53.8 013.9 -08.6 3.06E-06 002.9 224.3  32.7 0.013513 0.009278 0.001408 hargrave 2023-11-18 17:03:19 
AF 260 342.8  55.2 005.3 -01.1 2.87E-06 002.9 214.8  25.1 0.014560 0.008081 0.001241 hargrave 2023-11-18 17:04:40 
AF 280 344.2  52.3 003.9 -03.9 2.32E-06 003.1 217.7  23.5 0.011821 0.007127 0.001263 hargrave 2023-11-18 17:06:01 
AF 300 354.5  48.7 007.0 -10.7 2.32E-06 003.0 225.6  25.8 0.010551 0.007648 0.001257 hargrave 2023-11-18 17:07:22 
AF 320 353.4  48.7 006.4 -10.2 2.07E-06 003.1 224.9  25.2 0.009835 0.007092 0.001227 hargrave 2023-11-18 17:08:43 
AF 340 337.0  45.4 355.7 -05.5 1.82E-06 003.3 218.7  15.2 0.009756 0.006172 0.001358 hargrave 2023-11-18 17:10:04 
AF 360 345.8  39.1 356.0 -14.6 1.79E-06 003.2 228.0  14.6 0.008633 0.006836 0.001008 hargrave 2023-11-18 17:11:25 
AF 380 331.0  41.9 350.2 -04.6 1.56E-06 003.3 217.3  09.8 0.008724 0.005494 0.001187 hargrave 2023-11-18 17:12:46 
AF 400 337.9  54.4 002.7  00.2 1.32E-06 003.0 213.1  22.6 0.007259 0.004040 0.001092 hargrave 2023-11-18 17:14:07 
AF 420 327.4  32.3 340.7 -08.0 1.50E-06 003.3 220.1  00.2 0.007813 0.005203 0.000971 hargrave 2023-11-18 17:15:28 
AF 440 336.6  27.9 342.1 -16.9 1.33E-06 003.3 229.1  01.1 0.006782 0.005087 0.000628 hargrave 2023-11-18 17:16:49 
AF 460 342.2  40.6 355.0 -11.6 1.10E-06 003.4 224.8  13.9 0.006034 0.004157 0.001180 hargrave 2023-11-18 17:18:13 
AF 480 342.6  28.7 346.4 -20.3 1.13E-06 003.3 232.8  04.9 0.005254 0.004909 0.000795 hargrave 2023-11-18 17:19:34 
AF 500 312.7  40.2 341.5  06.3 1.04E-06 002.8 205.9  01.7 0.006467 0.002963 0.000504 hargrave 2023-11-18 17:20:55 
AF 520 324.2  28.3 335.8 -07.8 1.04E-06 003.3 219.7 -04.6 0.005424 0.003790 0.000594 hargrave 2023-11-18 17:22:16 
AF 540 326.5  36.7 344.0 -04.8 4.97E-07 003.5 217.1  03.6 0.003026 0.002112 0.000395 hargrave 2023-11-18 17:23:37 
AF 560 324.3  28.0 335.6 -08.1 7.78E-07 003.4 220.0 -04.9 0.004099 0.002859 0.000674 hargrave 2023-11-18 17:24:59 
AF 580 314.5  28.1 331.4 -00.6 5.72E-07 003.8 212.3 -08.7 0.003737 0.002436 0.001153 hargrave 2023-11-18 17:26:20 
AF 600 305.7  07.1 308.8 -02.3 7.03E-07 003.1 213.0 -31.4 0.003809 0.002198 0.000803 hargrave 2023-11-18 17:27:44 
AF 650 335.3  23.1 337.5 -19.0 4.77E-07 003.6 231.0 -03.5 0.002344 0.002401 0.001116 hargrave 2023-11-18 17:29:05 
AF 700 205.6 -00.9 199.8  64.7 2.26E-07 002.3 102.4 -13.0 0.000914 0.001444 0.000334 hargrave 2023-11-18 17:30:27 
AF 750 312.0 -36.8 268.6 -23.3 5.32E-07 002.4 262.3 -63.0 0.001060 0.002101 0.000234 hargrave 2023-11-18 17:31:48 
AF 800 340.1  04.2 323.3 -33.9 4.19E-07 002.9 246.5 -15.6 0.001515 0.002539 0.000605 hargrave 2023-11-18 17:33:09 
AF 850 270.9 -19.4 269.3  16.5 5.18E-07 001.9 165.6 -62.8 0.001566 0.001164 0.000538 hargrave 2023-11-18 17:34:31 
AF 900 144.3  27.2 101.7  31.4 4.87E-07 002.2 079.2  48.9 0.001033 0.001790 0.000501 hargrave 2023-11-18 17:35:52 
AF 950 142.7  08.2 121.6  24.0 2.97E-07 004.1 059.9  36.1 0.001412 0.001598 0.000787 hargrave 2023-11-18 17:37:14 
AF1000 121.7  05.6 115.6  03.8 3.66E-07 003.6 034.4  44.6 0.001705 0.001638 0.000314 hargrave 2023-11-18 17:38:36 
