MF12- 7a sun compass orientation
   1.12 179.5  31.0 300.0  66.0   1.0
NRM    015.4  73.6 025.9  08.1 8.69E-06 001.9 212.3  59.6 0.026283 0.013579 0.003932 hargrave 2023-11-18 22:06:03 
AF  10 013.8  73.2 025.3  07.8 8.19E-06 001.8 212.9  59.0 0.024433 0.012694 0.003899 hargrave 2023-11-18 22:07:24 
AF  20 014.5  72.7 025.4  07.2 7.60E-06 001.8 214.1  59.1 0.021831 0.011968 0.003340 hargrave 2023-11-18 22:08:45 
AF  30 015.1  72.2 025.5  06.8 7.07E-06 001.9 215.0  59.1 0.021420 0.011209 0.003194 hargrave 2023-11-18 22:10:06 
AF  40 014.5  72.3 025.3  06.9 6.70E-06 001.9 214.8  59.0 0.020431 0.010654 0.003088 hargrave 2023-11-18 22:11:26 
AF  50 014.3  72.9 025.4  07.5 6.30E-06 001.9 213.6  59.1 0.019108 0.010038 0.002796 hargrave 2023-11-18 22:12:47 
AF  60 012.9  74.3 025.4  08.9 5.98E-06 001.9 210.8  59.0 0.018492 0.009449 0.002743 hargrave 2023-11-18 22:14:08 
AF  70 013.3  74.9 025.7  09.5 5.66E-06 001.9 209.7  59.3 0.017290 0.008786 0.002781 hargrave 2023-11-18 22:15:28 
AF  80 014.3  76.0 026.2  10.5 5.39E-06 001.8 207.5  59.7 0.016110 0.007939 0.002665 hargrave 2023-11-18 22:16:49 
AF  90 009.8  75.2 024.9  10.1 5.03E-06 001.9 208.7  58.5 0.015921 0.007896 0.002458 hargrave 2023-11-18 22:18:10 
AF 100 016.8  74.0 026.4  08.4 4.73E-06 001.9 211.8  60.0 0.014586 0.007529 0.002374 hargrave 2023-11-18 22:19:31 
AF 110 010.1  74.0 024.6  08.9 4.46E-06 001.9 211.0  58.2 0.014170 0.007252 0.002452 hargrave 2023-11-18 22:20:52 
AF 120 006.5  72.8 023.2  08.1 4.31E-06 002.0 212.4  56.9 0.014120 0.007515 0.002440 hargrave 2023-11-18 22:22:12 
AF 130 004.8  73.1 022.8  08.6 4.09E-06 002.0 211.6  56.5 0.013565 0.007022 0.002328 hargrave 2023-11-18 22:23:33 
AF 140 008.6  73.4 024.0  08.4 3.87E-06 002.0 211.8  57.6 0.012665 0.006275 0.002194 hargrave 2023-11-18 22:24:53 
AF 150 005.7  72.7 022.9  08.1 3.50E-06 002.0 212.5  56.6 0.011618 0.006158 0.002208 hargrave 2023-11-18 22:26:14 
AF 160 001.0  72.9 021.7  08.8 3.49E-06 002.1 211.2  55.4 0.011933 0.006272 0.002218 hargrave 2023-11-18 22:27:35 
AF 170 007.2  73.1 023.5  08.3 3.31E-06 002.0 212.0  57.2 0.010949 0.005788 0.002283 hargrave 2023-11-18 22:28:56 
AF 180 017.5  73.7 026.5  08.1 3.11E-06 001.9 212.3  60.2 0.009663 0.005031 0.002056 hargrave 2023-11-18 22:30:17 
AF 190 014.5  70.8 024.9  05.5 3.10E-06 002.0 217.5  58.6 0.009881 0.005632 0.001895 hargrave 2023-11-18 22:31:38 
AF 200 002.0  74.0 022.4  09.7 2.38E-06 002.1 209.6  56.1 0.008215 0.004224 0.001609 hargrave 2023-11-18 22:32:58 
AF 220 013.2  70.6 024.5  05.4 2.61E-06 002.0 217.6  58.1 0.008147 0.004695 0.001851 hargrave 2023-11-18 22:34:19 
AF 240 013.8  71.7 024.9  06.3 2.29E-06 001.9 215.8  58.6 0.007083 0.004003 0.001715 hargrave 2023-11-18 22:35:40 
AF 260 357.9  74.3 021.6  10.5 2.25E-06 002.1 208.3  55.2 0.008000 0.003983 0.002135 hargrave 2023-11-18 22:37:01 
AF 280 359.2  73.1 021.3  09.3 1.98E-06 002.1 210.4  55.0 0.006922 0.003465 0.001891 hargrave 2023-11-18 22:38:22 
AF 300 342.6  80.1 022.4  17.2 1.70E-06 002.0 196.6  55.0 0.006215 0.002759 0.001787 hargrave 2023-11-18 22:39:43 
AF 320 326.1  70.1 011.6  14.3 1.54E-06 002.3 203.7  45.2 0.006459 0.003091 0.001152 hargrave 2023-11-18 22:41:04 
AF 340 307.4  65.4 004.2  18.7 1.61E-06 002.3 198.8  37.6 0.007412 0.003179 0.001649 hargrave 2023-11-18 22:42:24 
AF 360 328.6  60.1 003.8  07.7 1.39E-06 002.6 212.7  37.7 0.005939 0.003441 0.001526 hargrave 2023-11-18 22:43:45 
AF 380 007.8  62.8 020.1 -01.4 1.42E-06 002.3 228.4  52.8 0.004887 0.003247 0.001095 hargrave 2023-11-18 22:45:05 
AF 400 029.7  81.1 030.0  15.1 1.39E-06 001.8 196.9  62.5 0.004412 0.001884 0.001091 hargrave 2023-11-18 22:46:26 
AF 420 301.9  85.4 024.9  23.8 1.46E-06 001.8 184.3  55.0 0.005208 0.001685 0.001635 hargrave 2023-11-18 22:47:47 
AF 440 340.5  83.2 024.6  19.5 1.42E-06 001.9 191.6  56.3 0.005087 0.001985 0.001072 hargrave 2023-11-18 22:49:07 
AF 460 335.1  82.1 023.2  19.3 1.14E-06 001.9 192.6  55.1 0.004089 0.001582 0.001299 hargrave 2023-11-18 22:50:28 
AF 480 091.8  78.0 041.1  18.0 1.32E-06 001.3 178.5  71.0 0.002906 0.001250 0.001386 hargrave 2023-11-18 22:51:49 
AF 500 005.3  71.8 022.4  07.3 1.15E-06 002.1 213.9  56.1 0.003796 0.002307 0.001181 hargrave 2023-11-18 22:53:09 
AF 520 082.5  74.4 042.7  14.0 1.02E-06 001.5 187.0  74.4 0.002250 0.001571 0.001042 hargrave 2023-11-18 22:54:30 
AF 540 028.2  66.4 029.3  00.4 1.05E-06 001.8 228.7  62.2 0.002887 0.002096 0.000957 hargrave 2023-11-18 22:55:51 
AF 560 260.5  86.1 026.7  26.4 1.10E-06 001.9 178.9  55.2 0.003994 0.001404 0.000858 hargrave 2023-11-18 22:57:11 
AF 580 165.1  80.9 037.5  30.3 9.15E-07 001.6 162.1  60.1 0.002546 0.000944 0.001074 hargrave 2023-11-18 22:58:33 
AF 600 071.9  77.8 038.4  14.7 1.12E-06 001.5 190.9  70.3 0.002692 0.001394 0.000927 hargrave 2023-11-18 22:59:54 
AF 650 096.1  63.5 054.6  11.4 1.20E-06 001.3 147.3  84.5 0.002191 0.001684 0.001330 hargrave 2023-11-18 23:01:18 
AF 700 136.1  83.6 036.9  25.6 1.08E-06 001.5 169.7  63.0 0.002918 0.000876 0.000875 hargrave 2023-11-18 23:02:43 
AF 750 010.3  85.0 028.2  19.3 6.48E-07 002.1 189.7  59.6 0.002273 0.001230 0.000793 hargrave 2023-11-18 23:04:03 
AF 800 116.0  66.8 054.8  20.4 1.00E-06 001.3 134.3  75.8 0.001673 0.001446 0.001374 hargrave 2023-11-18 23:05:25 
AF 850 344.0  77.3 020.6  14.9 7.91E-07 002.2 201.0  53.7 0.002951 0.001530 0.001163 hargrave 2023-11-18 23:06:46 
AF 900 083.5  85.4 033.9  21.2 8.05E-07 001.8 181.1  63.5 0.002727 0.001086 0.000892 hargrave 2023-11-18 23:08:08 
AF 950 119.6  57.6 064.7  19.9 8.93E-07 001.3 098.1  74.3 0.001387 0.001427 0.001042 hargrave 2023-11-18 23:09:33 
AF1000 109.8  75.1 045.7  20.6 6.90E-07 001.5 162.9  72.3 0.001668 0.000794 0.000682 hargrave 2023-11-18 23:10:54 
