MF12- 8a sun compass orientation
   4.22  85.4  26.0 300.0  66.0   1.0
NRM    025.3  53.5 027.2 -12.4 8.33E-06 000.8 069.5  71.5 0.007152 0.009717 0.001351 hargrave 2023-11-18 23:12:22 
AF  10 025.4  52.7 027.1 -13.2 7.89E-06 000.9 067.9  70.9 0.007131 0.009587 0.000939 hargrave 2023-11-18 23:13:43 
AF  20 025.5  51.7 027.1 -14.2 7.39E-06 000.9 066.1  70.1 0.007002 0.009251 0.000994 hargrave 2023-11-18 23:15:04 
AF  30 024.5  50.0 026.4 -15.9 6.96E-06 001.0 061.7  69.2 0.007575 0.009322 0.000701 hargrave 2023-11-18 23:16:24 
AF  40 025.7  48.7 027.0 -17.2 6.53E-06 001.0 061.3  67.7 0.007539 0.009019 0.000785 hargrave 2023-11-18 23:17:45 
AF  50 025.6  47.8 026.9 -18.1 6.22E-06 001.1 059.7  67.0 0.007690 0.008590 0.000791 hargrave 2023-11-18 23:19:05 
AF  60 025.7  47.7 026.9 -18.2 5.82E-06 001.1 059.7  66.9 0.007707 0.008061 0.000823 hargrave 2023-11-18 23:20:26 
AF  70 025.9  46.2 027.0 -19.7 5.42E-06 001.1 058.0  65.5 0.007574 0.007772 0.000861 hargrave 2023-11-18 23:21:47 
AF  80 026.5  45.2 027.4 -20.7 5.13E-06 001.2 057.6  64.5 0.007133 0.007819 0.000614 hargrave 2023-11-18 23:23:08 
AF  90 028.9  47.0 029.2 -19.0 4.67E-06 001.1 063.2  65.0 0.005999 0.006839 0.000691 hargrave 2023-11-18 23:24:29 
AF 100 027.7  44.4 028.2 -21.6 4.43E-06 001.2 058.2  63.3 0.006211 0.007186 0.000517 hargrave 2023-11-18 23:25:49 
AF 110 028.8  42.0 029.1 -24.0 4.31E-06 001.3 057.2  60.8 0.006846 0.007302 0.000807 hargrave 2023-11-18 23:27:09 
AF 120 032.6  42.4 032.1 -23.6 4.00E-06 001.3 062.4  59.8 0.005856 0.007015 0.000931 hargrave 2023-11-18 23:28:30 
AF 130 031.4  39.0 031.3 -26.9 3.61E-06 001.4 057.8  57.3 0.006261 0.006417 0.001411 hargrave 2023-11-18 23:29:51 
AF 140 030.8  39.8 030.7 -26.2 3.59E-06 001.4 057.6  58.2 0.006050 0.006559 0.000873 hargrave 2023-11-18 23:31:11 
AF 150 033.6  38.8 033.2 -27.1 3.44E-06 001.4 060.3  56.3 0.005853 0.006229 0.000993 hargrave 2023-11-18 23:32:31 
AF 160 029.1  38.8 029.2 -27.2 3.13E-06 001.4 054.5  58.0 0.005395 0.005506 0.000763 hargrave 2023-11-18 23:33:51 
AF 170 029.6  38.6 029.7 -27.4 3.16E-06 001.4 055.1  57.6 0.005729 0.005492 0.000897 hargrave 2023-11-18 23:35:12 
AF 180 033.2  40.3 032.7 -25.7 2.96E-06 001.4 061.1  57.7 0.004842 0.005504 0.000425 hargrave 2023-11-18 23:36:32 
AF 190 031.5  37.8 031.4 -28.1 2.81E-06 001.5 056.8  56.2 0.005019 0.005731 0.000736 hargrave 2023-11-18 23:37:53 
AF 200 034.2  39.4 033.6 -26.4 2.54E-06 001.4 061.5  56.6 0.004166 0.004508 0.000804 hargrave 2023-11-18 23:39:13 
AF 220 035.6  43.3 034.4 -22.5 2.47E-06 001.2 067.0  59.3 0.003426 0.004215 0.000487 hargrave 2023-11-18 23:40:33 
AF 240 046.8  43.2 043.1 -21.0 2.13E-06 001.2 079.3  54.6 0.002536 0.003959 0.000900 hargrave 2023-11-18 23:41:54 
AF 260 034.4  43.6 033.5 -22.2 1.97E-06 001.3 066.0  60.1 0.003052 0.003459 0.000903 hargrave 2023-11-18 23:43:14 
AF 280 036.8  34.1 036.6 -31.5 1.92E-06 001.7 060.3  51.0 0.003745 0.004353 0.000216 hargrave 2023-11-18 23:44:35 
AF 300 041.7  26.8 043.2 -38.0 1.69E-06 001.9 061.0  42.5 0.004236 0.003993 0.000395 hargrave 2023-11-18 23:45:55 
AF 320 067.0  10.9 080.2 -39.7 9.83E-07 001.8 078.1  17.9 0.002113 0.002725 0.001480 hargrave 2023-11-18 23:47:16 
AF 340 044.8  45.1 041.0 -19.6 1.39E-06 001.3 079.2  56.9 0.002045 0.002756 0.000349 hargrave 2023-11-18 23:48:36 
AF 360 037.9  28.9 038.6 -36.6 1.40E-06 001.9 058.1  45.8 0.003239 0.003242 0.001066 hargrave 2023-11-18 23:49:57 
AF 380 041.7  39.0 040.1 -26.0 1.46E-06 001.4 069.9  53.2 0.002246 0.002931 0.001090 hargrave 2023-11-18 23:51:18 
AF 400 019.5  45.1 022.1 -20.3 1.35E-06 001.3 047.0  66.8 0.002084 0.002148 0.000531 hargrave 2023-11-18 23:52:38 
AF 420 035.2  30.1 035.6 -35.7 9.52E-07 002.0 055.7  47.9 0.002284 0.002410 0.000508 hargrave 2023-11-18 23:53:59 
AF 440 042.8  26.0 044.7 -38.5 1.49E-06 002.0 061.8  41.4 0.003589 0.004006 0.000390 hargrave 2023-11-18 23:55:20 
AF 460 036.0  06.5 041.7 -58.9 8.87E-07 002.9 045.8  25.6 0.003385 0.002917 0.001056 hargrave 2023-11-18 23:56:40 
AF 480 058.0 -09.3 095.9 -59.5 5.38E-07 003.2 061.3  03.1 0.001922 0.001987 0.001390 hargrave 2023-11-18 23:58:01 
AF 500 068.9  22.1 072.5 -30.4 8.76E-07 001.4 085.4  26.9 0.001301 0.002641 0.000936 hargrave 2023-11-18 23:59:21 
AF 520 042.7 -27.4 139.2 -78.1 3.45E-07 004.6 041.3 -08.6 0.001831 0.001386 0.002109 hargrave 2023-11-19 00:00:42 
AF 540 048.5 -27.1 134.6 -73.0 6.93E-07 003.2 046.3 -10.1 0.002769 0.002326 0.001925 hargrave 2023-11-19 00:02:02 
AF 560 083.8 -55.3 173.3 -39.9 9.65E-07 002.1 056.6 -47.1 0.002373 0.001809 0.002788 hargrave 2023-11-19 00:03:23 
AF 580 090.6 -60.7 178.6 -35.0 6.78E-07 001.8 054.9 -53.5 0.001622 0.001078 0.001378 hargrave 2023-11-19 00:04:43 
AF 600 023.8  37.3 024.4 -28.4 4.09E-07 002.6 046.2  58.3 0.001414 0.001275 0.000376 hargrave 2023-11-19 00:06:04 
AF 650 319.7 -53.9 250.1 -30.7 4.41E-07 003.6 336.3 -31.1 0.001425 0.001291 0.002252 hargrave 2023-11-19 00:07:24 
AF 700 053.7 -65.9 196.5 -45.5 5.35E-07 002.4 030.4 -46.6 0.001761 0.001724 0.001894 hargrave 2023-11-19 00:08:45 
AF 750 105.9 -01.8 115.8 -13.6 4.85E-07 001.4 107.8 -10.4 0.000317 0.001309 0.000988 hargrave 2023-11-19 00:10:06 
AF 800 110.4 -39.7 155.0 -22.2 6.98E-07 001.3 091.0 -45.7 0.000807 0.001342 0.002003 hargrave 2023-11-19 00:11:26 
AF 850 029.2 -56.3 210.9 -57.7 9.07E-07 002.3 021.6 -33.0 0.003747 0.001737 0.001018 hargrave 2023-11-19 00:12:47 
AF 900 106.3 -22.1 135.8 -20.7 1.08E-06 001.6 098.7 -28.9 0.002189 0.002977 0.001013 hargrave 2023-11-19 00:14:08 
AF 950 139.3  00.7 127.4  17.9 7.66E-07 001.7 141.1 -20.0 0.002761 0.001625 0.000827 hargrave 2023-11-19 00:15:29 
AF1000 333.0 -35.5 272.8 -39.9 6.48E-07 002.3 341.6 -11.1 0.002963 0.002229 0.000964 hargrave 2023-11-19 00:16:51 
