MF12- 1a sun compass orientation
      0 194.2  47.0 300.0  66.0   1.0
NRM    051.4  54.3 042.5 -09.5 8.48E-06 002.1 232.7  54.3 0.027045 0.017284 0.005810 hargrave 2023-11-18 15:27:37 
AF  10 050.9  53.7 042.4 -10.2 8.11E-06 002.1 233.8  54.0 0.024835 0.016658 0.005168 hargrave 2023-11-18 15:28:57 
AF  20 051.9  53.3 043.1 -10.4 7.72E-06 002.0 234.6  54.5 0.023253 0.015712 0.005381 hargrave 2023-11-18 15:30:18 
AF  30 053.0  53.1 043.8 -10.3 7.33E-06 002.0 234.9  55.2 0.021556 0.014880 0.005299 hargrave 2023-11-18 15:31:38 
AF  40 055.1  53.3 044.9 -09.7 6.88E-06 002.0 234.7  56.4 0.019993 0.014009 0.004765 hargrave 2023-11-18 15:32:59 
AF  50 049.5  52.1 042.1 -12.0 6.02E-06 002.1 236.3  52.9 0.018179 0.013095 0.003969 hargrave 2023-11-18 15:34:19 
AF  60 048.2  51.9 041.4 -12.5 5.35E-06 002.1 236.4  52.1 0.016484 0.012065 0.003304 hargrave 2023-11-18 15:35:40 
AF  70 046.5  51.4 040.5 -13.2 4.93E-06 002.2 236.9  51.0 0.015554 0.012173 0.002964 hargrave 2023-11-18 15:37:00 
AF  80 051.2  50.8 043.6 -12.9 4.33E-06 002.1 238.7  53.8 0.012454 0.010758 0.002906 hargrave 2023-11-18 15:38:20 
AF  90 055.1  51.9 045.5 -11.0 3.99E-06 002.0 237.3  56.3 0.011287 0.008904 0.002552 hargrave 2023-11-18 15:39:42 
AF 100 063.0  50.9 050.4 -09.7 3.85E-06 001.8 239.6  61.2 0.009727 0.008059 0.002567 hargrave 2023-11-18 15:41:02 
AF 110 053.7  49.4 045.6 -13.6 3.83E-06 002.0 241.4  55.2 0.010240 0.008981 0.003428 hargrave 2023-11-18 15:42:23 
AF 120 055.8  51.0 046.2 -11.6 3.61E-06 002.0 239.0  56.7 0.009910 0.008772 0.002894 hargrave 2023-11-18 15:43:43 
AF 130 059.1  50.1 048.5 -11.5 3.51E-06 001.9 240.9  58.7 0.009148 0.007879 0.003422 hargrave 2023-11-18 15:45:03 
AF 140 055.9  44.5 049.1 -17.5 3.32E-06 001.9 250.5  55.6 0.007923 0.008155 0.003168 hargrave 2023-11-18 15:46:24 
AF 150 057.3  45.8 049.4 -15.9 2.90E-06 002.1 248.6  56.8 0.006511 0.009714 0.002549 hargrave 2023-11-18 15:47:48 
AF 160 057.4  51.3 047.0 -11.0 3.11E-06 001.9 238.6  57.7 0.007248 0.007356 0.002513 hargrave 2023-11-18 15:49:08 
AF 170 083.2  44.8 064.8 -05.9 2.80E-06 001.2 256.1  74.8 0.003648 0.004979 0.002660 hargrave 2023-11-18 15:50:29 
AF 180 085.2  52.1 060.3  00.0 2.51E-06 001.3 228.0  74.4 0.004147 0.004303 0.003342 hargrave 2023-11-18 15:51:50 
AF 190 086.5  60.5 054.4  06.1 2.47E-06 001.5 205.2  69.5 0.005870 0.003795 0.002795 hargrave 2023-11-18 15:53:10 
AF 200 083.6  52.7 059.1 -00.3 1.94E-06 001.5 227.5  73.2 0.003929 0.003615 0.002252 hargrave 2023-11-18 15:54:30 
AF 220 087.2  55.2 058.7  03.0 1.98E-06 001.5 216.1  73.6 0.004266 0.003065 0.001430 hargrave 2023-11-18 15:55:51 
AF 240 091.7  45.8 067.9 -00.6 1.59E-06 001.4 248.5  80.7 0.002343 0.002793 0.002586 hargrave 2023-11-18 15:57:12 
AF 260 088.6  60.8 054.8  07.1 1.94E-06 001.7 202.4  69.9 0.004706 0.003454 0.003108 hargrave 2023-11-18 15:58:32 
AF 280 103.0  52.6 066.0  09.3 1.37E-06 001.3 184.3  80.4 0.001771 0.002527 0.003221 hargrave 2023-11-18 15:59:53 
AF 300 092.7  43.6 070.0 -01.3 1.91E-06 000.9 261.8  81.6 0.001457 0.002830 0.002080 hargrave 2023-11-18 16:01:13 
AF 320 114.3  48.5 072.8  14.2 1.63E-06 000.8 131.7  81.0 0.002129 0.000502 0.002441 hargrave 2023-11-18 16:02:33 
AF 340 074.5  50.4 056.7 -05.8 1.51E-06 001.8 239.5  68.5 0.003036 0.003297 0.001235 hargrave 2023-11-18 16:03:53 
AF 360 089.6  58.8 056.7  06.2 1.48E-06 001.6 204.8  71.8 0.003450 0.002451 0.003636 hargrave 2023-11-18 16:05:14 
AF 380 057.4  51.1 047.1 -11.1 1.52E-06 002.3 239.0  57.7 0.005243 0.004093 0.003276 hargrave 2023-11-18 16:06:34 
AF 400 056.9  42.0 050.8 -19.4 1.02E-06 002.7 255.0  55.6 0.003700 0.004046 0.003370 hargrave 2023-11-18 16:07:54 
AF 420 075.2  29.9 071.2 -20.8 1.47E-06 001.5 290.0  63.4 0.001613 0.003895 0.000289 hargrave 2023-11-18 16:09:14 
AF 440 034.7 -08.4 046.7 -73.8 6.52E-07 003.7 290.3  08.8 0.002174 0.004163 0.003303 hargrave 2023-11-18 16:10:35 
AF 460 081.6  12.9 089.5 -27.5 1.32E-06 002.3 320.2  54.2 0.003770 0.004790 0.002523 hargrave 2023-11-18 16:11:55 
AF 480 076.4  21.9 078.2 -25.7 1.51E-06 002.3 303.6  58.7 0.004029 0.004916 0.001060 hargrave 2023-11-18 16:13:15 
AF 500 058.1  58.8 044.2 -04.0 1.49E-06 002.3 224.5  57.8 0.004726 0.004075 0.002557 hargrave 2023-11-18 16:14:35 
AF 520 098.8 -27.1 139.0 -28.6 6.45E-07 003.7 354.9  19.7 0.002660 0.001685 0.003698 hargrave 2023-11-18 16:15:55 
AF 540 105.3  07.0 107.4 -10.3 9.09E-07 002.5 001.9  54.0 0.002779 0.003179 0.000710 hargrave 2023-11-18 16:17:15 
AF 560 076.9  23.3 077.5 -24.4 1.28E-06 001.7 302.5  60.1 0.001990 0.003376 0.000942 hargrave 2023-11-18 16:18:36 
AF 580 099.0  29.9 084.3 -04.6 7.56E-07 003.4 340.6  76.3 0.002261 0.002297 0.006529 hargrave 2023-11-18 16:19:56 
AF 600 012.0 -05.7 343.8 -64.8 6.25E-07 002.5 272.7 -05.5 0.002617 0.003884 0.000627 hargrave 2023-11-18 16:21:16 
AF 650 092.5  15.7 093.4 -17.2 1.30E-06 002.4 336.3  60.9 0.004054 0.003810 0.001679 hargrave 2023-11-18 16:22:36 
AF 700 040.1  24.1 042.2 -40.9 1.82E-06 002.4 268.1  34.8 0.005761 0.007333 0.001886 hargrave 2023-11-18 16:23:56 
AF 750 060.0  33.0 057.9 -26.3 1.29E-06 002.4 271.2  54.2 0.003136 0.005369 0.000583 hargrave 2023-11-18 16:25:16 
AF 800 058.7 -01.8 085.6 -54.5 6.55E-07 002.9 305.1  29.4 0.001944 0.004016 0.001040 hargrave 2023-11-18 16:26:37 
AF 850 061.1  11.0 074.5 -43.6 8.30E-07 002.8 297.5  40.9 0.002006 0.003091 0.003906 hargrave 2023-11-18 16:28:01 
AF 900 070.0  17.8 076.7 -32.8 7.98E-07 001.5 300.4  51.7 0.000968 0.001894 0.002342 hargrave 2023-11-18 16:29:22 
AF 950 128.6 -23.2 144.6 -02.0 1.25E-06 002.7 023.8  20.1 0.005413 0.003406 0.002739 hargrave 2023-11-18 16:30:42 
AF1000 060.1  25.4 062.6 -32.6 1.03E-06 001.4 281.6  50.1 0.001461 0.002671 0.002210 hargrave 2023-11-18 16:32:04 
