MF12- 5a sun compass orientation
   0.48 240.6  35.0 300.0  66.0   1.0
NRM    353.4  74.6 020.7  11.4 8.48E-06 001.9 187.8  40.5 0.033453 0.014385 0.002945 hargrave 2023-11-18 19:53:19 
AF  10 353.4  74.3 020.5  11.1 8.13E-06 001.9 187.9  40.2 0.032070 0.012865 0.002748 hargrave 2023-11-18 19:54:39 
AF  20 354.1  73.2 020.1  10.1 7.68E-06 001.8 188.6  39.2 0.028872 0.013401 0.002491 hargrave 2023-11-18 19:56:03 
AF  30 354.5  73.6 020.4  10.4 7.34E-06 001.9 188.6  39.6 0.029696 0.012475 0.002493 hargrave 2023-11-18 19:57:23 
AF  40 357.4  73.6 021.1  09.9 6.83E-06 001.9 189.6  39.9 0.026014 0.012044 0.002201 hargrave 2023-11-18 19:58:48 
AF  50 358.8  72.9 021.1  09.2 6.51E-06 002.0 190.3  39.4 0.027200 0.011394 0.002132 hargrave 2023-11-18 20:00:08 
AF  60 000.6  73.6 021.9  09.6 6.10E-06 002.0 190.6  40.3 0.025796 0.010533 0.001871 hargrave 2023-11-18 20:01:29 
AF  70 356.7  73.4 020.9  09.9 5.83E-06 002.0 189.4  39.7 0.024731 0.009986 0.001780 hargrave 2023-11-18 20:02:49 
AF  80 000.0  74.3 022.1  10.2 5.48E-06 002.1 190.1  40.8 0.023657 0.009248 0.001655 hargrave 2023-11-18 20:04:10 
AF  90 004.1  75.1 023.5  10.5 5.16E-06 002.1 191.0  42.0 0.021865 0.008750 0.001444 hargrave 2023-11-18 20:05:30 
AF 100 001.0  74.8 022.6  10.5 4.88E-06 002.0 190.2  41.4 0.019210 0.008741 0.001421 hargrave 2023-11-18 20:06:54 
AF 110 004.3  74.8 023.3  10.1 4.64E-06 002.1 191.3  41.7 0.019993 0.007993 0.001605 hargrave 2023-11-18 20:08:15 
AF 120 355.2  76.2 022.0  12.5 4.44E-06 002.0 187.7  42.2 0.019126 0.006851 0.001087 hargrave 2023-11-18 20:09:35 
AF 130 356.3  76.3 022.3  12.4 4.12E-06 002.1 188.0  42.3 0.017892 0.006512 0.001154 hargrave 2023-11-18 20:10:56 
AF 140 347.1  76.6 020.7  14.0 4.00E-06 002.0 185.1  42.1 0.017025 0.006007 0.001249 hargrave 2023-11-18 20:12:17 
AF 150 353.0  78.5 022.9  14.6 3.83E-06 002.0 186.1  44.2 0.015949 0.005637 0.001065 hargrave 2023-11-18 20:13:37 
AF 160 344.8  77.9 021.1  15.3 3.71E-06 002.0 184.0  43.2 0.015645 0.005407 0.001119 hargrave 2023-11-18 20:14:58 
AF 170 340.2  76.4 019.3  14.9 3.53E-06 001.9 183.0  41.6 0.015309 0.004928 0.000883 hargrave 2023-11-18 20:16:18 
AF 180 359.5  79.3 024.4  14.7 3.32E-06 002.0 187.3  45.4 0.013711 0.004907 0.001018 hargrave 2023-11-18 20:17:38 
AF 190 010.5  78.3 026.0  12.9 3.22E-06 002.1 190.7  45.4 0.013342 0.005216 0.001203 hargrave 2023-11-18 20:18:58 
AF 200 003.7  76.6 024.0  11.9 3.16E-06 002.0 190.0  43.3 0.012426 0.005258 0.001010 hargrave 2023-11-18 20:20:21 
AF 220 001.4  78.2 024.2  13.5 2.82E-06 002.1 188.4  44.5 0.012209 0.004353 0.000806 hargrave 2023-11-18 20:21:42 
AF 240 334.3  77.9 019.6  16.8 2.71E-06 001.7 181.0  42.9 0.010586 0.003298 0.000644 hargrave 2023-11-18 20:23:06 
AF 260 353.8  81.9 025.0  17.4 2.45E-06 001.9 184.7  47.5 0.009956 0.003200 0.000756 hargrave 2023-11-18 20:24:27 
AF 280 013.1  89.2 029.7  23.2 2.46E-06 001.9 180.9  54.4 0.009110 0.002487 0.000391 hargrave 2023-11-18 20:25:48 
AF 300 075.4  88.5 031.2  22.9 2.54E-06 001.8 182.6  55.4 0.008880 0.002526 0.000551 hargrave 2023-11-18 20:27:08 
AF 320 052.8  86.1 031.6  20.4 2.21E-06 001.9 186.6  54.3 0.008134 0.002533 0.000751 hargrave 2023-11-18 20:28:28 
AF 340 030.4  85.2 030.0  19.2 1.92E-06 002.0 186.8  52.4 0.007698 0.002494 0.000417 hargrave 2023-11-18 20:29:48 
AF 360 305.9  87.3 027.1  23.7 1.98E-06 001.8 178.2  52.5 0.007384 0.001958 0.000461 hargrave 2023-11-18 20:31:07 
AF 380 157.7  78.4 040.6  30.7 2.39E-06 001.4 176.4  66.4 0.006128 0.001676 0.000528 hargrave 2023-11-18 20:32:27 
AF 400 001.5  85.9 027.9  20.4 1.67E-06 002.0 183.4  51.4 0.006528 0.002019 0.000855 hargrave 2023-11-18 20:33:47 
AF 420 216.2  83.8 029.2  30.2 1.75E-06 001.7 169.5  57.1 0.005817 0.001140 0.000731 hargrave 2023-11-18 20:35:07 
AF 440 191.3  80.0 033.8  33.4 1.77E-06 001.5 166.1  61.9 0.005117 0.001103 0.000576 hargrave 2023-11-18 20:36:27 
AF 460 199.8  86.5 030.7  27.4 1.53E-06 001.8 175.1  57.2 0.005386 0.001291 0.000681 hargrave 2023-11-18 20:37:47 
AF 480 144.8  85.4 034.6  25.8 1.58E-06 001.8 180.9  59.5 0.005358 0.001382 0.000146 hargrave 2023-11-18 20:39:07 
AF 500 137.7  77.1 043.8  27.3 1.37E-06 001.7 187.4  67.4 0.003829 0.001407 0.000961 hargrave 2023-11-18 20:40:27 
AF 520 310.4  82.2 021.7  22.4 1.20E-06 001.6 176.0  47.6 0.004341 0.000650 0.000446 hargrave 2023-11-18 20:41:51 
AF 540 146.1  87.8 032.2  25.0 1.37E-06 001.9 180.3  57.2 0.005057 0.001179 0.000272 hargrave 2023-11-18 20:43:11 
AF 560 222.4  85.4 028.9  28.5 1.13E-06 001.9 172.1  56.2 0.003961 0.001002 0.000816 hargrave 2023-11-18 20:44:30 
AF 580 150.7  75.0 045.1  30.9 1.08E-06 001.5 179.9  70.0 0.002940 0.000859 0.000470 hargrave 2023-11-18 20:45:50 
AF 600 149.2  76.9 043.2  29.8 1.20E-06 001.4 180.9  68.1 0.003003 0.000885 0.000380 hargrave 2023-11-18 20:47:14 
AF 650 133.4  85.3 035.0  25.0 9.14E-07 001.7 182.7  59.5 0.002932 0.000940 0.000492 hargrave 2023-11-18 20:48:34 
AF 700 335.4  82.8 023.7  19.7 6.20E-07 001.8 180.9  47.8 0.002581 0.000583 0.000250 hargrave 2023-11-18 20:49:54 
AF 750 145.9  56.2 067.1  34.0 9.87E-07 001.1 243.7  87.1 0.001211 0.001440 0.000436 hargrave 2023-11-18 20:51:14 
AF 800 169.0  75.5 041.5  34.5 7.82E-07 001.4 167.7  68.3 0.001853 0.000435 0.001264 hargrave 2023-11-18 20:52:34 
AF 850 137.2  33.6 093.0  26.7 6.27E-07 001.5 330.8  66.6 0.001279 0.001334 0.000372 hargrave 2023-11-18 20:53:55 
AF 900 108.1  12.3 103.8 -05.6 5.21E-07 002.2 305.3  36.0 0.001368 0.001809 0.000394 hargrave 2023-11-18 20:55:15 
AF 950 131.2 -11.1 134.7  05.5 5.85E-07 001.8 339.4  21.9 0.002466 0.001345 0.000455 hargrave 2023-11-18 20:56:36 
AF1000 181.1 -29.7 181.2  29.6 4.39E-07 003.7 026.2  01.3 0.002909 0.001653 0.000614 hargrave 2023-11-18 20:57:56 
