MF12- 10a sun compass orientation
   8.52 140.8  27.0 300.0  66.0   1.0
NRM    035.3  57.0 032.9 -08.9 8.95E-06 000.9 300.8  80.2 0.010249 0.008945 0.004097 hargrave 2023-11-19 01:24:45 
AF  10 034.9  56.6 032.7 -09.3 8.60E-06 000.8 301.6  79.8 0.009034 0.008014 0.003714 hargrave 2023-11-19 01:26:06 
AF  20 034.4  55.5 032.5 -10.4 8.14E-06 000.9 304.4  78.8 0.008852 0.009372 0.003383 hargrave 2023-11-19 01:27:26 
AF  30 035.0  54.7 032.9 -11.2 7.85E-06 000.9 308.4  78.4 0.008477 0.008619 0.003412 hargrave 2023-11-19 01:28:47 
AF  40 035.7  54.2 033.4 -11.6 7.49E-06 000.9 311.3  78.3 0.007926 0.008645 0.003022 hargrave 2023-11-19 01:30:07 
AF  50 036.0  53.2 033.7 -12.6 7.02E-06 000.9 314.9  77.5 0.007679 0.007381 0.002936 hargrave 2023-11-19 01:31:28 
AF  60 035.3  52.7 033.3 -13.1 6.58E-06 000.9 314.3  76.9 0.007212 0.006695 0.002731 hargrave 2023-11-19 01:32:49 
AF  70 036.0  52.2 033.7 -13.6 6.31E-06 000.9 317.1  76.7 0.007172 0.006483 0.002818 hargrave 2023-11-19 01:34:10 
AF  80 036.3  52.4 033.9 -13.4 6.09E-06 000.9 317.4  77.0 0.006927 0.006263 0.002852 hargrave 2023-11-19 01:35:32 
AF  90 039.0  50.7 035.9 -14.9 5.67E-06 001.0 327.2  76.2 0.006760 0.006252 0.002821 hargrave 2023-11-19 01:36:52 
AF 100 037.6  52.4 034.8 -13.3 5.28E-06 000.9 320.7  77.3 0.005900 0.005383 0.003061 hargrave 2023-11-19 01:38:13 
AF 110 039.7  53.2 035.9 -12.3 5.02E-06 000.9 324.2  78.7 0.005409 0.005504 0.002867 hargrave 2023-11-19 01:39:34 
AF 120 039.8  50.7 036.4 -14.8 4.68E-06 001.0 329.3  76.3 0.005532 0.005397 0.002574 hargrave 2023-11-19 01:40:54 
AF 130 045.2  48.5 040.5 -16.2 4.59E-06 001.0 345.5  75.2 0.006000 0.004950 0.003135 hargrave 2023-11-19 01:42:14 
AF 140 042.0  48.7 038.2 -16.5 4.33E-06 001.0 337.2  74.9 0.005695 0.005101 0.002742 hargrave 2023-11-19 01:43:35 
AF 150 041.8  46.7 038.5 -18.5 4.04E-06 001.0 338.7  72.9 0.005352 0.004543 0.002198 hargrave 2023-11-19 01:44:56 
AF 160 044.6  47.2 040.4 -17.6 3.81E-06 001.1 344.8  73.8 0.005405 0.004569 0.002423 hargrave 2023-11-19 01:46:17 
AF 170 042.7  44.9 039.6 -20.2 3.53E-06 001.2 341.9  71.3 0.005464 0.004582 0.002229 hargrave 2023-11-19 01:47:37 
AF 180 049.4  44.0 044.7 -19.7 3.50E-06 001.1 356.9  71.0 0.005168 0.004364 0.002355 hargrave 2023-11-19 01:48:59 
AF 190 045.4  46.6 041.0 -18.0 3.61E-06 001.1 346.9  73.4 0.005495 0.004374 0.001787 hargrave 2023-11-19 01:50:19 
AF 200 048.6  43.3 044.4 -20.6 3.45E-06 001.1 355.3  70.2 0.005194 0.004352 0.001909 hargrave 2023-11-19 01:51:41 
AF 220 051.1  40.3 047.3 -22.8 2.99E-06 001.3 000.5  67.3 0.005526 0.004036 0.001140 hargrave 2023-11-19 01:53:01 
AF 240 050.8  37.2 048.3 -25.8 2.81E-06 001.3 359.9  64.2 0.005399 0.003912 0.001601 hargrave 2023-11-19 01:54:22 
AF 260 053.8  40.0 049.5 -22.3 2.71E-06 001.3 005.9  66.9 0.004702 0.004000 0.001340 hargrave 2023-11-19 01:55:44 
AF 280 051.1  42.0 046.7 -21.2 2.37E-06 001.4 000.7  69.0 0.004597 0.003458 0.001275 hargrave 2023-11-19 01:57:04 
AF 300 054.0  38.6 050.3 -23.5 2.40E-06 001.3 006.0  65.5 0.004538 0.003558 0.001298 hargrave 2023-11-19 01:58:25 
AF 320 063.1  43.0 054.6 -16.4 2.06E-06 001.5 025.4  68.8 0.003774 0.003477 0.001544 hargrave 2023-11-19 01:59:46 
AF 340 058.6  48.3 049.1 -13.3 1.78E-06 001.4 019.9  74.7 0.003000 0.002850 0.001216 hargrave 2023-11-19 02:01:07 
AF 360 072.1  44.8 059.1 -11.2 1.44E-06 001.7 043.8  68.1 0.002828 0.002800 0.001652 hargrave 2023-11-19 02:02:27 
AF 380 067.2  45.6 055.7 -12.6 1.81E-06 001.4 035.8  70.2 0.002859 0.003151 0.001574 hargrave 2023-11-19 02:03:48 
AF 400 065.2  43.1 055.9 -15.5 1.96E-06 001.4 029.5  68.4 0.003258 0.003152 0.001342 hargrave 2023-11-19 02:05:09 
AF 420 094.8  45.7 069.2  01.1 1.43E-06 001.4 075.8  59.9 0.001751 0.002965 0.001108 hargrave 2023-11-19 02:06:30 
AF 440 101.0  50.3 067.5  07.1 1.70E-06 001.3 088.2  60.6 0.002082 0.003340 0.001171 hargrave 2023-11-19 02:07:51 
AF 460 098.7  43.3 072.8  02.2 1.24E-06 001.7 077.2  56.3 0.002424 0.002744 0.001206 hargrave 2023-11-19 02:09:11 
AF 480 104.1  49.4 069.2  08.4 1.54E-06 001.3 089.8  58.6 0.002214 0.002830 0.001710 hargrave 2023-11-19 02:10:32 
AF 500 105.5  49.4 069.7  09.2 1.61E-06 001.2 091.1  57.9 0.002248 0.002986 0.001399 hargrave 2023-11-19 02:11:53 
AF 520 106.5  54.0 065.7  11.8 1.41E-06 001.1 098.5  60.6 0.001781 0.002209 0.001539 hargrave 2023-11-19 02:13:14 
AF 540 099.8  58.3 060.1  10.4 1.40E-06 001.3 101.4  66.2 0.002126 0.002324 0.001238 hargrave 2023-11-19 02:14:35 
AF 560 111.7  45.5 075.1  11.4 1.41E-06 001.3 091.9  52.2 0.002060 0.002887 0.001676 hargrave 2023-11-19 02:15:56 
AF 580 090.5  60.5 055.6  07.7 1.31E-06 001.5 100.5  71.3 0.002890 0.001957 0.000975 hargrave 2023-11-19 02:17:17 
AF 600 130.3  47.8 076.5  24.3 1.17E-06 001.5 109.0  45.7 0.002475 0.002359 0.001639 hargrave 2023-11-19 02:18:38 
AF 650 096.8  50.0 066.4  04.6 1.51E-06 001.3 083.9  62.3 0.002117 0.002789 0.000670 hargrave 2023-11-19 02:19:58 
AF 700 117.8  43.4 078.6  14.7 1.24E-06 001.2 095.0  47.9 0.001527 0.002725 0.000714 hargrave 2023-11-19 02:21:19 
AF 750 094.1  64.3 053.4  11.1 1.26E-06 001.3 113.2  71.1 0.002370 0.001786 0.001108 hargrave 2023-11-19 02:22:40 
AF 800 094.9  60.5 056.9  09.4 1.34E-06 001.3 103.0  69.4 0.002348 0.001937 0.001435 hargrave 2023-11-19 02:24:01 
AF 850 164.0  72.8 045.1  35.2 7.95E-07 002.6 153.1  52.9 0.004073 0.001951 0.000979 hargrave 2023-11-19 02:25:22 
AF 900 147.6  53.8 069.9  35.3 1.44E-06 001.5 126.1  43.4 0.003649 0.002204 0.001260 hargrave 2023-11-19 02:26:44 
AF 950 103.2  56.9 062.3  11.3 1.07E-06 001.5 100.8  63.8 0.002270 0.001571 0.001223 hargrave 2023-11-19 02:28:05 
AF1000 050.7  54.0 042.2 -09.9 1.13E-06 001.7 359.7  81.0 0.002469 0.002258 0.000840 hargrave 2023-11-19 02:29:26 
