MF12- 11a sun compass orientation
   9.92 170.0  35.0 300.0  66.0   1.0
NRM    048.5  62.4 038.4 -02.3 1.15E-05 001.1 232.6  72.3 0.018429 0.012932 0.010549 hargrave 2023-11-19 02:32:14 
AF  10 047.7  63.2 037.9 -01.7 1.11E-05 001.1 230.5  71.8 0.018030 0.013193 0.010443 hargrave 2023-11-19 02:33:35 
AF  20 048.6  63.3 038.2 -01.5 1.07E-05 001.1 229.8  72.1 0.017310 0.012552 0.010040 hargrave 2023-11-19 02:34:55 
AF  30 048.2  63.4 038.0 -01.4 1.03E-05 001.1 229.4  71.9 0.016797 0.012302 0.010304 hargrave 2023-11-19 02:36:16 
AF  40 049.6  63.1 038.7 -01.5 9.92E-06 001.1 230.1  72.6 0.015342 0.011850 0.009966 hargrave 2023-11-19 02:37:37 
AF  50 051.8  63.5 039.5 -00.8 9.69E-06 001.1 227.7  73.5 0.014488 0.011345 0.009710 hargrave 2023-11-19 02:38:58 
AF  60 050.1  62.3 039.2 -02.3 9.34E-06 001.2 232.6  73.0 0.015152 0.011281 0.009740 hargrave 2023-11-19 02:40:20 
AF  70 051.5  61.6 040.1 -02.6 9.04E-06 001.1 234.3  73.8 0.013798 0.010805 0.009768 hargrave 2023-11-19 02:41:40 
AF  80 050.6  62.3 039.4 -02.2 8.67E-06 001.2 232.4  73.2 0.013753 0.011010 0.010025 hargrave 2023-11-19 02:43:01 
AF  90 046.5  62.1 037.7 -02.9 8.55E-06 001.3 234.2  71.4 0.015117 0.011314 0.010040 hargrave 2023-11-19 02:44:22 
AF 100 054.3  61.7 041.3 -02.1 8.09E-06 001.0 232.9  75.1 0.012716 0.007419 0.009554 hargrave 2023-11-19 02:45:46 
AF 110 060.5  61.5 044.0 -01.0 8.06E-06 000.9 229.4  77.9 0.011034 0.007385 0.009064 hargrave 2023-11-19 02:47:06 
AF 120 058.3  61.4 043.1 -01.6 7.80E-06 001.0 231.9  77.0 0.010699 0.007603 0.009535 hargrave 2023-11-19 02:48:27 
AF 130 053.8  61.2 041.2 -02.7 7.50E-06 001.1 235.2  75.0 0.011139 0.008427 0.009567 hargrave 2023-11-19 02:49:48 
AF 140 057.5  62.2 042.5 -01.1 7.70E-06 001.0 229.2  76.4 0.011618 0.007671 0.008157 hargrave 2023-11-19 02:51:09 
AF 150 052.9  63.2 040.1 -01.0 7.34E-06 001.2 228.4  74.0 0.012702 0.008241 0.008987 hargrave 2023-11-19 02:52:30 
AF 160 056.2  59.2 043.1 -04.0 7.21E-06 001.0 242.1  76.5 0.009286 0.007667 0.008627 hargrave 2023-11-19 02:53:51 
AF 170 055.6  59.3 042.8 -04.0 7.06E-06 001.0 241.8  76.2 0.008753 0.009588 0.009232 hargrave 2023-11-19 02:55:15 
AF 180 052.3  63.0 039.9 -01.2 7.15E-06 001.2 229.3  73.8 0.012430 0.008070 0.009361 hargrave 2023-11-19 02:56:36 
AF 190 049.2  65.1 038.0  00.3 6.78E-06 001.3 223.9  71.9 0.013323 0.008286 0.009105 hargrave 2023-11-19 02:57:58 
AF 200 058.2  53.2 046.7 -09.0 6.53E-06 000.7 269.3  77.1 0.002973 0.006460 0.008189 hargrave 2023-11-19 02:59:19 
AF 220 060.1  57.7 045.6 -04.5 6.45E-06 000.9 248.0  78.7 0.006646 0.006850 0.008279 hargrave 2023-11-19 03:00:39 
AF 240 062.8  52.2 049.6 -08.5 6.16E-06 000.6 278.2  79.5 0.002653 0.006148 0.007622 hargrave 2023-11-19 03:02:00 
AF 260 058.0  52.3 046.9 -09.8 5.21E-06 000.8 272.5  76.7 0.003874 0.006081 0.008582 hargrave 2023-11-19 03:03:21 
AF 280 065.9  53.0 050.8 -06.9 5.17E-06 000.6 277.6  81.5 0.001992 0.004278 0.007430 hargrave 2023-11-19 03:04:42 
AF 300 064.5  62.0 045.4  00.3 4.53E-06 000.9 222.7  79.3 0.005399 0.004792 0.007257 hargrave 2023-11-19 03:06:03 
AF 320 073.2  52.7 054.6 -04.6 4.55E-06 000.5 296.6  85.4 0.001416 0.003247 0.006091 hargrave 2023-11-19 03:07:28 
AF 340 057.3  58.7 043.8 -04.2 4.63E-06 001.0 244.0  77.1 0.005572 0.005573 0.006587 hargrave 2023-11-19 03:08:49 
AF 360 063.7  52.8 049.8 -07.8 4.30E-06 000.8 276.4  80.2 0.003269 0.004465 0.006456 hargrave 2023-11-19 03:10:10 
AF 380 035.0  66.8 032.0  00.9 4.74E-06 001.8 222.9  65.9 0.012557 0.007480 0.007227 hargrave 2023-11-19 03:11:30 
AF 400 072.4  54.4 053.2 -03.6 3.29E-06 000.6 274.9  85.6 0.001697 0.002799 0.006496 hargrave 2023-11-19 03:12:51 
AF 420 069.5  47.4 056.0 -10.3 4.00E-06 000.6 315.0  79.9 0.002402 0.003190 0.005171 hargrave 2023-11-19 03:14:12 
AF 440 049.2  59.1 039.8 -05.4 4.33E-06 001.3 243.6  72.9 0.007391 0.006120 0.005249 hargrave 2023-11-19 03:15:33 
AF 460 048.2  52.4 041.3 -12.0 3.79E-06 001.2 264.8  71.2 0.004336 0.005851 0.006969 hargrave 2023-11-19 03:16:53 
AF 480 060.3  53.0 047.9 -08.7 3.71E-06 000.9 271.9  78.3 0.003141 0.004651 0.005495 hargrave 2023-11-19 03:18:14 
AF 500 058.2  43.2 051.3 -18.0 3.28E-06 000.8 301.0  71.6 0.002440 0.003864 0.004094 hargrave 2023-11-19 03:19:36 
AF 520 080.3  49.8 059.9 -03.8 3.84E-06 000.5 002.2  84.8 0.002553 0.002369 0.003774 hargrave 2023-11-19 03:20:56 
AF 540 060.1  32.1 058.5 -27.0 2.82E-06 001.0 320.3  63.1 0.004360 0.003881 0.003751 hargrave 2023-11-19 03:22:17 
AF 560 064.0  55.4 048.6 -05.5 3.67E-06 000.7 260.8  80.9 0.003204 0.003572 0.002891 hargrave 2023-11-19 03:23:41 
AF 580 047.3  45.6 042.7 -18.6 2.94E-06 001.1 280.8  67.4 0.002428 0.005362 0.004202 hargrave 2023-11-19 03:25:06 
AF 600 068.5  30.1 066.3 -24.5 3.68E-06 001.0 337.0  63.8 0.006053 0.004185 0.002500 hargrave 2023-11-19 03:26:27 
AF 650 058.3  58.8 044.3 -04.0 2.57E-06 001.0 243.5  77.6 0.002992 0.003281 0.003203 hargrave 2023-11-19 03:27:47 
AF 700 065.6  47.0 054.0 -12.1 2.47E-06 000.8 305.9  77.9 0.002137 0.002849 0.002762 hargrave 2023-11-19 03:29:12 
AF 750 099.2  20.5 092.5 -09.3 1.72E-06 001.6 030.4  52.6 0.005123 0.002993 0.003533 hargrave 2023-11-19 03:30:36 
AF 800 059.1  06.2 076.9 -48.6 1.23E-06 002.1 333.1  38.3 0.004094 0.002710 0.003525 hargrave 2023-11-19 03:31:57 
AF 850 063.7  16.9 072.0 -37.6 1.66E-06 002.0 335.3  49.8 0.005974 0.002537 0.004185 hargrave 2023-11-19 03:33:20 
AF 900 135.4  07.7 119.1  17.1 1.10E-06 002.9 064.7  25.6 0.005279 0.004130 0.001926 hargrave 2023-11-19 03:34:41 
AF 950 078.8  29.6 073.7 -18.8 1.60E-06 001.9 357.5  64.6 0.005438 0.001854 0.001653 hargrave 2023-11-19 03:36:02 
AF1000 115.2  37.2 083.9  10.7 7.18E-07 002.5 067.9  60.3 0.002955 0.002551 0.002266 hargrave 2023-11-19 03:37:24 
