MF12- 9a sun compass orientation
   4.82 153.5  25.0 300.0  66.0   1.0
NRM    046.7  59.8 038.3 -05.1 8.16E-06 000.7 296.1  80.7 0.007219 0.007740 0.002394 hargrave 2023-11-19 00:18:22 
AF  10 046.1  59.3 038.2 -05.7 7.85E-06 000.7 297.1  80.1 0.006969 0.007050 0.002862 hargrave 2023-11-19 00:19:42 
AF  20 047.5  58.5 039.1 -06.2 7.42E-06 000.7 303.2  80.1 0.006728 0.006693 0.002777 hargrave 2023-11-19 00:21:02 
AF  30 048.1  58.1 039.5 -06.5 7.03E-06 000.7 306.3  80.0 0.007150 0.005761 0.002587 hargrave 2023-11-19 00:22:27 
AF  40 049.1  57.3 040.3 -07.1 6.75E-06 000.8 311.3  79.7 0.006938 0.005601 0.002556 hargrave 2023-11-19 00:23:51 
AF  50 046.5  58.2 038.7 -06.6 6.24E-06 000.7 302.4  79.5 0.005620 0.005950 0.002311 hargrave 2023-11-19 00:25:12 
AF  60 044.7  57.9 037.8 -07.2 6.00E-06 000.8 299.8  78.6 0.005623 0.005869 0.002270 hargrave 2023-11-19 00:26:32 
AF  70 042.1  57.1 036.6 -08.3 5.62E-06 000.8 297.5  77.0 0.005358 0.005766 0.002249 hargrave 2023-11-19 00:27:53 
AF  80 044.9  56.9 038.1 -08.1 5.33E-06 000.8 303.4  78.0 0.004994 0.005279 0.002272 hargrave 2023-11-19 00:29:14 
AF  90 044.2  55.4 038.1 -09.7 5.18E-06 000.8 306.2  76.5 0.005167 0.005460 0.002209 hargrave 2023-11-19 00:30:35 
AF 100 046.1  54.6 039.4 -10.2 4.81E-06 000.9 312.3  76.5 0.005092 0.005365 0.001790 hargrave 2023-11-19 00:31:55 
AF 110 045.2  52.9 039.3 -12.0 4.41E-06 000.9 313.9  74.8 0.004894 0.004680 0.001765 hargrave 2023-11-19 00:33:16 
AF 120 048.0  53.4 040.8 -11.0 4.25E-06 000.8 318.8  76.0 0.004655 0.004205 0.001618 hargrave 2023-11-19 00:34:36 
AF 130 050.1  51.9 042.5 -12.1 3.94E-06 000.9 326.0  75.2 0.004609 0.003874 0.001652 hargrave 2023-11-19 00:35:56 
AF 140 044.0  51.7 038.9 -13.3 3.79E-06 000.9 313.8  73.3 0.004470 0.004421 0.001749 hargrave 2023-11-19 00:37:16 
AF 150 039.2  51.7 035.8 -13.9 3.58E-06 001.0 305.2  71.8 0.004481 0.004577 0.001416 hargrave 2023-11-19 00:38:37 
AF 160 040.9  50.6 037.1 -14.8 3.27E-06 001.0 310.0  71.4 0.003916 0.003901 0.001424 hargrave 2023-11-19 00:39:57 
AF 170 047.5  51.5 041.1 -12.9 3.29E-06 000.9 321.0  74.2 0.003837 0.003515 0.001531 hargrave 2023-11-19 00:41:18 
AF 180 051.1  51.8 043.1 -11.9 3.23E-06 000.9 328.3  75.4 0.004022 0.003070 0.001676 hargrave 2023-11-19 00:42:39 
AF 190 044.9  50.5 039.7 -14.4 2.92E-06 000.9 317.3  72.6 0.003616 0.003245 0.001205 hargrave 2023-11-19 00:43:59 
AF 200 042.5  50.1 038.3 -15.1 2.81E-06 000.9 313.5  71.5 0.003523 0.003140 0.000998 hargrave 2023-11-19 00:45:20 
AF 220 051.5  57.4 041.5 -06.6 2.69E-06 000.8 317.5  80.5 0.002949 0.002566 0.001644 hargrave 2023-11-19 00:46:40 
AF 240 034.1  53.4 032.5 -12.5 2.37E-06 001.0 294.2  71.3 0.002744 0.003040 0.001516 hargrave 2023-11-19 00:48:01 
AF 260 049.1  61.0 039.1 -03.6 2.34E-06 000.8 294.7  82.4 0.002385 0.002219 0.001237 hargrave 2023-11-19 00:49:21 
AF 280 052.1  59.3 041.1 -04.8 1.88E-06 000.9 311.9  82.2 0.002239 0.002225 0.001218 hargrave 2023-11-19 00:50:42 
AF 300 038.3  57.4 034.5 -08.4 1.91E-06 001.1 290.6  75.8 0.002572 0.002647 0.001328 hargrave 2023-11-19 00:52:02 
AF 320 073.6  65.2 046.9  05.3 1.59E-06 000.8 097.8  85.7 0.001812 0.001258 0.001837 hargrave 2023-11-19 00:53:23 
AF 340 071.7  43.5 059.6 -12.4 1.67E-06 001.4 016.0  68.0 0.003682 0.002497 0.001362 hargrave 2023-11-19 00:54:43 
AF 360 070.5  35.2 064.3 -19.5 1.62E-06 001.7 011.4  59.9 0.004828 0.002605 0.001521 hargrave 2023-11-19 00:56:03 
AF 380 072.7  38.9 063.2 -15.5 1.50E-06 001.6 016.2  63.3 0.003845 0.002242 0.001687 hargrave 2023-11-19 00:57:24 
AF 400 085.3  38.4 070.6 -08.9 1.78E-06 001.7 036.2  60.6 0.004560 0.002611 0.002013 hargrave 2023-11-19 00:58:44 
AF 420 079.4  40.8 065.8 -10.6 1.54E-06 001.6 028.4  64.1 0.003842 0.002253 0.001817 hargrave 2023-11-19 01:00:05 
AF 440 097.0  45.2 070.5  02.1 9.20E-07 001.4 059.0  63.0 0.001750 0.001400 0.000741 hargrave 2023-11-19 01:01:26 
AF 460 130.1  05.7 118.9  11.5 1.32E-06 002.1 070.9  14.9 0.003685 0.004396 0.000792 hargrave 2023-11-19 01:02:46 
AF 480 100.2  19.9 093.5 -08.8 9.16E-07 002.4 046.2  38.8 0.003082 0.002363 0.000443 hargrave 2023-11-19 01:04:07 
AF 500 110.7  37.8 081.9  07.6 1.18E-06 001.9 068.5  51.5 0.002834 0.002435 0.001869 hargrave 2023-11-19 01:05:27 
AF 520 121.3  20.8 101.3  09.4 7.59E-07 002.2 069.1  32.1 0.001968 0.002397 0.000677 hargrave 2023-11-19 01:06:47 
AF 540 126.6 -01.5 124.1  05.4 1.17E-06 002.4 064.7  09.7 0.003699 0.004075 0.000471 hargrave 2023-11-19 01:08:08 
AF 560 122.2  04.9 116.4  04.0 7.70E-07 003.0 063.1  17.2 0.003233 0.002452 0.001111 hargrave 2023-11-19 01:09:28 
AF 580 116.9 -04.8 123.1 -04.8 1.20E-06 002.8 054.3  10.1 0.004705 0.003808 0.000667 hargrave 2023-11-19 01:10:49 
AF 600 173.3 -30.1 175.1  25.4 3.17E-07 001.8 093.7 -35.3 0.000872 0.001049 0.000459 hargrave 2023-11-19 01:12:09 
AF 650 126.9  24.7 099.5  15.6 1.25E-06 001.8 076.7  33.4 0.002779 0.003798 0.000810 hargrave 2023-11-19 01:13:30 
AF 700 097.1  54.1 063.0  06.9 8.90E-07 001.0 072.7  70.1 0.000780 0.001157 0.000820 hargrave 2023-11-19 01:14:50 
AF 750 040.4  14.0 046.0 -50.6 5.22E-07 002.9 331.7  36.7 0.002399 0.001473 0.001985 hargrave 2023-11-19 01:16:11 
AF 800 119.8  43.4 079.2  16.1 7.16E-07 001.1 082.9  52.4 0.000553 0.001574 0.001030 hargrave 2023-11-19 01:17:32 
AF 850 087.5  15.8 090.5 -21.2 4.99E-07 002.3 029.8  38.2 0.002083 0.001097 0.000775 hargrave 2023-11-19 01:18:53 
AF 900 115.9  28.3 092.4  07.8 1.29E-06 001.9 067.7  41.1 0.002908 0.003315 0.001314 hargrave 2023-11-19 01:20:14 
AF 950 071.3  66.1 045.6  05.4 8.89E-07 000.3 112.0  86.6 0.000468 0.000092 0.000784 hargrave 2023-11-19 01:21:35 
AF1000 093.0  54.8 061.1  05.3 1.04E-06 000.9 068.9  72.3 0.000952 0.001162 0.000817 hargrave 2023-11-19 01:22:56 
