MF12- 6a sun compass orientation
   0.85 177.9  43.0 300.0  66.0   1.0
NRM    038.6  75.9 032.1  10.1 9.08E-06 001.9 198.6  54.8 0.030817 0.013743 0.004329 hargrave 2023-11-18 21:00:23 
AF  10 035.4  76.0 031.3  10.1 8.61E-06 001.9 199.1  54.1 0.029833 0.012699 0.003665 hargrave 2023-11-18 21:01:42 
AF  20 035.3  75.5 031.4  09.5 8.08E-06 002.0 200.0  54.3 0.027994 0.012611 0.003379 hargrave 2023-11-18 21:03:02 
AF  30 034.4  75.1 031.1  09.1 7.61E-06 002.0 200.7  54.2 0.026760 0.011606 0.003125 hargrave 2023-11-18 21:04:22 
AF  40 030.4  74.7 030.1  08.7 7.12E-06 002.0 201.8  53.3 0.025772 0.011538 0.003322 hargrave 2023-11-18 21:05:41 
AF  50 029.2  75.2 029.8  09.2 6.66E-06 002.0 201.2  52.9 0.023590 0.010996 0.002994 hargrave 2023-11-18 21:07:01 
AF  60 025.9  74.4 028.9  08.5 6.29E-06 002.1 202.8  52.2 0.023209 0.009763 0.003002 hargrave 2023-11-18 21:08:21 
AF  70 021.1  75.3 027.7  09.5 5.94E-06 002.1 201.6  50.8 0.022877 0.009980 0.002931 hargrave 2023-11-18 21:09:41 
AF  80 024.5  74.4 028.5  08.5 5.53E-06 002.1 202.9  51.9 0.021305 0.008878 0.002815 hargrave 2023-11-18 21:11:00 
AF  90 023.2  74.9 028.2  09.0 5.30E-06 002.1 202.2  51.5 0.020428 0.008707 0.003045 hargrave 2023-11-18 21:12:20 
AF 100 030.1  74.3 030.0  08.3 4.97E-06 002.1 202.6  53.4 0.018784 0.008086 0.002535 hargrave 2023-11-18 21:13:40 
AF 110 028.0  74.5 029.5  08.5 4.82E-06 002.4 202.5  52.8 0.020148 0.009368 0.002802 hargrave 2023-11-18 21:15:00 
AF 120 019.3  72.0 026.7  06.3 4.32E-06 002.3 206.9  50.6 0.017279 0.007711 0.002401 hargrave 2023-11-18 21:16:20 
AF 130 024.4  70.4 028.1  04.5 4.04E-06 002.2 209.3  52.3 0.015542 0.007201 0.002074 hargrave 2023-11-18 21:17:40 
AF 140 025.1  71.2 028.4  05.3 3.86E-06 002.2 208.0  52.5 0.014629 0.006955 0.002310 hargrave 2023-11-18 21:19:00 
AF 150 026.8  70.0 028.9  04.0 3.84E-06 002.2 210.0  53.1 0.014772 0.006857 0.002234 hargrave 2023-11-18 21:20:26 
AF 160 022.5  69.7 027.4  03.9 3.58E-06 002.3 210.6  51.7 0.013903 0.006523 0.002121 hargrave 2023-11-18 21:21:46 
AF 170 034.8  69.6 031.7  03.7 3.33E-06 002.2 209.8  55.9 0.012165 0.005842 0.002270 hargrave 2023-11-18 21:23:06 
AF 180 036.3  71.8 032.0  05.9 3.17E-06 002.1 205.9  55.8 0.011710 0.005143 0.002156 hargrave 2023-11-18 21:24:25 
AF 190 037.4  73.2 032.2  07.4 2.91E-06 002.1 203.2  55.6 0.010681 0.004692 0.001998 hargrave 2023-11-18 21:25:45 
AF 200 030.5  72.0 030.2  06.0 2.83E-06 002.2 206.3  54.0 0.010833 0.005032 0.002140 hargrave 2023-11-18 21:27:05 
AF 220 031.5  69.2 030.5  03.2 2.63E-06 002.2 210.9  54.9 0.009747 0.005109 0.002133 hargrave 2023-11-18 21:28:25 
AF 240 024.7  70.7 028.3  04.8 2.44E-06 002.2 208.9  52.4 0.009158 0.004478 0.002309 hargrave 2023-11-18 21:29:45 
AF 260 021.5  64.5 026.4 -01.3 2.19E-06 002.4 218.9  51.1 0.008333 0.004774 0.002129 hargrave 2023-11-18 21:31:06 
AF 280 011.5  77.4 025.9  12.0 2.21E-06 002.3 198.7  48.5 0.009590 0.003761 0.002639 hargrave 2023-11-18 21:32:25 
AF 300 021.4  68.5 026.9  02.8 1.82E-06 002.3 212.4  51.3 0.006959 0.003922 0.002139 hargrave 2023-11-18 21:33:45 
AF 320 009.4  61.2 020.2 -03.2 1.70E-06 002.6 221.9  44.9 0.007172 0.004348 0.001976 hargrave 2023-11-18 21:35:05 
AF 340 015.4  61.5 023.1 -03.7 1.96E-06 002.5 222.6  47.8 0.007810 0.004543 0.002086 hargrave 2023-11-18 21:36:25 
AF 360 019.9  66.9 026.1  01.3 1.69E-06 002.2 214.9  50.6 0.006160 0.003398 0.002148 hargrave 2023-11-18 21:37:45 
AF 380 049.6  77.0 034.4  11.7 1.31E-06 002.1 194.7  56.4 0.004928 0.001897 0.001499 hargrave 2023-11-18 21:39:05 
AF 400 354.2  67.7 017.1  05.5 9.01E-07 002.7 210.2  41.3 0.004229 0.002231 0.001663 hargrave 2023-11-18 21:40:26 
AF 420 076.1  79.4 037.9  16.5 1.31E-06 001.8 184.0  57.3 0.004659 0.001536 0.002425 hargrave 2023-11-18 21:41:47 
AF 440 054.2  74.3 036.5  09.5 1.43E-06 001.9 197.0  59.1 0.005039 0.001825 0.002945 hargrave 2023-11-18 21:43:07 
AF 460 047.1  77.9 033.6  12.4 1.72E-06 002.1 194.0  55.4 0.006748 0.002414 0.002699 hargrave 2023-11-18 21:44:27 
AF 480 089.1  68.2 049.0  11.7 1.23E-06 001.7 178.7  68.8 0.003853 0.001292 0.002406 hargrave 2023-11-18 21:45:47 
AF 500 063.8  61.2 045.5 -00.5 1.37E-06 001.5 215.4  70.2 0.003289 0.001795 0.002042 hargrave 2023-11-18 21:47:08 
AF 520 050.0  39.8 046.7 -23.5 9.79E-07 001.6 270.8  61.9 0.001877 0.002799 0.000960 hargrave 2023-11-18 21:48:28 
AF 540 046.8  59.6 038.4 -05.2 6.81E-07 002.2 227.0  63.0 0.002246 0.001942 0.001646 hargrave 2023-11-18 21:49:48 
AF 560 010.5  67.8 022.7  02.9 9.32E-07 002.4 212.9  47.2 0.003963 0.002243 0.001371 hargrave 2023-11-18 21:51:09 
AF 580 287.7  85.1 024.7  25.0 2.88E-07 004.6 182.3  42.3 0.001830 0.001465 0.001056 hargrave 2023-11-18 21:52:30 
AF 600 096.2  39.6 074.8 -01.4 6.66E-07 001.9 042.0  80.5 0.001231 0.001696 0.001368 hargrave 2023-11-18 21:53:51 
AF 650 021.3  69.1 026.9  03.3 5.76E-07 002.6 211.6  51.2 0.002532 0.001787 0.001521 hargrave 2023-11-18 21:55:12 
AF 700 008.6  73.1 023.8  08.2 4.14E-07 002.5 205.0  47.4 0.001727 0.001290 0.001107 hargrave 2023-11-18 21:56:32 
AF 750 188.5  21.9 121.8  70.1 7.21E-07 002.1 112.6  09.0 0.001728 0.001766 0.001594 hargrave 2023-11-18 21:57:53 
AF 800 221.4  63.6 022.2  49.7 7.91E-07 001.6 158.9  26.5 0.003166 0.001247 0.000558 hargrave 2023-11-18 21:59:14 
AF 850 335.2  55.6 002.5  02.2 6.44E-07 002.7 215.8  27.1 0.003309 0.001574 0.000429 hargrave 2023-11-18 22:00:35 
AF 900 109.1  26.6 091.5  01.6 1.18E-06 001.7 046.7  63.6 0.002521 0.002270 0.001260 hargrave 2023-11-18 22:01:56 
AF 950 062.2  61.5 044.7 -00.7 7.09E-07 001.7 216.0  69.4 0.001836 0.001355 0.000820 hargrave 2023-11-18 22:03:17 
AF1000 150.9  01.3 132.3  28.5 9.80E-07 002.5 070.4  19.1 0.003403 0.003089 0.000683 hargrave 2023-11-18 22:04:39 
