MF12- 3a sun compass orientation
   0.21 189.7  50.0 300.0  66.0   1.0
NRM    028.5  70.3 029.5  04.3 1.20E-05 002.1 206.1  43.5 0.044536 0.020976 0.004557 hargrave 2023-11-18 17:40:08 
AF  10 025.6  69.5 028.5  03.6 1.15E-05 002.1 207.2  42.5 0.043842 0.018941 0.004866 hargrave 2023-11-18 17:41:29 
AF  20 025.3  68.4 028.3  02.5 1.09E-05 002.2 208.6  42.3 0.042029 0.018514 0.004718 hargrave 2023-11-18 17:42:49 
AF  30 025.4  67.8 028.2  01.8 1.04E-05 002.2 209.5  42.3 0.038830 0.019003 0.004099 hargrave 2023-11-18 17:44:10 
AF  40 026.0  65.9 028.4 -00.0 9.73E-06 002.3 212.0  42.4 0.037802 0.017799 0.004053 hargrave 2023-11-18 17:45:31 
AF  50 024.0  65.5 027.5 -00.4 9.20E-06 002.3 212.5  41.6 0.036486 0.017327 0.004029 hargrave 2023-11-18 17:46:51 
AF  60 025.0  64.4 027.8 -01.5 8.55E-06 002.4 214.0  41.8 0.033626 0.016625 0.003844 hargrave 2023-11-18 17:48:13 
AF  70 021.7  65.0 026.5 -00.8 8.05E-06 002.4 213.0  40.5 0.033692 0.015507 0.003464 hargrave 2023-11-18 17:49:33 
AF  80 024.6  64.2 027.6 -01.7 7.67E-06 002.4 214.2  41.6 0.031151 0.015315 0.003291 hargrave 2023-11-18 17:50:55 
AF  90 023.5  64.6 027.2 -01.3 7.06E-06 002.4 213.7  41.2 0.027907 0.014210 0.003141 hargrave 2023-11-18 17:52:17 
AF 100 022.9  63.7 026.8 -02.1 6.53E-06 002.5 214.7  40.8 0.027761 0.012984 0.003116 hargrave 2023-11-18 17:53:38 
AF 110 022.3  61.5 026.3 -04.2 6.25E-06 002.6 217.5  40.1 0.025949 0.013510 0.002972 hargrave 2023-11-18 17:54:59 
AF 120 017.8  60.1 023.9 -05.3 6.18E-06 002.6 218.6  37.7 0.026041 0.013862 0.003063 hargrave 2023-11-18 17:56:20 
AF 130 019.8  62.3 025.3 -03.3 5.83E-06 002.6 216.2  39.1 0.024853 0.012649 0.002682 hargrave 2023-11-18 17:57:42 
AF 140 020.1  60.7 025.1 -04.9 5.28E-06 002.6 218.2  38.9 0.022322 0.011642 0.002933 hargrave 2023-11-18 17:59:03 
AF 150 021.7  59.1 025.7 -06.6 4.82E-06 002.6 220.5  39.3 0.019580 0.011339 0.002178 hargrave 2023-11-18 18:00:24 
AF 160 025.6  57.1 027.6 -08.8 4.77E-06 002.6 223.7  40.8 0.019327 0.010873 0.001906 hargrave 2023-11-18 18:01:45 
AF 170 025.3  59.1 027.5 -06.8 4.56E-06 002.6 221.1  41.1 0.018746 0.010318 0.001851 hargrave 2023-11-18 18:03:07 
AF 180 022.7  56.0 025.8 -09.7 4.41E-06 002.7 224.5  39.0 0.018525 0.010556 0.001865 hargrave 2023-11-18 18:04:28 
AF 190 020.6  50.5 023.8 -15.0 4.20E-06 002.7 230.5  36.0 0.017073 0.010879 0.002466 hargrave 2023-11-18 18:05:48 
AF 200 020.7  50.7 024.0 -14.9 3.86E-06 002.7 230.4  36.2 0.014970 0.010647 0.002486 hargrave 2023-11-18 18:07:09 
AF 220 011.8  49.2 017.8 -15.0 3.50E-06 002.9 229.2  30.3 0.015369 0.009686 0.002583 hargrave 2023-11-18 18:08:30 
AF 240 021.2  49.0 024.0 -16.6 2.84E-06 002.7 232.5  35.8 0.011033 0.008047 0.001947 hargrave 2023-11-18 18:09:50 
AF 260 026.6  50.3 027.7 -15.6 2.90E-06 002.6 232.4  39.6 0.010549 0.008040 0.001977 hargrave 2023-11-18 18:11:12 
AF 280 028.5  46.3 028.9 -19.7 2.67E-06 002.5 237.9  39.4 0.009432 0.007566 0.001605 hargrave 2023-11-18 18:12:32 
AF 300 034.0  44.2 033.1 -21.7 3.01E-06 002.3 242.2  42.4 0.009402 0.008175 0.001832 hargrave 2023-11-18 18:13:53 
AF 320 016.3  40.5 018.6 -24.3 2.63E-06 002.6 239.7  29.0 0.009643 0.008019 0.001431 hargrave 2023-11-18 18:15:13 
AF 340 037.0  32.7 037.0 -32.9 2.29E-06 002.0 257.6  40.0 0.005449 0.007240 0.001767 hargrave 2023-11-18 18:16:34 
AF 360 022.2  44.3 024.0 -21.4 2.16E-06 002.6 238.1  34.6 0.007817 0.006437 0.001737 hargrave 2023-11-18 18:17:56 
AF 380 024.8  39.2 025.5 -26.6 2.10E-06 002.4 244.7  34.1 0.006453 0.006277 0.001935 hargrave 2023-11-18 18:19:16 
AF 400 038.3  44.1 036.4 -21.4 2.20E-06 002.2 243.6  45.3 0.006423 0.005599 0.002004 hargrave 2023-11-18 18:20:37 
AF 420 051.5  38.0 048.6 -24.8 1.73E-06 001.6 257.2  53.0 0.003269 0.003849 0.001394 hargrave 2023-11-18 18:21:57 
AF 440 027.9  48.4 028.6 -17.6 1.75E-06 002.8 235.2  39.8 0.007550 0.004491 0.000851 hargrave 2023-11-18 18:23:21 
AF 460 017.4  48.2 021.2 -16.9 1.78E-06 002.9 232.1  33.2 0.007672 0.005164 0.000860 hargrave 2023-11-18 18:24:41 
AF 480 060.8  42.7 053.2 -17.5 1.74E-06 001.6 251.8  60.9 0.003756 0.003523 0.001089 hargrave 2023-11-18 18:26:01 
AF 500 033.4  44.0 032.6 -22.0 1.55E-06 002.3 242.3  41.9 0.005185 0.003920 0.000553 hargrave 2023-11-18 18:27:21 
AF 520 040.2  30.1 040.7 -35.0 1.41E-06 001.9 262.2  41.2 0.003361 0.004593 0.000698 hargrave 2023-11-18 18:28:41 
AF 540 051.2  13.8 061.0 -46.9 1.20E-06 001.8 287.6  40.3 0.001969 0.003665 0.001327 hargrave 2023-11-18 18:30:03 
AF 560 037.4  09.0 043.2 -56.2 1.32E-06 001.4 281.3  26.9 0.001750 0.004505 0.001153 hargrave 2023-11-18 18:31:23 
AF 580 027.0  08.1 024.4 -57.8 1.47E-06 001.2 274.9  18.4 0.002143 0.005537 0.000702 hargrave 2023-11-18 18:32:50 
AF 600 046.7 -05.8 074.2 -65.7 1.33E-06 001.6 300.2  23.2 0.003345 0.002970 0.000328 hargrave 2023-11-18 18:34:14 
AF 650 035.8  24.6 037.0 -41.1 1.10E-06 002.0 265.7  35.0 0.002263 0.004751 0.001430 hargrave 2023-11-18 18:35:38 
AF 700 026.6  07.9 023.7 -57.9 1.20E-06 001.2 274.8  18.0 0.001787 0.004664 0.000681 hargrave 2023-11-18 18:36:58 
AF 750 066.6 -08.7 102.6 -51.9 9.74E-07 002.1 320.2  32.5 0.002921 0.002602 0.001367 hargrave 2023-11-18 18:38:19 
AF 800 028.0 -06.6 023.3 -72.5 9.24E-07 001.8 287.0  09.5 0.001698 0.003731 0.001815 hargrave 2023-11-18 18:39:40 
AF 850 026.7  23.9 026.0 -42.0 1.46E-06 002.2 261.0  27.8 0.004389 0.005350 0.001376 hargrave 2023-11-18 18:41:00 
AF 900 087.5  49.7 063.1 -00.4 1.27E-06 001.1 217.7  77.1 0.002278 0.000783 0.001211 hargrave 2023-11-18 18:42:21 
AF 950 043.3  27.9 044.7 -36.5 9.74E-07 002.0 266.6  42.5 0.002026 0.003945 0.000771 hargrave 2023-11-18 18:43:43 
AF1000 033.9  10.5 036.7 -55.2 1.24E-06 001.2 277.5  25.2 0.001521 0.004330 0.000762 hargrave 2023-11-18 18:45:04 
