MF13- 1a sun compass orientation
    1.7 198.1  58.0 302.0  64.0   1.0
NRM    008.7  74.3 025.7  11.4 5.56E-05 000.7 197.6  28.2 0.045215 0.056872 0.032615 hargrave 2023-11-19 15:40:04 
AF  10 003.6  73.9 024.3  11.7 5.38E-05 000.9 197.5  26.8 0.106627 0.044644 0.028796 hargrave 2023-11-19 15:41:26 
AF  20 002.2  73.8 023.9  11.7 5.09E-05 000.8 197.5  26.4 0.111648 0.037469 0.027036 hargrave 2023-11-19 15:42:46 
AF  30 002.4  73.6 023.8  11.5 4.80E-05 001.0 197.7  26.3 0.119860 0.031120 0.025686 hargrave 2023-11-19 15:44:07 
AF  40 005.1  74.1 024.7  11.6 4.49E-05 001.1 197.5  27.2 0.113906 0.031320 0.023946 hargrave 2023-11-19 15:45:29 
AF  50 007.4  74.0 025.3  11.3 4.25E-05 001.1 197.9  27.8 0.109356 0.033649 0.023220 hargrave 2023-11-19 15:46:50 
AF  60 010.0  73.9 025.9  10.9 4.00E-05 001.1 198.2  28.4 0.105654 0.035201 0.022134 hargrave 2023-11-19 15:48:10 
AF  70 011.4  73.9 026.3  10.9 3.71E-05 001.2 198.3  28.8 0.102067 0.039404 0.019863 hargrave 2023-11-19 15:49:31 
AF  80 015.1  73.3 027.1  09.9 3.49E-05 001.3 199.3  29.6 0.099706 0.043358 0.018495 hargrave 2023-11-19 15:50:51 
AF  90 016.3  73.1 027.4  09.7 3.21E-05 001.5 199.5  30.0 0.099492 0.048505 0.017684 hargrave 2023-11-19 15:52:12 
AF 100 016.4  71.0 026.9  07.6 2.93E-05 001.5 202.0  29.5 0.086001 0.054210 0.016469 hargrave 2023-11-19 15:53:32 
AF 110 012.1  70.5 025.4  07.5 2.73E-05 001.7 202.1  28.0 0.107542 0.051340 0.015429 hargrave 2023-11-19 15:54:53 
AF 120 022.3  71.4 028.9  07.6 2.50E-05 002.0 201.9  31.5 0.097700 0.054261 0.014362 hargrave 2023-11-19 15:56:13 
AF 130 024.8  69.1 029.4  05.2 2.27E-05 001.8 204.7  32.0 0.071938 0.039187 0.013058 hargrave 2023-11-19 15:57:34 
AF 140 018.7  71.7 027.8  08.2 2.07E-05 001.7 201.3  30.4 0.066384 0.036402 0.014367 hargrave 2023-11-19 15:58:55 
AF 150 026.1  71.0 030.1  07.1 2.01E-05 001.9 202.5  32.6 0.064176 0.034982 0.011628 hargrave 2023-11-19 16:00:16 
AF 160 026.9  71.9 030.4  08.0 1.98E-05 001.9 201.4  33.0 0.062752 0.034480 0.011692 hargrave 2023-11-19 16:01:36 
AF 170 031.4  70.1 031.8  06.1 1.69E-05 001.9 203.7  34.4 0.054758 0.029390 0.011870 hargrave 2023-11-19 16:02:57 
AF 180 027.3  67.7 030.2  03.7 1.45E-05 002.1 206.5  32.8 0.050178 0.027402 0.010154 hargrave 2023-11-19 16:04:17 
AF 190 011.7  68.5 024.7  05.7 1.41E-05 002.1 204.2  27.3 0.048264 0.028894 0.009805 hargrave 2023-11-19 16:05:46 
AF 200 009.6  70.7 024.7  08.0 1.21E-05 002.1 201.6  27.3 0.043531 0.023404 0.010090 hargrave 2023-11-19 16:07:06 
AF 220 012.1  65.6 023.9  02.9 1.13E-05 002.2 207.3  26.5 0.040919 0.022989 0.008845 hargrave 2023-11-19 16:08:27 
AF 240 016.5  62.1 024.8 -01.0 9.88E-06 002.3 211.7  27.2 0.038399 0.021441 0.004293 hargrave 2023-11-19 16:09:47 
AF 260 036.4  59.6 034.2 -04.3 6.89E-06 002.4 216.6  36.3 0.025606 0.014052 0.007904 hargrave 2023-11-19 16:11:08 
AF 280 051.1  64.9 040.0  02.1 5.88E-06 002.2 208.9  42.5 0.021169 0.010386 0.003899 hargrave 2023-11-19 16:12:30 
AF 300 015.6  81.8 029.6  18.1 5.46E-06 002.0 189.6  31.3 0.023873 0.009967 0.002667 hargrave 2023-11-19 16:13:50 
AF 320 318.7  63.9 005.9  16.2 5.42E-06 002.0 193.1  08.9 0.025315 0.012246 0.001909 hargrave 2023-11-19 16:15:11 
AF 340 090.8  76.3 044.3  18.4 4.51E-06 002.0 185.7  45.0 0.017834 0.006201 0.003273 hargrave 2023-11-19 16:16:31 
AF 360 065.3  75.2 040.3  13.4 3.00E-06 002.1 193.6  42.2 0.012349 0.004687 0.003188 hargrave 2023-11-19 16:17:52 
AF 380 243.9  85.1 029.0  30.1 4.83E-06 001.6 176.1  28.4 0.020924 0.008657 0.002177 hargrave 2023-11-19 16:19:12 
AF 400 067.8  73.5 041.8  12.3 2.51E-06 002.1 194.7  43.8 0.009253 0.003969 0.003977 hargrave 2023-11-19 16:20:33 
AF 420 078.1  49.9 059.7 -03.8 1.24E-06 002.1 222.3  61.4 0.004327 0.002427 0.002977 hargrave 2023-11-19 16:21:53 
AF 440 253.5  76.4 020.9  35.8 2.15E-06 001.5 171.8  20.5 0.010598 0.002958 0.003117 hargrave 2023-11-19 16:23:14 
AF 460 001.7  54.2 014.7 -05.7 2.37E-06 003.3 215.9  16.8 0.013949 0.006815 0.001376 hargrave 2023-11-19 16:24:34 
AF 480 336.3  49.2 359.3  00.0 1.59E-06 003.4 209.2  01.8 0.008745 0.005565 0.003470 hargrave 2023-11-19 16:25:55 
AF 500 327.2  61.2 005.6  11.5 2.22E-06 002.6 197.9  08.5 0.011740 0.006526 0.002721 hargrave 2023-11-19 16:27:16 
AF 520 147.5  45.5 083.2  35.7 3.63E-06 001.0 125.5  56.9 0.004015 0.006090 0.002385 hargrave 2023-11-19 16:28:40 
AF 540 126.7  40.9 085.4  20.1 3.68E-06 000.7 125.9  72.6 0.004471 0.003438 0.003671 hargrave 2023-11-19 16:30:01 
AF 560 130.1  60.8 064.6  26.4 3.94E-06 001.2 160.0  57.8 0.008438 0.003563 0.003430 hargrave 2023-11-19 16:31:25 
AF 580 111.2  03.7 113.9 -08.0 1.19E-06 002.5 006.5  61.5 0.004138 0.003735 0.001236 hargrave 2023-11-19 16:32:45 
AF 600 241.7  76.3 023.5  37.7 1.92E-06 001.6 169.3  22.1 0.009451 0.004496 0.003646 hargrave 2023-11-19 16:34:06 
AF 650 203.1  73.8 035.3  42.0 2.06E-06 001.7 161.4  29.2 0.011228 0.003826 0.001450 hargrave 2023-11-19 16:35:27 
AF 700 174.1 -20.7 170.1  30.5 3.40E-06 002.8 059.6  07.8 0.012368 0.011246 0.002008 hargrave 2023-11-19 16:36:47 
AF 750 165.7 -01.9 146.7  37.3 4.72E-06 002.0 069.7  25.9 0.011812 0.014552 0.004575 hargrave 2023-11-19 16:38:09 
AF 800 134.9  05.0 123.1  13.8 1.80E-06 002.6 048.6  53.1 0.006406 0.005399 0.004080 hargrave 2023-11-19 16:39:29 
AF 850 176.0 -19.1 170.5  32.9 1.85E-06 003.4 062.0  07.4 0.008886 0.006459 0.001770 hargrave 2023-11-19 16:40:50 
AF 900 248.6  17.8 295.9  55.2 1.38E-06 001.7 137.0 -27.5 0.003734 0.002795 0.001639 hargrave 2023-11-19 16:42:19 
AF 950 227.0 -71.6 216.8 -08.1 1.78E-06 002.7 020.9 -39.2 0.007642 0.005920 0.002606 hargrave 2023-11-19 16:43:40 
AF1000 225.6  42.1 000.6  70.4 2.52E-06 001.6 138.7  03.7 0.007084 0.003376 0.002449 hargrave 2023-11-19 16:45:01 
