MF13- 6a sun compass orientation
     14 146.2  68.0 302.0  64.0   1.0
NRM    006.3  74.1 025.0  11.5 6.87E-05 000.8 194.2  31.6 0.071155 0.027848 0.064473 hargrave 2023-11-19 21:14:10 
AF  10 009.6  73.1 025.6  10.3 6.43E-05 001.0 194.5  32.9 0.093639 0.062394 0.054416 hargrave 2023-11-19 21:15:31 
AF  20 007.1  72.2 024.5  09.6 5.91E-05 001.2 196.0  32.9 0.123416 0.069289 0.049341 hargrave 2023-11-19 21:16:51 
AF  30 006.1  71.9 024.1  09.6 5.44E-05 001.0 196.4  32.7 0.104738 0.045878 0.045157 hargrave 2023-11-19 21:18:11 
AF  40 005.6  71.0 023.6  08.8 4.93E-05 001.1 197.4  33.1 0.107608 0.038151 0.040550 hargrave 2023-11-19 21:19:31 
AF  50 006.4  71.6 024.0  09.2 4.61E-05 001.2 196.7  33.0 0.102172 0.039643 0.038286 hargrave 2023-11-19 21:20:51 
AF  60 007.9  71.4 024.4  08.8 4.23E-05 001.4 196.6  33.5 0.094515 0.061068 0.035449 hargrave 2023-11-19 21:22:12 
AF  70 007.2  70.5 023.9  08.1 3.87E-05 001.4 197.7  33.8 0.095567 0.047219 0.034343 hargrave 2023-11-19 21:23:32 
AF  80 006.5  69.7 023.3  07.4 3.52E-05 001.5 198.7  34.0 0.095348 0.048879 0.033871 hargrave 2023-11-19 21:24:53 
AF  90 008.1  70.7 024.2  08.1 3.24E-05 001.7 197.3  34.0 0.097609 0.055190 0.030578 hargrave 2023-11-19 21:26:12 
AF 100 004.6  69.1 022.5  07.2 2.95E-05 001.6 199.7  33.7 0.088611 0.058118 0.028944 hargrave 2023-11-19 21:27:33 
AF 110 004.1  69.6 022.5  07.7 2.65E-05 001.9 199.3  33.4 0.094757 0.050224 0.026170 hargrave 2023-11-19 21:28:53 
AF 120 009.6  71.1 024.8  08.3 2.43E-05 002.0 196.6  34.1 0.089921 0.051108 0.025753 hargrave 2023-11-19 21:30:13 
AF 130 009.6  71.5 025.0  08.8 2.38E-05 001.6 196.1  33.9 0.067406 0.033806 0.025523 hargrave 2023-11-19 21:31:33 
AF 140 016.8  72.6 027.4  09.1 2.18E-05 001.5 193.4  34.9 0.062178 0.030624 0.023566 hargrave 2023-11-19 21:32:53 
AF 150 358.4  71.0 021.5  09.8 2.00E-05 001.8 198.7  31.0 0.060837 0.032738 0.021572 hargrave 2023-11-19 21:34:13 
AF 160 004.3  72.1 023.7  10.0 1.76E-05 001.9 196.6  32.1 0.055060 0.029224 0.018480 hargrave 2023-11-19 21:35:33 
AF 170 006.3  69.4 023.1  07.2 1.56E-05 002.0 199.0  34.1 0.048484 0.027221 0.020095 hargrave 2023-11-19 21:36:54 
AF 180 002.2  68.5 021.5  07.0 1.68E-05 002.0 200.7  33.2 0.051388 0.029436 0.022746 hargrave 2023-11-19 21:38:14 
AF 190 009.6  68.4 023.9  05.8 1.41E-05 002.1 199.2  35.7 0.044583 0.022960 0.024684 hargrave 2023-11-19 21:39:34 
AF 200 001.2  72.9 023.2  11.1 1.34E-05 002.0 196.3  31.0 0.043442 0.022313 0.019739 hargrave 2023-11-19 21:40:54 
AF 220 008.0  73.4 025.2  10.7 1.34E-05 001.9 194.6  32.4 0.041576 0.021699 0.018353 hargrave 2023-11-19 21:42:15 
AF 240 034.9  67.8 033.1  03.9 1.31E-05 001.8 190.7  42.3 0.037759 0.018898 0.018018 hargrave 2023-11-19 21:43:35 
AF 260 004.5  74.4 024.7  12.0 1.11E-05 002.1 194.3  31.0 0.038367 0.019296 0.015577 hargrave 2023-11-19 21:44:55 
AF 280 008.4  80.8 028.1  17.5 1.10E-05 001.8 187.7  28.0 0.040513 0.018007 0.012725 hargrave 2023-11-19 21:46:15 
AF 300 076.4  83.5 036.9  21.3 1.02E-05 001.7 177.5  28.1 0.038804 0.014594 0.012371 hargrave 2023-11-19 21:47:34 
AF 320 049.9  78.2 035.7  14.7 7.79E-06 002.1 181.5  33.7 0.034049 0.012371 0.011638 hargrave 2023-11-19 21:48:59 
AF 340 020.1  72.5 028.4  08.9 8.79E-06 002.2 192.6  35.6 0.036699 0.015680 0.010605 hargrave 2023-11-19 21:50:19 
AF 360 007.8  81.4 028.3  18.1 7.22E-06 002.1 187.2  27.5 0.030359 0.012914 0.011419 hargrave 2023-11-19 21:51:39 
AF 380 064.1  75.6 039.8  13.6 8.99E-06 001.8 177.6  36.2 0.032049 0.010526 0.011419 hargrave 2023-11-19 21:52:59 
AF 400 336.5  77.5 021.2  18.5 6.85E-06 002.3 193.4  23.7 0.031536 0.013143 0.012154 hargrave 2023-11-19 21:54:18 
AF 420 106.2  85.1 037.2  24.6 8.72E-06 001.5 175.8  25.1 0.033238 0.012655 0.008537 hargrave 2023-11-19 21:55:38 
AF 440 211.5  80.7 032.1  35.3 7.63E-06 001.1 176.0  13.5 0.030761 0.010165 0.006610 hargrave 2023-11-19 21:56:59 
AF 460 050.0  57.2 041.7 -05.4 5.06E-06 002.7 185.8  54.5 0.016576 0.011332 0.013217 hargrave 2023-11-19 21:58:22 
AF 480 031.0  70.9 031.7  07.0 7.88E-06 002.3 190.3  38.9 0.031812 0.013425 0.011391 hargrave 2023-11-19 21:59:42 
AF 500 209.5  80.2 032.5  35.7 5.70E-06 001.6 175.5  13.2 0.018595 0.003682 0.012417 hargrave 2023-11-19 22:01:04 
AF 520 024.3  70.1 029.4  06.3 6.05E-06 002.7 193.2  38.3 0.023676 0.012383 0.014631 hargrave 2023-11-19 22:02:24 
AF 540 031.5  67.2 031.8  03.2 4.06E-06 003.4 192.6  42.2 0.022315 0.012717 0.008766 hargrave 2023-11-19 22:03:48 
AF 560 075.4  73.2 043.7  13.4 6.09E-06 002.3 173.1  37.7 0.023568 0.009921 0.011297 hargrave 2023-11-19 22:05:08 
AF 580 064.6  53.2 050.9 -05.9 6.63E-06 002.0 170.5  58.1 0.020434 0.008765 0.008599 hargrave 2023-11-19 22:06:28 
AF 600 053.5  67.0 040.3  04.4 5.38E-06 002.3 181.5  45.0 0.023786 0.009630 0.004621 hargrave 2023-11-19 22:07:49 
AF 650 117.6  57.0 067.1  19.3 6.00E-06 001.7 144.9  33.8 0.019424 0.006034 0.005275 hargrave 2023-11-19 22:09:09 
AF 700 104.1  60.5 060.9  14.2 5.46E-06 001.9 151.9  39.2 0.017267 0.005420 0.008370 hargrave 2023-11-19 22:10:29 
AF 750 062.1  77.9 038.2  15.4 6.16E-06 002.6 178.5  34.0 0.025021 0.011410 0.015066 hargrave 2023-11-19 22:11:49 
AF 800 083.3  48.5 063.2 -02.5 6.81E-06 001.7 147.4  55.9 0.014147 0.006915 0.013274 hargrave 2023-11-19 22:13:10 
AF 850 059.9  60.7 045.3 -00.4 4.83E-06 002.5 177.1  51.2 0.020951 0.011651 0.002839 hargrave 2023-11-19 22:14:38 
AF 900 099.4  75.2 046.5  19.6 9.97E-06 001.2 168.1  32.3 0.033889 0.009490 0.008562 hargrave 2023-11-19 22:16:02 
AF 950 133.6  67.3 057.4  28.3 6.97E-06 001.5 155.5  25.1 0.021065 0.005270 0.009077 hargrave 2023-11-19 22:17:26 
AF1000 107.1  71.6 050.9  20.1 9.23E-06 001.3 163.1  32.7 0.030049 0.008485 0.002646 hargrave 2023-11-19 22:18:51 
