MF13- 8a sun compass orientation
   18.2 198.2  60.0 302.0  64.0   1.0
NRM    338.7  82.5 025.6  21.4 1.57E-05 001.6 186.4  25.1 0.054666 0.031954 0.005030 hargrave 2023-11-20 17:53:45 
AF  10 352.5  79.6 025.1  17.8 1.51E-05 001.6 190.3  25.1 0.052849 0.025924 0.004713 hargrave 2023-11-20 17:55:07 
AF  20 359.8  78.3 025.5  15.9 1.44E-05 001.6 192.4  25.7 0.051075 0.024399 0.004533 hargrave 2023-11-20 17:56:28 
AF  30 003.4  77.8 026.0  15.2 1.37E-05 001.6 193.2  26.2 0.049005 0.022255 0.004116 hargrave 2023-11-20 17:57:48 
AF  40 007.2  77.7 026.7  14.8 1.27E-05 001.7 193.5  27.0 0.046486 0.020998 0.003766 hargrave 2023-11-20 17:59:09 
AF  50 005.0  78.2 026.5  15.4 1.23E-05 001.7 192.9  26.7 0.045574 0.020486 0.003565 hargrave 2023-11-20 18:00:30 
AF  60 006.8  79.0 027.2  16.0 1.19E-05 001.6 192.1  27.3 0.042798 0.019431 0.002905 hargrave 2023-11-20 18:01:51 
AF  70 008.3  78.2 027.1  15.1 1.13E-05 001.7 193.1  27.3 0.043113 0.018729 0.002909 hargrave 2023-11-20 18:03:13 
AF  80 007.1  79.8 027.5  16.7 1.08E-05 001.7 191.3  27.6 0.041390 0.017288 0.003248 hargrave 2023-11-20 18:04:33 
AF  90 008.5  79.0 027.5  15.9 1.04E-05 001.7 192.2  27.6 0.040456 0.017012 0.003519 hargrave 2023-11-20 18:05:54 
AF 100 003.8  80.3 027.2  17.4 1.01E-05 001.7 190.6  27.2 0.039455 0.016431 0.002817 hargrave 2023-11-20 18:07:14 
AF 110 355.1  78.7 025.0  16.8 9.73E-06 001.7 191.5  25.1 0.038954 0.016125 0.002501 hargrave 2023-11-20 18:08:35 
AF 120 355.2  81.0 026.3  18.7 8.80E-06 001.6 189.3  26.2 0.035849 0.014295 0.002279 hargrave 2023-11-20 18:09:55 
AF 130 004.6  79.5 027.0  16.6 8.45E-06 001.7 191.4  27.0 0.035376 0.014003 0.002753 hargrave 2023-11-20 18:11:16 
AF 140 356.4  81.0 026.5  18.6 7.83E-06 001.7 189.3  26.3 0.038803 0.012192 0.002813 hargrave 2023-11-20 18:12:40 
AF 150 003.1  77.0 025.5  14.5 8.17E-06 001.8 194.0  25.9 0.034847 0.014127 0.002687 hargrave 2023-11-20 18:14:01 
AF 160 353.2  78.5 024.5  16.9 8.10E-06 001.7 191.4  24.7 0.034577 0.013551 0.002390 hargrave 2023-11-20 18:15:22 
AF 170 001.0  83.3 028.3  20.2 7.58E-06 001.6 187.3  27.8 0.032656 0.011710 0.002536 hargrave 2023-11-20 18:16:44 
AF 180 036.3  82.0 032.6  18.0 6.81E-06 001.8 189.0  32.2 0.029489 0.010454 0.002122 hargrave 2023-11-20 18:18:05 
AF 190 001.0  79.1 026.2  16.6 6.60E-06 001.8 191.6  26.3 0.029755 0.011423 0.003165 hargrave 2023-11-20 18:19:25 
AF 200 024.0  82.1 030.8  18.2 7.02E-06 001.8 189.1  30.5 0.030591 0.011389 0.002209 hargrave 2023-11-20 18:20:46 
AF 220 351.1  82.0 026.4  19.8 6.24E-06 001.7 188.0  26.1 0.028773 0.010351 0.002498 hargrave 2023-11-20 18:22:06 
AF 240 012.9  85.5 030.4  21.8 5.19E-06 001.6 185.1  29.5 0.024093 0.008363 0.003507 hargrave 2023-11-20 18:23:27 
AF 260 020.4  83.6 030.6  19.7 5.57E-06 001.7 187.4  30.0 0.025589 0.009304 0.003554 hargrave 2023-11-20 18:24:48 
AF 280 157.0  87.2 034.6  27.6 5.55E-06 001.4 177.5  31.8 0.023893 0.007148 0.002319 hargrave 2023-11-20 18:26:08 
AF 300 134.7  83.7 038.9  27.2 5.80E-06 001.6 176.6  35.6 0.027070 0.007013 0.001936 hargrave 2023-11-20 18:27:33 
AF 320 140.2  81.8 040.8  28.3 5.52E-06 001.6 174.6  36.8 0.023574 0.007675 0.002972 hargrave 2023-11-20 18:28:54 
AF 340 217.6  79.8 030.8  36.1 5.44E-06 001.2 169.3  26.2 0.023067 0.007964 0.002633 hargrave 2023-11-20 18:30:14 
AF 360 142.3  83.0 039.5  28.2 4.99E-06 001.5 175.2  35.7 0.020131 0.006712 0.002009 hargrave 2023-11-20 18:31:35 
AF 380 237.0  80.0 026.9  34.9 4.89E-06 001.2 171.5  23.5 0.021603 0.007157 0.002425 hargrave 2023-11-20 18:32:56 
AF 400 194.7  85.7 033.5  30.1 4.89E-06 001.4 175.0  30.2 0.021621 0.006556 0.003254 hargrave 2023-11-20 18:34:17 
AF 420 271.8  83.2 025.2  29.3 4.58E-06 001.3 177.9  23.4 0.021448 0.007225 0.003018 hargrave 2023-11-20 18:35:37 
AF 440 243.7  73.2 020.6  39.9 4.02E-06 001.0 167.7  17.5 0.018495 0.005972 0.002880 hargrave 2023-11-20 18:36:58 
AF 460 154.1  82.3 039.5  29.9 4.08E-06 001.5 173.3  35.2 0.017631 0.004810 0.002811 hargrave 2023-11-20 18:38:18 
AF 480 196.4  83.5 034.0  32.2 4.83E-06 001.4 172.5  30.0 0.021016 0.006825 0.002519 hargrave 2023-11-20 18:39:39 
AF 500 198.0  81.7 034.4  34.1 4.02E-06 001.4 170.4  29.7 0.017722 0.005078 0.002740 hargrave 2023-11-20 18:40:59 
AF 520 184.2  65.2 048.7  47.0 2.91E-06 001.6 151.1  32.8 0.010992 0.003946 0.002649 hargrave 2023-11-20 18:42:20 
AF 540 158.9  80.9 040.5  31.2 3.85E-06 001.4 171.4  35.5 0.016317 0.004145 0.002333 hargrave 2023-11-20 18:43:40 
AF 560 198.7  77.4 035.7  38.2 3.46E-06 001.4 165.5  29.1 0.014893 0.004632 0.001967 hargrave 2023-11-20 18:45:00 
AF 580 207.4  83.0 032.7  33.0 3.44E-06 001.3 172.1  28.6 0.016063 0.004590 0.002239 hargrave 2023-11-20 18:46:21 
AF 600 170.9  68.8 050.3  40.8 2.96E-06 001.6 156.0  37.6 0.011066 0.003772 0.002479 hargrave 2023-11-20 18:47:42 
AF 650 203.6  85.9 032.7  30.1 3.62E-06 001.4 175.3  29.5 0.016150 0.004902 0.002380 hargrave 2023-11-20 18:49:02 
AF 700 125.8  67.5 057.0  25.3 2.52E-06 001.6 169.4  51.0 0.009072 0.001816 0.001817 hargrave 2023-11-20 18:50:23 
AF 750 195.2  75.3 037.5  39.9 2.12E-06 001.6 163.1  29.7 0.009729 0.003034 0.003327 hargrave 2023-11-20 18:51:43 
AF 800 188.5  55.6 055.7  55.9 2.91E-06 001.9 140.1  29.7 0.009990 0.005091 0.003298 hargrave 2023-11-20 18:53:05 
AF 850 198.1  63.9 041.7  51.0 3.66E-06 001.6 150.5  26.7 0.013637 0.005428 0.003895 hargrave 2023-11-20 18:54:26 
AF 900 177.5  63.1 053.9  46.6 4.35E-06 001.7 148.5  35.8 0.014282 0.006644 0.001934 hargrave 2023-11-20 18:55:48 
AF 950 201.8  57.1 042.5  58.0 3.50E-06 001.7 143.9  23.0 0.012032 0.006689 0.001775 hargrave 2023-11-20 18:57:09 
AF1000 195.1  56.6 049.1  57.0 3.27E-06 001.8 142.2  26.3 0.011179 0.006121 0.002161 hargrave 2023-11-20 18:58:30 
