MF13- 9a sun compass orientation
   21.7 191.1  24.0 302.0  64.0   1.0
NRM    010.8  56.9 020.5 -05.2 1.02E-05 002.0 237.9  49.8 0.029499 0.019951 0.008831 hargrave 2023-11-20 19:00:03 
AF  10 010.4  55.8 020.0 -06.2 9.97E-06 001.9 238.6  48.8 0.026924 0.017304 0.008979 hargrave 2023-11-20 19:01:27 
AF  20 010.3  55.5 019.8 -06.4 9.78E-06 002.0 238.8  48.6 0.026925 0.018533 0.008784 hargrave 2023-11-20 19:02:48 
AF  30 009.7  55.7 019.6 -06.1 9.56E-06 002.0 238.2  48.5 0.026489 0.018996 0.008659 hargrave 2023-11-20 19:04:08 
AF  40 012.8  54.8 021.0 -07.5 9.16E-06 001.9 241.2  48.9 0.024282 0.017792 0.008344 hargrave 2023-11-20 19:05:29 
AF  50 013.2  53.6 020.8 -08.8 8.61E-06 001.9 242.6  48.1 0.022529 0.017184 0.008112 hargrave 2023-11-20 19:06:51 
AF  60 013.4  51.3 020.3 -11.0 8.11E-06 001.9 244.8  46.3 0.021189 0.016594 0.007772 hargrave 2023-11-20 19:08:11 
AF  70 014.7  49.8 020.7 -12.6 7.63E-06 001.9 247.0  45.6 0.019589 0.016383 0.007416 hargrave 2023-11-20 19:09:32 
AF  80 014.0  47.2 019.5 -15.0 7.12E-06 001.9 248.5  43.2 0.017978 0.015860 0.007026 hargrave 2023-11-20 19:10:53 
AF  90 018.2  45.2 021.8 -17.7 6.50E-06 001.8 253.4  43.1 0.014752 0.015021 0.007196 hargrave 2023-11-20 19:12:14 
AF 100 018.0  45.2 021.7 -17.7 5.82E-06 001.8 253.2  43.1 0.012704 0.013170 0.006577 hargrave 2023-11-20 19:13:35 
AF 110 019.0  44.1 022.2 -18.9 5.44E-06 001.7 254.8  42.5 0.011193 0.012738 0.006327 hargrave 2023-11-20 19:14:55 
AF 120 015.6  42.3 019.2 -20.0 4.98E-06 001.8 253.3  39.7 0.011063 0.012542 0.006238 hargrave 2023-11-20 19:16:16 
AF 130 022.1  36.2 023.0 -27.1 4.39E-06 001.6 262.8  37.0 0.007742 0.010970 0.006194 hargrave 2023-11-20 19:17:36 
AF 140 018.1  34.8 019.1 -27.8 4.06E-06 001.7 260.2  34.2 0.007770 0.010503 0.006014 hargrave 2023-11-20 19:18:57 
AF 150 016.2  28.5 015.3 -33.4 3.77E-06 001.6 262.0  27.9 0.007049 0.010003 0.005543 hargrave 2023-11-20 19:20:18 
AF 160 023.3  26.9 022.3 -36.4 3.61E-06 001.6 269.2  29.3 0.005942 0.010547 0.004886 hargrave 2023-11-20 19:21:38 
AF 170 025.7  17.5 023.3 -46.0 3.26E-06 001.4 276.0  21.9 0.004425 0.009717 0.004642 hargrave 2023-11-20 19:22:59 
AF 180 026.9  19.8 025.3 -43.9 3.08E-06 001.4 276.1  24.4 0.003924 0.008943 0.003906 hargrave 2023-11-20 19:24:20 
AF 190 031.9  24.5 031.8 -39.5 2.91E-06 001.5 278.4  30.7 0.003389 0.008389 0.003646 hargrave 2023-11-20 19:25:40 
AF 200 039.9  30.6 040.1 -32.9 2.54E-06 001.5 282.8  39.3 0.003131 0.006522 0.002925 hargrave 2023-11-20 19:27:01 
AF 220 038.2  14.5 041.2 -49.1 2.69E-06 001.6 289.3  24.0 0.004093 0.007594 0.002633 hargrave 2023-11-20 19:28:22 
AF 240 039.4  09.1 044.5 -54.2 2.53E-06 001.9 292.7  19.6 0.005674 0.006258 0.003688 hargrave 2023-11-20 19:29:46 
AF 260 040.2  13.7 044.3 -49.5 2.42E-06 001.8 291.6  24.1 0.004456 0.007284 0.002619 hargrave 2023-11-20 19:31:07 
AF 280 044.1  01.2 057.2 -60.4 2.13E-06 002.2 300.3  13.9 0.004931 0.006944 0.002734 hargrave 2023-11-20 19:32:27 
AF 300 051.4  02.5 068.3 -55.9 2.42E-06 002.1 306.9  17.6 0.006387 0.006655 0.002827 hargrave 2023-11-20 19:33:48 
AF 320 053.0  02.3 070.8 -55.2 1.94E-06 002.1 308.5  18.0 0.005133 0.005357 0.001773 hargrave 2023-11-20 19:35:09 
AF 340 047.4 -10.8 078.8 -69.0 1.98E-06 002.2 307.6  03.7 0.005874 0.004852 0.002675 hargrave 2023-11-20 19:36:29 
AF 360 041.8 -04.0 056.6 -66.1 1.61E-06 002.0 299.9  08.2 0.003497 0.004259 0.002423 hargrave 2023-11-20 19:37:50 
AF 380 020.3 -02.2 004.9 -63.7 1.69E-06 001.2 279.3  01.8 0.001676 0.005712 0.002381 hargrave 2023-11-20 19:39:10 
AF 400 008.3  05.0 352.1 -51.4 1.24E-06 001.0 265.4  03.5 0.001536 0.002945 0.001318 hargrave 2023-11-20 19:40:34 
AF 420 044.8  06.5 054.7 -55.2 1.38E-06 001.9 299.0  19.1 0.002888 0.003984 0.001536 hargrave 2023-11-20 19:41:55 
AF 440 012.0 -01.9 350.2 -59.1 1.39E-06 001.0 271.6 -01.3 0.001891 0.004886 0.001611 hargrave 2023-11-20 19:43:15 
AF 460 031.5 -03.5 030.6 -67.5 9.24E-07 001.9 290.1  04.9 0.001863 0.002839 0.001441 hargrave 2023-11-20 19:44:36 
AF 480 007.2  03.8 349.5 -51.7 1.28E-06 001.2 264.9  01.9 0.001977 0.004385 0.001513 hargrave 2023-11-20 19:45:56 
AF 500 001.5  24.0 358.9 -32.0 1.26E-06 001.9 251.4  18.0 0.002890 0.004137 0.001472 hargrave 2023-11-20 19:47:17 
AF 520 003.0  44.3 011.0 -14.8 1.18E-06 002.1 242.0  36.7 0.002770 0.003380 0.001518 hargrave 2023-11-20 19:48:37 
AF 540 349.2  45.9 003.4 -08.3 1.34E-06 002.7 230.7  33.4 0.005092 0.003959 0.001395 hargrave 2023-11-20 19:49:58 
AF 560 009.8  12.4 359.9 -45.9 1.57E-06 001.9 263.7  10.8 0.003827 0.004854 0.003325 hargrave 2023-11-20 19:51:18 
AF 580 010.9  26.4 009.2 -33.8 1.62E-06 001.5 258.4  23.9 0.003079 0.004226 0.001752 hargrave 2023-11-20 19:52:43 
AF 600 025.6  24.4 024.4 -39.2 1.38E-06 000.6 272.6  28.0 0.000870 0.003130 0.000789 hargrave 2023-11-20 19:54:07 
AF 650 016.3 -05.9 352.6 -64.9 1.12E-06 001.2 277.1 -03.3 0.001036 0.003703 0.001914 hargrave 2023-11-20 19:55:27 
AF 700 017.8  27.2 016.6 -35.0 1.41E-06 001.4 264.1  27.4 0.002412 0.003913 0.001317 hargrave 2023-11-20 19:56:48 
AF 750 064.8  35.4 060.3 -21.2 1.79E-06 001.3 307.1  52.8 0.002941 0.002446 0.001374 hargrave 2023-11-20 19:58:09 
AF 800 358.6  29.2 359.6 -26.2 8.20E-07 001.9 246.5  21.6 0.001473 0.002183 0.001443 hargrave 2023-11-20 19:59:29 
AF 850 031.5  27.8 031.4 -36.2 1.47E-06 001.1 276.3  33.5 0.000905 0.002886 0.002507 hargrave 2023-11-20 20:00:54 
AF 900 012.4  02.2 355.1 -56.0 9.25E-07 002.0 270.2  02.5 0.000994 0.003444 0.003047 hargrave 2023-11-20 20:02:15 
AF 950 013.5  07.7 001.5 -51.8 1.36E-06 001.1 269.1  08.1 0.001326 0.004563 0.001851 hargrave 2023-11-20 20:03:36 
AF1000 294.4  28.3 325.3  18.2 6.19E-07 001.7 191.8  04.8 0.003390 0.000954 0.001011 hargrave 2023-11-20 20:05:02 
