MF13- 7a sun compass orientation
   15.4 175.7  61.0 302.0  64.0   1.0
NRM    041.1  75.7 034.3  11.9 2.52E-05 001.8 192.8  38.6 0.075661 0.043995 0.015214 hargrave 2023-11-19 22:20:14 
AF  10 034.4  76.1 032.6  12.1 2.32E-05 001.7 193.6  37.0 0.071924 0.039782 0.023491 hargrave 2023-11-19 22:21:34 
AF  20 034.1  75.5 032.5  11.5 2.14E-05 001.6 194.3  37.3 0.066183 0.036064 0.024558 hargrave 2023-11-19 22:22:54 
AF  30 037.3  74.6 033.4  10.6 2.01E-05 001.8 194.7  38.5 0.062830 0.034211 0.012857 hargrave 2023-11-19 22:24:14 
AF  40 039.0  73.0 034.1  09.1 1.87E-05 001.8 196.1  39.7 0.059899 0.031272 0.011722 hargrave 2023-11-19 22:25:34 
AF  50 041.0  72.5 034.7  08.7 1.74E-05 001.8 196.1  40.5 0.054760 0.028639 0.010463 hargrave 2023-11-19 22:26:54 
AF  60 042.5  70.8 035.5  07.1 1.63E-05 001.8 197.6  41.9 0.053054 0.026908 0.010302 hargrave 2023-11-19 22:28:13 
AF  70 048.8  71.6 037.3  08.3 1.54E-05 001.8 195.0  42.9 0.050061 0.024259 0.010169 hargrave 2023-11-19 22:29:33 
AF  80 048.0  70.9 037.2  07.5 1.45E-05 001.9 196.0  43.2 0.048054 0.023441 0.009614 hargrave 2023-11-19 22:30:53 
AF  90 052.1  70.5 038.7  07.5 1.38E-05 001.8 195.0  44.5 0.044886 0.021115 0.009097 hargrave 2023-11-19 22:32:13 
AF 100 045.9  71.5 036.4  08.0 1.35E-05 001.9 195.9  42.3 0.046704 0.022470 0.009101 hargrave 2023-11-19 22:33:33 
AF 110 060.2  72.7 040.2  10.6 1.22E-05 001.8 190.3  44.2 0.041422 0.018118 0.008154 hargrave 2023-11-19 22:34:52 
AF 120 050.6  73.3 037.3  10.1 1.18E-05 001.9 192.8  42.0 0.041363 0.018260 0.008107 hargrave 2023-11-19 22:36:12 
AF 130 065.0  73.1 041.3  11.5 1.11E-05 001.7 188.3  44.6 0.037171 0.015928 0.007968 hargrave 2023-11-19 22:37:32 
AF 140 060.4  72.8 040.2  10.7 1.05E-05 001.8 190.1  44.2 0.035841 0.015265 0.007531 hargrave 2023-11-19 22:38:53 
AF 150 053.8  72.0 038.7  09.2 1.02E-05 001.9 193.0  43.6 0.035242 0.015400 0.007900 hargrave 2023-11-19 22:40:13 
AF 160 063.6  67.8 043.5  06.7 9.38E-06 001.9 192.5  49.0 0.031806 0.012766 0.007114 hargrave 2023-11-19 22:41:33 
AF 170 061.4  68.1 042.6  06.6 9.11E-06 001.9 193.3  48.3 0.031805 0.012231 0.007492 hargrave 2023-11-19 22:42:53 
AF 180 068.9  69.4 044.4  09.0 8.90E-06 001.8 188.8  48.5 0.030269 0.010865 0.005084 hargrave 2023-11-19 22:44:12 
AF 190 069.5  69.1 044.7  08.9 8.37E-06 001.9 188.7  48.8 0.029318 0.011030 0.005734 hargrave 2023-11-19 22:45:32 
AF 200 072.6  67.2 046.8  08.0 7.42E-06 001.9 188.0  51.0 0.026180 0.009419 0.005116 hargrave 2023-11-19 22:46:52 
AF 220 062.6  72.6 040.9  10.8 7.65E-06 001.9 189.5  44.7 0.028681 0.011021 0.006672 hargrave 2023-11-19 22:48:12 
AF 240 070.1  67.0 046.1  07.3 6.81E-06 002.0 189.6  50.8 0.024518 0.009015 0.005932 hargrave 2023-11-19 22:49:31 
AF 260 071.6  65.6 047.3  06.5 6.63E-06 002.0 189.5  52.3 0.023508 0.008986 0.005857 hargrave 2023-11-19 22:50:51 
AF 280 088.5  65.5 052.6  11.1 6.36E-06 001.8 178.1  53.4 0.020995 0.006837 0.005444 hargrave 2023-11-19 22:52:12 
AF 300 074.0  71.8 044.3  12.0 5.84E-06 002.0 185.3  46.7 0.021601 0.008735 0.004867 hargrave 2023-11-19 22:53:33 
AF 320 098.0  68.3 052.6  15.8 5.69E-06 001.7 172.9  50.1 0.019372 0.006106 0.004646 hargrave 2023-11-19 22:54:53 
AF 340 069.1  73.6 042.0  12.6 5.67E-06 002.0 186.5  44.5 0.021753 0.008848 0.007215 hargrave 2023-11-19 22:56:13 
AF 360 070.9  77.1 040.4  15.8 4.30E-06 002.0 184.3  41.4 0.016596 0.006298 0.005171 hargrave 2023-11-19 22:57:33 
AF 380 071.5  72.6 043.2  12.2 3.90E-06 001.8 186.0  45.7 0.014655 0.005046 0.002460 hargrave 2023-11-19 22:58:53 
AF 400 039.2  73.1 034.1  09.3 3.89E-06 002.3 195.9  39.7 0.016701 0.007433 0.004795 hargrave 2023-11-19 23:00:14 
AF 420 028.8  71.1 031.0  07.2 3.32E-06 002.5 200.0  37.8 0.014686 0.007214 0.005744 hargrave 2023-11-19 23:01:34 
AF 440 082.9  64.0 052.1  08.3 3.26E-06 002.1 182.1  55.0 0.011734 0.004686 0.004745 hargrave 2023-11-19 23:02:55 
AF 460 169.0  48.2 076.9  49.9 2.02E-06 001.6 132.9  25.4 0.005283 0.003592 0.004936 hargrave 2023-11-19 23:04:16 
AF 480 178.1  69.0 047.7  42.6 2.06E-06 001.9 156.5  26.1 0.009446 0.003594 0.006229 hargrave 2023-11-19 23:05:37 
AF 500 114.5  56.6 066.9  17.5 3.37E-06 001.5 151.9  55.7 0.009142 0.002866 0.004085 hargrave 2023-11-19 23:06:58 
AF 520 161.7  85.7 035.8  28.7 3.28E-06 001.7 175.2  29.9 0.014787 0.005672 0.003365 hargrave 2023-11-19 23:08:19 
AF 540 066.7  53.2 052.0 -05.2 2.89E-06 002.1 204.5  62.1 0.010791 0.004377 0.001439 hargrave 2023-11-19 23:09:39 
AF 560 059.5  67.8 042.1  06.0 3.55E-06 002.1 194.4  48.2 0.012758 0.005699 0.002291 hargrave 2023-11-19 23:11:00 
AF 580 086.2  57.9 057.7  05.2 3.64E-06 001.8 179.4  61.1 0.012541 0.004164 0.003093 hargrave 2023-11-19 23:12:20 
AF 600 119.5  60.9 063.4  21.4 3.66E-06 001.8 154.6  51.0 0.012886 0.004118 0.002491 hargrave 2023-11-19 23:13:41 
AF 650 117.9  53.6 070.6  18.3 3.43E-06 001.7 145.5  56.0 0.010229 0.004602 0.003283 hargrave 2023-11-19 23:15:01 
AF 700 116.4  44.7 078.9  14.2 2.70E-06 000.9 131.3  61.1 0.004129 0.002203 0.001792 hargrave 2023-11-19 23:16:21 
AF 750 150.0  32.1 099.9  36.2 3.29E-06 000.8 110.6  35.4 0.004214 0.004674 0.002563 hargrave 2023-11-19 23:17:42 
AF 800 093.1  53.5 063.5  05.4 3.34E-06 001.5 169.6  64.9 0.008436 0.003703 0.001978 hargrave 2023-11-19 23:19:02 
AF 850 143.9  52.9 074.1  33.5 2.47E-06 001.4 136.7  41.7 0.007329 0.002854 0.002058 hargrave 2023-11-19 23:20:23 
AF 900 145.5  18.2 114.4  28.5 1.34E-06 002.4 092.9  34.7 0.003155 0.002730 0.004439 hargrave 2023-11-19 23:21:44 
AF 950 179.5  42.8 081.3  58.7 2.65E-06 001.5 130.1  16.6 0.006900 0.003454 0.001550 hargrave 2023-11-19 23:23:04 
AF1000 151.1  15.1 120.1  32.5 1.50E-06 001.1 092.2  28.5 0.001097 0.003038 0.003457 hargrave 2023-11-19 23:24:25 
