MF13- 5a sun compass orientation
    8.9 203.3  44.0 302.0  64.0   1.0
NRM    032.4  57.1 032.2 -06.9 5.95E-05 001.1 225.8  41.6 0.089875 0.092017 0.032286 hargrave 2023-11-19 20:06:28 
AF  10 030.6  56.5 031.2 -07.5 5.61E-05 001.0 226.0  40.4 0.078040 0.077304 0.030969 hargrave 2023-11-19 20:07:49 
AF  20 029.5  56.2 030.6 -07.8 5.22E-05 001.1 226.0  39.7 0.080452 0.085680 0.029444 hargrave 2023-11-19 20:09:09 
AF  30 028.2  56.2 029.9 -07.8 4.83E-05 001.1 225.6  39.1 0.065150 0.082730 0.027929 hargrave 2023-11-19 20:10:29 
AF  40 028.6  56.3 030.1 -07.7 4.44E-05 001.0 225.6  39.3 0.068887 0.058728 0.025373 hargrave 2023-11-19 20:11:48 
AF  50 027.7  56.6 029.6 -07.3 4.14E-05 001.0 225.0  39.1 0.065059 0.057985 0.024166 hargrave 2023-11-19 20:13:08 
AF  60 027.6  57.8 029.6 -06.1 3.68E-05 001.8 223.5  39.5 0.129165 0.039005 0.023386 hargrave 2023-11-19 20:14:28 
AF  70 026.6  57.5 029.1 -06.4 3.32E-05 001.6 223.6  38.9 0.099788 0.020813 0.022043 hargrave 2023-11-19 20:15:48 
AF  80 026.5  57.5 029.0 -06.3 3.08E-05 001.9 223.5  38.9 0.102385 0.038382 0.020067 hargrave 2023-11-19 20:17:08 
AF  90 026.8  56.8 029.1 -07.1 2.75E-05 001.7 224.5  38.6 0.081909 0.039687 0.020339 hargrave 2023-11-19 20:18:29 
AF 100 027.9  58.8 029.9 -05.1 2.51E-05 001.8 222.5  40.1 0.076548 0.036870 0.020018 hargrave 2023-11-19 20:19:49 
AF 110 025.7  61.2 029.0 -02.7 2.26E-05 001.7 219.0  40.1 0.069178 0.032256 0.018741 hargrave 2023-11-19 20:21:09 
AF 120 025.3  63.7 029.0 -00.2 2.08E-05 001.8 215.9  41.0 0.066609 0.033263 0.019525 hargrave 2023-11-19 20:22:29 
AF 130 033.7  68.8 032.6  04.8 1.78E-05 001.8 210.6  45.7 0.057198 0.026561 0.019369 hargrave 2023-11-19 20:24:37 
AF 140 037.2  69.0 033.8  05.1 1.60E-05 001.8 210.6  47.0 0.051960 0.023021 0.020841 hargrave 2023-11-19 20:25:57 
AF 150 030.7  70.3 031.6  06.3 1.49E-05 001.9 208.3  45.0 0.050838 0.021512 0.005845 hargrave 2023-11-19 20:27:18 
AF 160 046.2  71.0 036.6  07.5 1.48E-05 001.8 207.9  50.2 0.047927 0.020057 0.003347 hargrave 2023-11-19 20:28:38 
AF 170 044.6  70.4 036.2  06.8 1.34E-05 001.9 208.8  49.7 0.044648 0.020322 0.003458 hargrave 2023-11-19 20:29:58 
AF 180 047.5  71.2 037.0  07.8 1.33E-05 001.8 207.6  50.6 0.043553 0.018674 0.002659 hargrave 2023-11-19 20:31:18 
AF 190 036.8  74.7 033.3  10.8 1.28E-05 001.9 202.2  47.4 0.044592 0.017510 0.002044 hargrave 2023-11-19 20:32:39 
AF 200 089.6  75.8 044.6  17.9 1.10E-05 001.7 190.9  58.6 0.035765 0.011624 0.003990 hargrave 2023-11-19 20:34:03 
AF 220 327.8  83.0 025.2  22.8 1.15E-05 001.6 185.2  40.1 0.040452 0.012817 0.003559 hargrave 2023-11-19 20:35:23 
AF 240 357.8  82.4 027.5  19.6 1.01E-05 001.7 189.3  42.3 0.034950 0.012174 0.004804 hargrave 2023-11-19 20:36:43 
AF 260 008.8  80.1 027.9  16.8 8.26E-06 001.7 193.1  42.7 0.029635 0.010338 0.002887 hargrave 2023-11-19 20:38:03 
AF 280 280.4  84.2 025.9  28.0 8.74E-06 001.5 178.3  40.3 0.028812 0.008001 0.005715 hargrave 2023-11-19 20:39:24 
AF 300 197.2  75.1 036.9  40.3 8.69E-06 001.3 158.6  45.6 0.024794 0.004225 0.004546 hargrave 2023-11-19 20:40:44 
AF 320 261.6  82.0 024.9  31.0 9.16E-06 001.5 174.6  39.0 0.032766 0.009261 0.003897 hargrave 2023-11-19 20:42:05 
AF 340 239.6  77.5 024.8  36.9 7.71E-06 001.3 167.3  37.8 0.026867 0.005309 0.003100 hargrave 2023-11-19 20:43:25 
AF 360 246.1  57.7 004.1  50.2 7.30E-06 001.1 155.2  20.9 0.021832 0.005728 0.005436 hargrave 2023-11-19 20:44:46 
AF 380 253.3  72.8 017.7  38.2 8.72E-06 001.0 167.1  32.0 0.028170 0.006110 0.005442 hargrave 2023-11-19 20:46:07 
AF 400 240.6  72.9 021.3  40.6 8.34E-06 001.2 163.5  34.3 0.026162 0.006391 0.004557 hargrave 2023-11-19 20:47:27 
AF 420 240.4  55.6 004.9  53.9 6.07E-06 001.2 151.2  20.9 0.023390 0.004799 0.005765 hargrave 2023-11-19 20:48:47 
AF 440 268.4  65.8 006.6  37.1 5.07E-06 001.0 169.2  23.4 0.022041 0.003412 0.002750 hargrave 2023-11-19 20:50:07 
AF 460 254.0  43.2 339.7  51.9 5.59E-06 001.1 152.3  05.8 0.020951 0.004232 0.004432 hargrave 2023-11-19 20:51:28 
AF 480 222.3  49.7 016.1  65.1 6.62E-06 001.4 138.0  23.7 0.019714 0.009917 0.001173 hargrave 2023-11-19 20:52:48 
AF 500 178.6  34.2 098.1  60.2 4.66E-06 001.5 100.7  40.1 0.007838 0.008126 0.010334 hargrave 2023-11-19 20:54:08 
AF 520 200.5  40.5 062.5  72.7 4.82E-06 001.3 119.2  29.5 0.008620 0.004590 0.006823 hargrave 2023-11-19 20:55:28 
AF 540 180.3  42.5 081.3  59.3 5.09E-06 001.4 111.2  43.3 0.010356 0.008803 0.004619 hargrave 2023-11-19 20:56:48 
AF 560 212.1  19.4 212.6  83.4 6.95E-06 001.0 109.7  08.0 0.008923 0.008655 0.007234 hargrave 2023-11-19 20:58:12 
AF 580 198.1  30.8 097.4  76.9 6.35E-06 001.3 109.3  25.0 0.009700 0.010577 0.010996 hargrave 2023-11-19 20:59:32 
AF 600 212.2  16.7 213.4  80.7 3.84E-06 001.6 108.0  05.9 0.007326 0.008248 0.007416 hargrave 2023-11-19 21:00:52 
AF 650 212.8  31.3 024.7  84.7 3.69E-06 001.4 118.7  16.0 0.007440 0.003715 0.005095 hargrave 2023-11-19 21:02:16 
AF 700 217.8  32.2 353.9  82.0 6.29E-06 001.3 122.5  13.6 0.014532 0.004639 0.000995 hargrave 2023-11-19 21:03:40 
AF 750 211.7  07.8 211.1  71.8 5.43E-06 001.3 101.4 -00.2 0.008292 0.010665 0.008205 hargrave 2023-11-19 21:04:59 
AF 800 164.8  21.9 117.0  46.9 4.14E-06 001.6 077.9  42.0 0.008053 0.007600 0.005048 hargrave 2023-11-19 21:06:20 
AF 850 244.9  10.9 282.3  55.5 4.12E-06 002.3 129.3 -18.5 0.011439 0.005874 0.011864 hargrave 2023-11-19 21:07:40 
AF 900 229.8  08.8 259.7  65.9 2.57E-06 002.7 115.6 -11.3 0.007541 0.003624 0.009611 hargrave 2023-11-19 21:09:00 
AF 950 237.7 -32.5 236.1  26.5 1.20E-06 003.3 087.5 -45.9 0.006697 0.003853 0.005456 hargrave 2023-11-19 21:10:22 
AF1000 239.0  39.4 339.4  63.8 2.50E-06 002.6 140.7  08.2 0.011972 0.000145 0.008474 hargrave 2023-11-19 21:11:42 
