MF13- 4a sun compass orientation
    6.3 189.5  62.0 302.0  64.0   1.0
NRM    015.3  71.0 026.6  07.7 4.42E-05 001.0 201.6  28.2 0.075080 0.035686 0.025498 hargrave 2023-11-19 18:59:39 
AF  10 012.3  70.8 025.6  07.8 4.28E-05 001.2 201.7  27.2 0.109814 0.042204 0.024621 hargrave 2023-11-19 19:00:59 
AF  20 010.5  70.3 024.8  07.5 4.07E-05 001.1 202.1  26.6 0.096666 0.040486 0.023632 hargrave 2023-11-19 19:02:21 
AF  30 009.2  69.7 024.2  07.1 3.85E-05 001.2 202.7  26.0 0.091791 0.044153 0.022622 hargrave 2023-11-19 19:03:42 
AF  40 010.7  69.2 024.5  06.5 3.60E-05 001.2 203.4  26.4 0.090475 0.046911 0.021527 hargrave 2023-11-19 19:05:03 
AF  50 010.7  68.3 024.2  05.6 3.36E-05 001.3 204.3  26.3 0.080741 0.049565 0.021123 hargrave 2023-11-19 19:06:24 
AF  60 008.4  68.1 023.4  05.7 3.09E-05 001.4 204.4  25.4 0.078084 0.051612 0.019754 hargrave 2023-11-19 19:07:45 
AF  70 007.0  67.4 022.6  05.2 2.87E-05 001.6 205.0  24.8 0.093205 0.055628 0.018582 hargrave 2023-11-19 19:09:06 
AF  80 006.7  67.6 022.6  05.5 2.59E-05 002.0 204.7  24.7 0.114149 0.049134 0.017614 hargrave 2023-11-19 19:10:27 
AF  90 005.4  69.8 023.0  07.7 2.42E-05 001.9 202.3  24.8 0.097263 0.053424 0.016944 hargrave 2023-11-19 19:11:48 
AF 100 007.7  70.4 024.0  08.0 2.27E-05 001.8 201.8  25.6 0.072573 0.039624 0.014934 hargrave 2023-11-19 19:13:08 
AF 110 004.3  70.2 022.9  08.2 2.04E-05 002.1 201.7  24.5 0.076460 0.043231 0.013363 hargrave 2023-11-19 19:14:30 
AF 120 357.6  66.8 019.1  06.4 1.97E-05 001.9 204.3  21.1 0.066926 0.036168 0.012586 hargrave 2023-11-19 19:15:51 
AF 130 358.6  67.9 020.0  07.2 1.79E-05 001.9 203.4  21.9 0.061792 0.033491 0.011719 hargrave 2023-11-19 19:17:12 
AF 140 355.7  67.6 018.9  07.5 1.68E-05 002.0 203.3  20.7 0.059790 0.031012 0.011693 hargrave 2023-11-19 19:18:32 
AF 150 359.7  64.2 018.5  03.7 1.67E-05 002.0 207.3  20.9 0.059728 0.031140 0.012346 hargrave 2023-11-19 19:19:53 
AF 160 355.9  64.4 017.2  04.6 1.54E-05 002.0 206.5  19.5 0.055471 0.028839 0.012235 hargrave 2023-11-19 19:21:14 
AF 170 000.9  64.7 019.2  03.8 1.48E-05 002.1 207.1  21.6 0.054052 0.027175 0.011650 hargrave 2023-11-19 19:22:35 
AF 180 008.7  65.1 022.4  02.9 1.36E-05 002.1 207.7  24.9 0.051230 0.025098 0.010642 hargrave 2023-11-19 19:23:56 
AF 190 004.0  65.2 020.6  03.8 1.29E-05 002.1 206.9  23.0 0.048189 0.025282 0.011080 hargrave 2023-11-19 19:25:17 
AF 200 007.3  63.7 021.3  01.8 1.19E-05 002.2 209.0  23.9 0.044633 0.023343 0.011192 hargrave 2023-11-19 19:26:38 
AF 220 011.3  66.7 023.9  04.0 1.13E-05 002.1 206.2  26.2 0.042439 0.021643 0.009572 hargrave 2023-11-19 19:28:00 
AF 240 021.4  62.2 027.1 -01.4 1.03E-05 002.2 211.8  30.0 0.038089 0.019886 0.008501 hargrave 2023-11-19 19:29:20 
AF 260 001.3  64.7 019.4  03.8 9.86E-06 002.3 207.1  21.7 0.041070 0.019934 0.008320 hargrave 2023-11-19 19:30:41 
AF 280 002.6  61.9 018.6  01.0 9.45E-06 002.3 210.2  21.3 0.037188 0.020427 0.006578 hargrave 2023-11-19 19:32:02 
AF 300 012.7  58.3 021.9 -04.2 7.30E-06 002.4 215.5  25.1 0.027065 0.016252 0.007107 hargrave 2023-11-19 19:33:22 
AF 320 011.3  53.6 019.8 -08.4 6.56E-06 002.5 220.2  23.2 0.024040 0.015327 0.007430 hargrave 2023-11-19 19:34:43 
AF 340 013.4  68.0 025.1  05.0 6.73E-06 002.2 204.8  27.2 0.026389 0.012636 0.005929 hargrave 2023-11-19 19:36:04 
AF 360 042.4  75.5 034.6  11.8 4.55E-06 002.0 194.8  35.0 0.017785 0.006913 0.003805 hargrave 2023-11-19 19:37:24 
AF 380 015.2  63.0 024.5  00.0 5.28E-06 002.4 210.5  27.3 0.022563 0.010941 0.004030 hargrave 2023-11-19 19:38:45 
AF 400 013.9  58.5 022.6 -04.2 6.92E-06 002.5 215.4  25.8 0.028240 0.015349 0.005016 hargrave 2023-11-19 19:40:07 
AF 420 003.7  58.9 017.8 -01.9 4.80E-06 002.6 213.4  20.8 0.022379 0.010850 0.003156 hargrave 2023-11-19 19:41:27 
AF 440 032.6  63.9 032.3 -00.1 4.86E-06 002.6 209.6  35.0 0.020050 0.010477 0.006682 hargrave 2023-11-19 19:42:48 
AF 460 329.4  64.1 008.6  12.3 5.63E-06 002.2 199.8  10.0 0.027089 0.011707 0.003357 hargrave 2023-11-19 19:44:09 
AF 480 349.4  68.6 017.5  09.6 3.69E-06 002.4 201.2  19.1 0.016503 0.007451 0.005425 hargrave 2023-11-19 19:45:29 
AF 500 343.7  60.5 010.4  05.0 3.70E-06 002.3 207.0  12.7 0.016700 0.007204 0.003903 hargrave 2023-11-19 19:46:49 
AF 520 022.3  38.2 023.6 -25.2 4.52E-06 002.6 238.8  26.4 0.017287 0.012794 0.002647 hargrave 2023-11-19 19:48:09 
AF 540 046.7  45.5 042.7 -17.2 3.87E-06 002.5 232.3  45.1 0.014873 0.009733 0.001860 hargrave 2023-11-19 19:49:30 
AF 560 051.6  36.6 049.2 -24.8 3.39E-06 002.4 245.4  49.0 0.011821 0.008745 0.003034 hargrave 2023-11-19 19:50:50 
AF 580 050.1  47.9 044.4 -14.3 3.49E-06 002.4 228.5  47.2 0.012671 0.008282 0.003223 hargrave 2023-11-19 19:52:11 
AF 600 339.4  68.7 014.8  12.1 2.94E-06 002.4 199.1  16.0 0.015965 0.006620 0.001900 hargrave 2023-11-19 19:53:31 
AF 650 103.7  54.1 066.5  11.0 2.68E-06 001.8 174.4  63.7 0.008453 0.003476 0.000904 hargrave 2023-11-19 19:54:51 
AF 700 086.3  67.6 050.5  11.8 4.14E-06 002.0 187.8  49.6 0.016104 0.006504 0.001589 hargrave 2023-11-19 19:56:12 
AF 750 074.6  43.5 062.0 -10.3 3.91E-06 002.3 225.7  64.7 0.012221 0.007608 0.006974 hargrave 2023-11-19 19:57:32 
AF 800 068.4  63.2 047.6  03.7 2.72E-06 002.0 201.1  49.5 0.011956 0.002490 0.003659 hargrave 2023-11-19 19:58:52 
AF 850 239.0  48.5 356.0  59.2 1.36E-06 002.8 154.4 -05.4 0.007375 0.003672 0.003798 hargrave 2023-11-19 20:00:13 
AF 900 041.6  27.3 042.6 -35.9 2.00E-06 002.9 256.3  39.3 0.009319 0.006883 0.002789 hargrave 2023-11-19 20:01:34 
AF 950 074.7 -03.8 100.9 -43.5 3.73E-06 001.7 319.2  50.2 0.007751 0.007911 0.002276 hargrave 2023-11-19 20:02:55 
AF1000 096.6  04.2 106.2 -20.6 2.33E-06 002.7 352.8  66.1 0.007448 0.007771 0.002908 hargrave 2023-11-19 20:04:16 
