MF13- 10a sun compass orientation
   23.9 211.9  32.0 302.0  64.0   1.0
NRM    346.4  63.9 013.6  06.7 8.08E-06 002.1 202.6  36.6 0.031014 0.013813 0.005199 hargrave 2023-11-20 20:06:32 
AF  10 346.8  63.7 013.6  06.5 7.95E-06 002.1 202.9  36.4 0.029972 0.013338 0.005106 hargrave 2023-11-20 20:07:53 
AF  20 347.2  63.9 013.8  06.5 7.75E-06 002.1 203.0  36.7 0.029456 0.012736 0.004995 hargrave 2023-11-20 20:09:13 
AF  30 346.2  63.0 012.9  06.1 7.48E-06 002.1 203.0  35.7 0.029058 0.012290 0.004708 hargrave 2023-11-20 20:10:34 
AF  40 346.1  62.2 012.3  05.5 7.18E-06 002.1 203.4  35.0 0.027948 0.012179 0.004468 hargrave 2023-11-20 20:11:55 
AF  50 346.3  60.5 011.3  04.2 6.92E-06 002.1 204.4  33.5 0.027158 0.011800 0.004560 hargrave 2023-11-20 20:13:16 
AF  60 346.5  59.3 010.6  03.1 6.58E-06 002.1 205.2  32.4 0.026818 0.010393 0.004334 hargrave 2023-11-20 20:14:36 
AF  70 346.9  57.7 009.7  01.8 6.16E-06 002.2 206.2  31.1 0.025357 0.010942 0.004145 hargrave 2023-11-20 20:15:57 
AF  80 346.4  57.7 009.6  02.0 6.03E-06 002.2 205.9  31.0 0.024956 0.010241 0.004223 hargrave 2023-11-20 20:17:18 
AF  90 346.5  55.9 008.5  00.6 5.69E-06 002.3 206.9  29.4 0.023492 0.010525 0.003810 hargrave 2023-11-20 20:18:38 
AF 100 346.2  56.7 008.8  01.3 5.30E-06 002.3 206.3  30.1 0.022092 0.009507 0.003277 hargrave 2023-11-20 20:19:59 
AF 110 345.9  55.8 008.1  00.7 4.92E-06 002.3 206.6  29.2 0.020712 0.009058 0.003574 hargrave 2023-11-20 20:21:20 
AF 120 344.7  58.2 009.2  03.0 4.73E-06 002.2 204.7  31.0 0.019585 0.008398 0.003261 hargrave 2023-11-20 20:22:41 
AF 130 344.9  59.9 010.4  04.2 4.41E-06 002.2 204.0  32.7 0.018086 0.007616 0.002786 hargrave 2023-11-20 20:24:02 
AF 140 346.8  56.8 009.1  01.1 4.24E-06 002.3 206.6  30.3 0.019800 0.006778 0.002377 hargrave 2023-11-20 20:25:27 
AF 150 340.5  54.2 004.7  01.6 3.69E-06 002.3 204.1  26.4 0.015869 0.007021 0.002484 hargrave 2023-11-20 20:26:47 
AF 160 345.1  55.9 007.8  01.1 3.41E-06 002.3 206.0  29.1 0.014533 0.006203 0.002087 hargrave 2023-11-20 20:28:08 
AF 170 339.4  55.7 005.4  03.1 3.12E-06 002.3 202.8  27.7 0.015903 0.004840 0.001909 hargrave 2023-11-20 20:29:33 
AF 180 343.4  56.3 007.4  02.0 2.80E-06 002.4 204.9  29.1 0.014033 0.004237 0.001657 hargrave 2023-11-20 20:30:57 
AF 190 341.6  53.4 004.7  00.6 2.56E-06 002.4 205.1  26.0 0.012922 0.004002 0.001754 hargrave 2023-11-20 20:32:21 
AF 200 347.6  53.3 007.3 -01.8 2.37E-06 002.5 208.7  27.3 0.011840 0.003957 0.001760 hargrave 2023-11-20 20:33:45 
AF 220 329.5  55.7 001.7  07.3 2.09E-06 002.1 196.9  25.8 0.009682 0.003427 0.001131 hargrave 2023-11-20 20:35:06 
AF 240 341.1  62.2 010.6  07.1 1.83E-06 002.3 200.8  34.0 0.007971 0.003152 0.001344 hargrave 2023-11-20 20:36:27 
AF 260 323.9  60.1 003.7  12.3 1.71E-06 002.0 192.4  29.3 0.007827 0.002500 0.001021 hargrave 2023-11-20 20:37:48 
AF 280 319.4  54.5 357.5  11.6 1.30E-06 001.9 191.0  23.4 0.006276 0.001817 0.000956 hargrave 2023-11-20 20:39:08 
AF 300 308.0  39.2 340.1  11.8 1.51E-06 001.3 184.7  07.3 0.007423 0.002354 0.001148 hargrave 2023-11-20 20:40:29 
AF 320 312.1  49.4 350.8  13.3 1.60E-06 001.7 186.9  17.7 0.009081 0.002150 0.001651 hargrave 2023-11-20 20:41:53 
AF 340 307.5  33.1 334.2  09.7 1.27E-06 001.3 184.7  01.2 0.006392 0.002222 0.001211 hargrave 2023-11-20 20:43:14 
AF 360 006.1  48.6 014.8 -11.9 1.38E-06 002.9 222.9  28.9 0.006008 0.003918 0.001322 hargrave 2023-11-20 20:44:35 
AF 380 041.1  49.9 038.0 -13.6 9.24E-07 002.3 243.4  44.7 0.002925 0.002822 0.000875 hargrave 2023-11-20 20:45:55 
AF 400 001.5  20.5 356.6 -34.9 1.88E-06 002.7 234.0  02.6 0.007282 0.006316 0.001225 hargrave 2023-11-20 20:47:16 
AF 420 063.9  56.8 048.8 -03.0 9.19E-07 001.9 247.0  59.7 0.002291 0.002177 0.000711 hargrave 2023-11-20 20:48:40 
AF 440 340.5  36.2 351.9 -11.1 1.11E-06 002.7 210.7  09.6 0.005172 0.003095 0.001292 hargrave 2023-11-20 20:50:01 
AF 460 320.7  53.5 357.0  10.4 6.94E-07 002.3 192.0  22.5 0.003376 0.001506 0.001092 hargrave 2023-11-20 20:51:22 
AF 480 248.9 -14.6 257.8  35.8 1.10E-07 012.1 115.0 -31.5 0.002009 0.000976 0.001203 hargrave 2023-11-20 20:54:23 
AF 500 308.5 -20.1 286.3 -14.3 5.50E-07 002.2 190.0 -51.8 0.002509 0.001257 0.000777 hargrave 2023-11-20 20:55:44 
AF 520 341.0 -57.0 247.1 -42.5 5.69E-07 002.3 284.0 -69.3 0.001755 0.001598 0.000861 hargrave 2023-11-20 20:57:04 
AF 540 287.8 -37.4 262.7 -05.2 5.25E-07 002.9 149.8 -67.4 0.002323 0.001589 0.000549 hargrave 2023-11-20 20:58:25 
AF 560 280.1 -82.2 219.9 -22.9 8.64E-07 002.3 006.9 -65.1 0.003337 0.001868 0.000714 hargrave 2023-11-20 20:59:50 
AF 580 143.6 -56.9 180.9 -10.7 7.28E-07 002.7 013.0 -26.2 0.003601 0.001353 0.001782 hargrave 2023-11-20 21:01:10 
AF 600 020.8 -55.0 224.9 -59.9 8.04E-07 001.7 301.1 -48.9 0.001960 0.002598 0.001233 hargrave 2023-11-20 21:02:31 
AF 650 059.0 -60.4 191.1 -51.0 9.07E-07 002.0 325.9 -38.1 0.003371 0.002082 0.000985 hargrave 2023-11-20 21:03:52 
AF 700 243.4 -56.5 228.8  03.4 8.90E-07 003.0 067.3 -59.3 0.003871 0.002709 0.000697 hargrave 2023-11-20 21:05:13 
AF 750 297.3 -48.2 255.7 -16.1 1.20E-06 001.5 162.3 -79.8 0.002433 0.001942 0.000677 hargrave 2023-11-20 21:06:37 
AF 800 291.7 -66.0 237.1 -19.6 1.13E-06 002.1 026.5 -80.7 0.003644 0.002019 0.001464 hargrave 2023-11-20 21:07:58 
AF 850 222.1 -38.7 220.7  24.6 1.17E-06 002.1 074.5 -37.1 0.003491 0.003023 0.000878 hargrave 2023-11-20 21:09:19 
AF 900 252.6 -29.6 249.7  22.1 9.34E-07 001.8 108.4 -46.0 0.002156 0.001637 0.002433 hargrave 2023-11-20 21:10:41 
AF 950 259.4 -36.8 249.2  13.0 9.94E-07 001.7 108.7 -55.2 0.002232 0.001710 0.001696 hargrave 2023-11-20 21:12:02 
AF1000 231.0 -61.7 220.9  00.9 1.76E-06 001.9 053.1 -56.0 0.004610 0.003355 0.001470 hargrave 2023-11-20 21:13:24 
