MF13- 3a sun compass orientation
    4.5 152.9  67.0 302.0  64.0   1.0
NRM    007.2  71.1 024.1  08.6 1.29E-04 000.6 198.5  32.5 0.111664 0.066067 0.057335 hargrave 2023-11-19 17:53:01 
AF  10 003.0  71.1 022.8  09.2 1.21E-04 000.7 199.2  31.3 0.122589 0.098450 0.057571 hargrave 2023-11-19 17:54:23 
AF  20 000.3  70.9 021.9  09.4 1.13E-04 000.7 199.8  30.5 0.104998 0.082764 0.055595 hargrave 2023-11-19 17:55:44 
AF  30 358.9  70.6 021.4  09.4 1.05E-04 000.8 200.2  30.2 0.122170 0.107052 0.052234 hargrave 2023-11-19 17:57:06 
AF  40 359.0  70.2 021.3  09.1 9.76E-05 000.7 200.6  30.3 0.105662 0.069358 0.047207 hargrave 2023-11-19 17:58:27 
AF  50 356.5  70.1 020.4  09.4 9.05E-05 000.7 201.1  29.5 0.091731 0.066391 0.044820 hargrave 2023-11-19 17:59:51 
AF  60 356.8  70.1 020.5  09.3 8.37E-05 000.8 201.0  29.6 0.101122 0.065428 0.042781 hargrave 2023-11-19 18:01:13 
AF  70 355.6  69.6 019.9  09.1 7.80E-05 000.7 201.7  29.3 0.106616 0.041671 0.041266 hargrave 2023-11-19 18:02:34 
AF  80 353.3  70.8 019.9  10.5 7.18E-05 000.9 200.5  28.3 0.085730 0.089636 0.038349 hargrave 2023-11-19 18:03:54 
AF  90 354.1  72.0 020.8  11.4 6.66E-05 001.0 199.1  28.3 0.122911 0.074854 0.035541 hargrave 2023-11-19 18:05:16 
AF 100 356.0  73.1 021.9  12.0 6.18E-05 000.8 197.8  28.6 0.089941 0.054716 0.033648 hargrave 2023-11-19 18:06:40 
AF 110 358.6  74.1 023.1  12.5 5.78E-05 001.1 196.4  29.0 0.106826 0.079381 0.030321 hargrave 2023-11-19 18:08:01 
AF 120 359.7  75.4 024.0  13.5 5.31E-05 001.1 194.9  28.9 0.109314 0.065097 0.027301 hargrave 2023-11-19 18:09:22 
AF 130 004.2  75.5 025.1  13.0 4.86E-05 001.1 194.3  29.9 0.121089 0.043391 0.024350 hargrave 2023-11-19 18:10:43 
AF 140 000.5  77.8 025.4  15.4 4.50E-05 001.0 192.3  28.2 0.101816 0.049850 0.023871 hargrave 2023-11-19 18:12:07 
AF 150 357.2  78.1 025.0  16.0 4.14E-05 001.1 192.2  27.4 0.104890 0.042649 0.021957 hargrave 2023-11-19 18:13:28 
AF 160 006.6  78.0 026.7  15.0 3.87E-05 001.1 191.5  29.3 0.096861 0.041704 0.018547 hargrave 2023-11-19 18:14:49 
AF 170 017.3  79.6 029.3  15.9 3.83E-05 001.1 188.6  30.1 0.096341 0.043850 0.019391 hargrave 2023-11-19 18:16:10 
AF 180 020.0  80.6 030.0  16.8 3.42E-05 001.2 187.3  29.7 0.087835 0.044747 0.019039 hargrave 2023-11-19 18:17:31 
AF 190 002.4  77.4 025.6  14.9 3.36E-05 001.3 192.5  28.7 0.091790 0.049324 0.017802 hargrave 2023-11-19 18:18:52 
AF 200 021.2  81.3 030.3  17.5 3.07E-05 001.4 186.6  29.3 0.084150 0.050470 0.016983 hargrave 2023-11-19 18:20:13 
AF 220 014.6  83.3 029.9  19.5 2.87E-05 001.5 185.7  27.4 0.083188 0.052538 0.015829 hargrave 2023-11-19 18:21:34 
AF 240 007.7  82.5 028.8  19.1 2.69E-05 001.5 186.9  27.1 0.075810 0.052807 0.016273 hargrave 2023-11-19 18:22:55 
AF 260 036.0  82.1 032.6  18.2 2.09E-05 001.9 184.1  29.9 0.094113 0.048852 0.018844 hargrave 2023-11-19 18:24:17 
AF 280 047.0  79.3 034.9  15.6 2.27E-05 001.6 183.5  33.3 0.075483 0.036876 0.006338 hargrave 2023-11-19 18:25:37 
AF 300 057.3  79.4 036.7  16.4 1.88E-05 001.3 181.2  33.5 0.065568 0.027612 0.013634 hargrave 2023-11-19 18:26:58 
AF 320 025.9  82.2 031.1  18.2 1.79E-05 001.6 185.4  29.2 0.065785 0.028648 0.005439 hargrave 2023-11-19 18:28:19 
AF 340 094.4  83.7 038.0  23.0 1.58E-05 001.4 176.3  28.3 0.057210 0.025281 0.005426 hargrave 2023-11-19 18:29:40 
AF 360 176.9  86.1 034.5  29.1 1.44E-05 001.1 176.2  21.4 0.052999 0.021834 0.008438 hargrave 2023-11-19 18:31:01 
AF 380 152.9  81.0 040.9  30.3 1.78E-05 000.9 170.3  22.7 0.062515 0.024019 0.010031 hargrave 2023-11-19 18:32:22 
AF 400 134.7  78.9 044.3  27.9 1.47E-05 001.0 168.2  26.0 0.053931 0.016606 0.009972 hargrave 2023-11-19 18:33:43 
AF 420 190.2  76.4 038.4  38.5 1.73E-05 000.7 168.9  14.4 0.057985 0.022765 0.008429 hargrave 2023-11-19 18:35:04 
AF 440 166.3  76.3 043.9  35.0 1.45E-05 000.8 165.9  19.2 0.044866 0.009505 0.012068 hargrave 2023-11-19 18:36:29 
AF 460 213.6  70.8 031.3  45.2 1.35E-05 000.6 170.7  06.0 0.049175 0.019345 0.006563 hargrave 2023-11-19 18:37:50 
AF 480 208.1  63.2 034.9  52.7 1.07E-05 000.4 165.1  00.5 0.041341 0.013352 0.003883 hargrave 2023-11-19 18:39:11 
AF 500 230.1  51.1 008.0  61.4 1.17E-05 000.9 171.7 -15.1 0.043825 0.017734 0.006885 hargrave 2023-11-19 18:40:32 
AF 520 233.2  57.0 011.6  55.5 1.38E-05 000.8 174.6 -09.6 0.052660 0.021935 0.004187 hargrave 2023-11-19 18:41:53 
AF 540 205.2  38.4 055.1  76.3 1.32E-05 001.1 149.5 -19.1 0.038028 0.020108 0.005822 hargrave 2023-11-19 18:43:14 
AF 560 170.1  49.5 074.6  50.1 1.34E-05 000.9 141.3  06.9 0.035614 0.017381 0.006972 hargrave 2023-11-19 18:44:35 
AF 580 213.8  58.1 030.2  57.9 1.11E-05 000.7 165.0 -05.3 0.045750 0.014115 0.011926 hargrave 2023-11-19 18:45:56 
AF 600 183.3  40.4 083.7  62.2 1.23E-05 001.2 138.7 -05.9 0.034157 0.017189 0.005573 hargrave 2023-11-19 18:47:17 
AF 650 210.2  54.9 034.2  61.1 1.03E-05 000.5 161.7 -07.2 0.041692 0.011273 0.003372 hargrave 2023-11-19 18:48:38 
AF 700 209.5  13.1 201.3  76.9 8.44E-06 001.4 134.5 -41.3 0.019753 0.007630 0.010106 hargrave 2023-11-19 18:50:00 
AF 750 209.6  44.4 037.4  71.5 1.08E-05 000.6 155.9 -16.1 0.030311 0.013075 0.007892 hargrave 2023-11-19 18:51:20 
AF 800 178.0  53.0 065.9  53.0 1.55E-05 000.7 146.9  04.4 0.042566 0.014904 0.008457 hargrave 2023-11-19 18:52:45 
AF 850 247.7  35.6 328.3  58.1 9.71E-06 001.7 184.5 -31.2 0.039857 0.015627 0.004681 hargrave 2023-11-19 18:54:07 
AF 900 168.4  32.6 101.6  51.6 6.63E-06 001.6 125.7  00.2 0.019421 0.010573 0.006318 hargrave 2023-11-19 18:55:28 
AF 950 233.9  12.5 272.9  65.4 9.71E-06 001.5 165.1 -53.4 0.026862 0.002849 0.008744 hargrave 2023-11-19 18:56:49 
AF1000 211.8  06.2 211.5  70.2 4.80E-06 001.7 130.1 -47.9 0.011124 0.006957 0.007461 hargrave 2023-11-19 18:58:11 
