MF13- 2a sun compass orientation
    3.2 163.7  51.0 302.0  64.0   1.0
NRM    014.1  66.2 024.9  03.2 4.03E-05 001.1 210.8  47.3 0.062635 0.049023 0.020569 hargrave 2023-11-19 16:46:34 
AF  10 010.4  66.3 023.5  03.8 3.78E-05 001.7 211.0  45.8 0.112356 0.061976 0.021041 hargrave 2023-11-19 16:47:55 
AF  20 010.4  66.0 023.4  03.5 3.47E-05 001.8 211.4  45.8 0.127628 0.029195 0.020099 hargrave 2023-11-19 16:49:15 
AF  30 008.0  65.6 022.3  03.4 3.28E-05 002.1 212.1  44.9 0.124592 0.063840 0.019902 hargrave 2023-11-19 16:50:37 
AF  40 008.3  64.9 022.2  02.7 3.03E-05 001.7 213.1  45.0 0.088880 0.038040 0.020188 hargrave 2023-11-19 16:51:58 
AF  50 005.9  64.3 021.0  02.5 2.78E-05 001.8 214.0  44.0 0.084750 0.041746 0.018961 hargrave 2023-11-19 16:53:19 
AF  60 008.3  63.5 021.7  01.5 2.57E-05 001.8 215.0  45.0 0.078069 0.034759 0.018397 hargrave 2023-11-19 16:54:40 
AF  70 005.0  62.6 019.9  01.1 2.39E-05 001.9 216.3  43.5 0.076675 0.037405 0.018055 hargrave 2023-11-19 16:56:00 
AF  80 006.4  62.4 020.5  00.8 2.24E-05 001.8 216.5  44.2 0.071632 0.031969 0.017688 hargrave 2023-11-19 16:57:21 
AF  90 009.5  63.1 022.0  00.8 2.05E-05 001.9 215.7  45.6 0.065765 0.031988 0.017607 hargrave 2023-11-19 16:58:42 
AF 100 010.6  63.7 022.7  01.3 1.90E-05 001.9 214.7  46.1 0.062058 0.031379 0.017198 hargrave 2023-11-19 17:00:03 
AF 110 010.9  63.1 022.6  00.6 1.75E-05 001.9 215.6  46.2 0.059349 0.029503 0.016616 hargrave 2023-11-19 17:01:23 
AF 120 012.0  63.6 023.3  01.0 1.65E-05 002.0 214.7  46.7 0.056666 0.026334 0.016272 hargrave 2023-11-19 17:02:45 
AF 130 007.4  63.1 021.2  01.2 1.48E-05 002.0 215.6  44.7 0.053259 0.023762 0.015898 hargrave 2023-11-19 17:04:05 
AF 140 006.9  63.2 021.0  01.4 1.41E-05 002.2 215.4  44.4 0.050130 0.025731 0.008854 hargrave 2023-11-19 17:05:26 
AF 150 007.9  65.3 022.2  03.2 1.39E-05 002.1 212.5  44.8 0.049573 0.021795 0.009122 hargrave 2023-11-19 17:06:47 
AF 160 003.0  65.7 020.4  04.3 1.39E-05 002.2 212.0  42.8 0.052447 0.022903 0.010107 hargrave 2023-11-19 17:08:08 
AF 170 004.4  63.6 020.1  02.2 1.27E-05 002.3 214.9  43.3 0.049187 0.021480 0.008956 hargrave 2023-11-19 17:09:29 
AF 180 002.1  66.6 020.6  05.3 1.18E-05 002.4 210.7  42.5 0.044915 0.028650 0.008526 hargrave 2023-11-19 17:10:53 
AF 190 006.7  64.8 021.5  02.9 1.14E-05 002.2 213.2  44.3 0.042616 0.018900 0.009128 hargrave 2023-11-19 17:12:14 
AF 200 014.9  67.5 025.5  04.4 1.09E-05 002.2 208.9  47.4 0.041633 0.017648 0.008028 hargrave 2023-11-19 17:13:35 
AF 220 018.0  68.3 026.9  04.9 9.53E-06 002.2 207.3  48.3 0.035795 0.014794 0.007201 hargrave 2023-11-19 17:14:56 
AF 240 024.0  65.0 028.6  01.2 8.80E-06 002.3 211.2  51.5 0.033423 0.014265 0.006597 hargrave 2023-11-19 17:16:17 
AF 260 015.6  75.1 027.8  11.7 7.43E-06 002.2 198.1  45.5 0.029193 0.011672 0.007716 hargrave 2023-11-19 17:17:38 
AF 280 022.6  73.7 029.3  09.9 6.04E-06 002.4 199.0  47.8 0.026441 0.010156 0.004096 hargrave 2023-11-19 17:18:59 
AF 300 348.9  75.8 022.0  15.3 6.90E-06 002.3 198.3  38.8 0.031779 0.012311 0.004246 hargrave 2023-11-19 17:20:19 
AF 320 025.3  79.2 030.7  15.3 5.54E-06 002.4 191.5  45.6 0.025765 0.009400 0.004244 hargrave 2023-11-19 17:21:40 
AF 340 032.7  79.5 032.1  15.5 5.55E-06 002.3 190.0  46.5 0.023302 0.008290 0.006384 hargrave 2023-11-19 17:23:00 
AF 360 345.7  81.0 025.1  19.6 6.44E-06 002.2 191.6  38.7 0.028269 0.009687 0.005670 hargrave 2023-11-19 17:24:21 
AF 380 068.0  81.6 037.2  19.1 5.06E-06 002.2 181.2  47.4 0.020547 0.007677 0.004874 hargrave 2023-11-19 17:25:42 
AF 400 008.7  75.3 026.1  12.4 5.44E-06 002.4 198.6  43.8 0.022855 0.008813 0.006120 hargrave 2023-11-19 17:27:02 
AF 420 117.7  81.1 041.8  25.0 5.33E-06 001.8 171.3  45.1 0.018877 0.005415 0.006243 hargrave 2023-11-19 17:28:23 
AF 440 097.6  81.2 040.6  22.1 6.33E-06 001.9 174.8  46.9 0.023906 0.007512 0.005328 hargrave 2023-11-19 17:29:45 
AF 460 119.6  80.0 043.1  25.2 5.47E-06 001.9 169.7  45.6 0.020783 0.004529 0.005376 hargrave 2023-11-19 17:31:08 
AF 480 359.4  76.1 024.3  14.1 4.55E-06 002.3 197.9  41.4 0.020565 0.007563 0.002940 hargrave 2023-11-19 17:32:29 
AF 500 100.0  81.0 041.0  22.4 6.99E-06 001.8 174.2  46.9 0.024320 0.006962 0.005752 hargrave 2023-11-19 17:33:50 
AF 520 046.6  84.0 033.6  20.2 6.17E-06 002.0 183.8  44.2 0.023747 0.009234 0.004410 hargrave 2023-11-19 17:35:14 
AF 540 103.9  58.1 063.1  13.0 3.56E-06 001.8 144.4  62.8 0.009354 0.004929 0.003369 hargrave 2023-11-19 17:36:35 
AF 560 036.8  64.4 034.1  00.4 5.61E-06 002.1 208.3  56.7 0.019074 0.008939 0.005252 hargrave 2023-11-19 17:37:56 
AF 580 109.3  80.6 042.0  23.6 3.53E-06 002.5 172.1  46.4 0.016519 0.005091 0.004597 hargrave 2023-11-19 17:39:16 
AF 600 150.9  85.1 036.8  28.3 5.04E-06 001.8 173.8  39.9 0.021808 0.005924 0.003725 hargrave 2023-11-19 17:40:37 
AF 650 077.4  54.2 056.6 -00.8 4.76E-06 002.1 171.8  74.6 0.016325 0.008750 0.003449 hargrave 2023-11-19 17:41:58 
AF 700 074.2  71.2 044.8  11.5 3.67E-06 002.3 179.7  57.8 0.015753 0.007622 0.005841 hargrave 2023-11-19 17:43:19 
AF 750 035.0  52.8 033.8 -11.2 4.82E-06 002.2 229.6  60.2 0.016558 0.010793 0.001099 hargrave 2023-11-19 17:44:40 
AF 800 093.8  73.7 047.1  17.5 4.43E-06 002.3 170.5  54.0 0.017294 0.009080 0.002312 hargrave 2023-11-19 17:46:02 
AF 850 052.3  38.3 049.2 -22.9 1.85E-06 003.6 265.6  73.3 0.006229 0.009326 0.003124 hargrave 2023-11-19 17:47:23 
AF 900 052.5  62.4 041.4 -00.1 2.57E-06 002.6 201.9  63.3 0.010352 0.006609 0.001591 hargrave 2023-11-19 17:48:45 
AF 950 149.7  52.2 074.8  37.0 3.20E-06 001.5 131.2  37.8 0.005928 0.006502 0.001237 hargrave 2023-11-19 17:50:09 
AF1000 147.5  44.9 083.9  35.7 3.56E-06 001.8 122.0  36.7 0.008665 0.007902 0.003944 hargrave 2023-11-19 17:51:31 
