MF14- 1a sun compass orientation
      0 169.7  44.0 301.0  67.0   1.0
NRM    002.1  69.9 021.4  05.1 1.47E-05 002.2 209.3  46.6 0.056279 0.024804 0.002891 hargrave 2023-11-20 02:48:16 
AF  10 000.8  69.6 020.8  05.1 1.38E-05 002.1 209.6  46.1 0.051935 0.022981 0.002686 hargrave 2023-11-20 02:49:36 
AF  20 000.6  69.3 020.7  04.9 1.29E-05 002.2 210.0  46.0 0.049357 0.021833 0.002671 hargrave 2023-11-20 02:50:56 
AF  30 359.9  68.8 020.2  04.5 1.22E-05 002.2 210.6  45.7 0.047347 0.020923 0.002504 hargrave 2023-11-20 02:52:16 
AF  40 000.3  67.6 019.7  03.4 1.16E-05 002.3 212.4  45.5 0.045572 0.020260 0.002703 hargrave 2023-11-20 02:53:36 
AF  50 359.0  67.5 019.3  03.6 1.10E-05 002.3 212.3  45.0 0.043769 0.019585 0.002202 hargrave 2023-11-20 02:54:57 
AF  60 359.7  67.0 019.3  03.1 1.03E-05 002.3 213.0  45.2 0.041155 0.018422 0.002262 hargrave 2023-11-20 02:56:17 
AF  70 359.7  66.1 018.8  02.2 9.60E-06 002.3 214.3  45.0 0.038448 0.017328 0.002035 hargrave 2023-11-20 02:57:37 
AF  80 000.3  66.4 019.2  02.4 9.34E-06 002.3 213.9  45.3 0.037661 0.016755 0.001976 hargrave 2023-11-20 02:58:58 
AF  90 000.3  65.7 018.9  01.8 8.82E-06 002.3 214.9  45.1 0.035352 0.015835 0.001513 hargrave 2023-11-20 03:00:18 
AF 100 356.9  66.1 017.8  02.8 8.36E-06 002.3 213.9  43.8 0.033191 0.015470 0.001843 hargrave 2023-11-20 03:01:39 
AF 110 358.0  66.2 018.3  02.7 7.92E-06 002.4 213.9  44.3 0.032169 0.014659 0.002113 hargrave 2023-11-20 03:02:59 
AF 120 359.1  65.9 018.5  02.1 7.45E-06 002.4 214.5  44.6 0.030339 0.013770 0.002048 hargrave 2023-11-20 03:04:19 
AF 130 354.0  65.2 016.3  02.6 7.37E-06 002.4 214.5  42.4 0.030893 0.014216 0.002037 hargrave 2023-11-20 03:05:39 
AF 140 002.9  68.2 020.9  03.5 7.10E-06 002.3 211.7  46.6 0.028567 0.012764 0.001343 hargrave 2023-11-20 03:07:00 
AF 150 360.0  66.8 019.3  02.8 6.80E-06 002.3 213.4  45.2 0.026437 0.012580 0.001416 hargrave 2023-11-20 03:08:20 
AF 160 004.0  66.6 020.6  01.9 6.45E-06 002.4 214.1  46.8 0.025904 0.011588 0.002152 hargrave 2023-11-20 03:09:41 
AF 170 001.8  71.8 022.2  06.9 6.25E-06 002.3 206.5  46.8 0.025364 0.010489 0.000992 hargrave 2023-11-20 03:11:01 
AF 180 358.1  74.0 022.3  09.4 5.73E-06 002.3 203.1  46.0 0.023428 0.009617 0.002063 hargrave 2023-11-20 03:12:21 
AF 190 348.5  71.6 018.5  09.0 5.94E-06 002.3 205.5  42.7 0.024264 0.010676 0.001882 hargrave 2023-11-20 03:13:42 
AF 200 359.6  75.4 023.3  10.4 5.96E-06 002.2 201.1  46.6 0.024263 0.009790 0.001780 hargrave 2023-11-20 03:15:02 
AF 220 007.1  75.9 025.2  10.0 5.34E-06 002.2 200.6  48.4 0.020935 0.008793 0.001536 hargrave 2023-11-20 03:16:23 
AF 240 359.7  77.8 024.6  12.5 4.95E-06 002.2 197.7  46.8 0.020397 0.008062 0.001791 hargrave 2023-11-20 03:17:44 
AF 260 006.2  71.1 023.1  05.6 4.42E-06 002.5 207.8  48.1 0.019086 0.008155 0.001666 hargrave 2023-11-20 03:19:04 
AF 280 027.1  77.1 030.1  10.1 4.21E-06 002.1 197.0  52.7 0.015992 0.006596 0.001497 hargrave 2023-11-20 03:20:25 
AF 300 035.1  76.6 032.0  09.7 4.21E-06 002.1 196.2  54.5 0.015733 0.006344 0.002034 hargrave 2023-11-20 03:21:46 
AF 320 013.2  74.7 026.3  08.3 3.62E-06 002.3 202.2  50.1 0.014737 0.005722 0.001975 hargrave 2023-11-20 03:23:06 
AF 340 356.1  67.5 018.3  04.2 3.21E-06 002.6 211.9  44.0 0.014183 0.006113 0.002231 hargrave 2023-11-20 03:24:26 
AF 360 026.1  75.7 029.8  08.7 3.30E-06 002.2 199.3  53.0 0.013070 0.005163 0.001636 hargrave 2023-11-20 03:25:47 
AF 380 035.1  84.6 031.4  17.6 3.17E-06 001.9 185.8  49.7 0.012373 0.003790 0.000478 hargrave 2023-11-20 03:27:08 
AF 400 039.1  68.8 033.9  01.9 3.35E-06 002.1 207.7  59.5 0.012051 0.005413 0.000105 hargrave 2023-11-20 03:28:28 
AF 420 043.9  78.1 033.7  11.4 3.43E-06 002.0 192.2  55.1 0.013048 0.004020 0.001128 hargrave 2023-11-20 03:29:48 
AF 440 008.0  69.5 023.1  04.0 2.78E-06 002.3 210.2  48.6 0.011374 0.004485 0.000979 hargrave 2023-11-20 03:31:08 
AF 460 029.8  65.2 030.5 -01.8 2.66E-06 002.2 216.4  57.2 0.009933 0.004075 0.000929 hargrave 2023-11-20 03:32:29 
AF 480 059.0  72.9 039.0  07.7 2.78E-06 001.8 192.6  61.5 0.009538 0.002769 0.000532 hargrave 2023-11-20 03:33:49 
AF 500 066.1  77.1 038.5  12.3 2.17E-06 002.1 185.7  58.4 0.008282 0.002830 0.000613 hargrave 2023-11-20 03:35:10 
AF 520 055.9  77.5 036.3  11.6 2.57E-06 002.0 189.2  57.1 0.009732 0.003110 0.000298 hargrave 2023-11-20 03:36:30 
AF 540 065.4  62.7 046.1 -00.1 2.23E-06 001.5 200.9  71.5 0.006067 0.002144 0.001382 hargrave 2023-11-20 03:37:50 
AF 560 019.6  79.5 028.9  12.7 2.06E-06 001.9 194.3  50.4 0.008375 0.002898 0.001450 hargrave 2023-11-20 03:39:11 
AF 580 036.1  68.2 032.9  01.3 2.60E-06 002.1 209.6  58.7 0.009763 0.003680 0.001289 hargrave 2023-11-20 03:40:31 
AF 600 035.3  75.4 032.1  08.4 2.62E-06 002.1 198.1  55.2 0.010395 0.003796 0.001127 hargrave 2023-11-20 03:41:51 
AF 650 038.9  75.7 033.0  08.8 2.77E-06 002.2 196.7  55.8 0.011233 0.004346 0.000386 hargrave 2023-11-20 03:43:11 
AF 700 083.9  83.1 036.8  18.7 2.26E-06 001.8 179.2  52.9 0.008622 0.002779 0.001290 hargrave 2023-11-20 03:44:32 
AF 750 102.2  68.2 052.3  14.6 2.45E-06 001.9 160.4  65.0 0.007840 0.003374 0.000536 hargrave 2023-11-20 03:45:52 
AF 800 060.5  69.9 040.8  05.3 2.43E-06 002.3 195.1  64.3 0.009078 0.004855 0.001059 hargrave 2023-11-20 03:47:13 
AF 850 057.0  74.1 038.0  08.6 2.16E-06 002.0 192.3  60.2 0.007962 0.003285 0.000520 hargrave 2023-11-20 03:48:34 
AF 900 016.7  54.2 022.5 -11.8 1.59E-06 002.7 234.4  50.2 0.006985 0.003842 0.000903 hargrave 2023-11-20 03:49:55 
AF 950 044.2  57.4 038.1 -08.9 1.67E-06 002.1 229.3  65.6 0.005123 0.003499 0.000892 hargrave 2023-11-20 03:51:15 
AF1000 087.0  67.7 049.6  09.5 1.97E-06 002.0 172.6  68.0 0.006506 0.003520 0.001297 hargrave 2023-11-20 03:52:36 
