MF14- 4a sun compass orientation
      7 209.3  28.0 301.0  67.0   1.0
NRM    041.9  40.5 040.2 -25.7 7.70E-06 002.6 257.9  40.7 0.030864 0.012801 0.019106 hargrave 2023-11-20 23:28:39 
AF  10 053.9  31.8 053.7 -31.0 7.30E-06 002.5 274.9  39.1 0.024878 0.013606 0.020057 hargrave 2023-11-20 23:29:59 
AF  20 054.0  28.3 055.5 -34.1 6.71E-06 002.7 277.3  36.3 0.023681 0.013701 0.019215 hargrave 2023-11-20 23:31:20 
AF  30 054.1  25.0 057.5 -37.0 6.17E-06 002.8 279.5  33.5 0.022089 0.013596 0.018547 hargrave 2023-11-20 23:32:41 
AF  40 056.3  23.6 060.5 -37.3 5.77E-06 002.9 282.4  33.3 0.020991 0.013232 0.018318 hargrave 2023-11-20 23:34:02 
AF  50 060.7  20.9 066.6 -37.4 5.28E-06 003.0 288.2  32.9 0.019028 0.011980 0.017784 hargrave 2023-11-20 23:35:22 
AF  60 065.7  17.6 073.9 -37.1 5.01E-06 003.1 295.0  32.1 0.018372 0.011371 0.017738 hargrave 2023-11-20 23:36:47 
AF  70 066.0  15.3 076.1 -38.6 4.45E-06 003.4 296.5  30.3 0.017457 0.010543 0.018042 hargrave 2023-11-20 23:38:11 
AF  80 067.4  10.9 081.4 -40.8 3.79E-06 003.9 300.0  26.8 0.016234 0.010540 0.017723 hargrave 2023-11-20 23:39:32 
AF  90 065.7  09.6 081.0 -42.9 3.89E-06 003.8 298.9  25.0 0.016423 0.010718 0.017828 hargrave 2023-11-20 23:40:53 
AF 100 069.5  08.8 085.2 -40.7 3.71E-06 004.0 303.0  25.8 0.016108 0.010365 0.018174 hargrave 2023-11-20 23:42:14 
AF 110 065.6  10.2 080.4 -42.5 3.52E-06 004.1 298.6  25.5 0.015631 0.010469 0.017683 hargrave 2023-11-20 23:43:34 
AF 120 071.5  07.1 088.6 -40.2 3.37E-06 004.1 305.8  25.0 0.015153 0.009727 0.016848 hargrave 2023-11-20 23:44:55 
AF 130 071.5  04.9 090.9 -41.6 2.98E-06 004.5 306.7  22.9 0.014156 0.008497 0.017089 hargrave 2023-11-20 23:46:15 
AF 140 074.6  07.1 091.1 -37.9 2.84E-06 004.6 309.0  26.1 0.013066 0.007706 0.017651 hargrave 2023-11-20 23:47:36 
AF 150 073.2  16.6 081.0 -32.8 2.44E-06 005.5 303.3  34.4 0.012846 0.011045 0.017349 hargrave 2023-11-20 23:48:58 
AF 160 074.5  20.4 078.7 -29.3 2.05E-06 005.9 302.6  38.3 0.012123 0.005054 0.017413 hargrave 2023-11-20 23:50:22 
AF 170 075.5  30.9 071.2 -21.2 2.51E-06 004.5 297.3  48.1 0.012847 0.007226 0.015987 hargrave 2023-11-20 23:51:42 
AF 180 078.3  21.2 080.7 -26.1 2.35E-06 005.0 306.4  40.5 0.012073 0.005453 0.016316 hargrave 2023-11-20 23:53:06 
AF 190 094.4  17.7 093.3 -15.9 2.00E-06 005.1 327.1  42.4 0.009840 0.004122 0.015422 hargrave 2023-11-20 23:54:27 
AF 200 093.9  29.0 083.3 -10.2 2.24E-06 004.6 321.4  53.0 0.011374 0.005689 0.014674 hargrave 2023-11-20 23:55:48 
AF 220 084.9  06.0 099.0 -29.9 2.56E-06 004.2 320.2  28.5 0.010274 0.006606 0.014534 hargrave 2023-11-20 23:57:09 
AF 240 092.3  01.7 107.2 -25.5 2.28E-06 004.2 329.6  26.4 0.009066 0.005898 0.013095 hargrave 2023-11-20 23:58:30 
AF 260 096.0  04.4 106.4 -21.0 2.03E-06 004.6 332.9  29.8 0.009193 0.005779 0.012781 hargrave 2023-11-20 23:59:50 
AF 280 085.1 -05.8 111.5 -35.2 2.37E-06 004.4 324.2  17.3 0.010441 0.007768 0.012983 hargrave 2023-11-21 00:01:11 
AF 300 081.5  08.9 094.0 -31.2 2.43E-06 003.6 315.5  30.2 0.008378 0.006114 0.012321 hargrave 2023-11-21 00:02:32 
AF 320 081.0  00.4 102.4 -36.1 2.61E-06 003.9 318.0  22.0 0.009979 0.007536 0.012921 hargrave 2023-11-21 00:03:53 
AF 340 087.8  03.5 103.2 -28.6 2.56E-06 003.9 324.2  27.0 0.009869 0.006407 0.014045 hargrave 2023-11-21 00:05:17 
AF 360 087.0 -23.9 133.8 -38.9 2.26E-06 003.9 330.8  00.3 0.008030 0.006787 0.012365 hargrave 2023-11-21 00:06:38 
AF 380 094.7 -14.7 125.3 -29.6 2.13E-06 003.7 335.8  10.9 0.008920 0.006708 0.010239 hargrave 2023-11-21 00:07:58 
AF 400 077.1 -19.1 124.8 -47.0 1.85E-06 004.5 320.5  02.3 0.007895 0.006451 0.011307 hargrave 2023-11-21 00:09:19 
AF 420 084.4  16.9 088.4 -24.3 1.81E-06 003.5 315.4  38.7 0.006834 0.004728 0.008246 hargrave 2023-11-21 00:10:40 
AF 440 081.1  03.2 099.5 -34.6 2.05E-06 003.7 317.2  24.7 0.007011 0.005123 0.010489 hargrave 2023-11-21 00:12:00 
AF 460 076.8  03.8 096.0 -37.9 2.21E-06 003.6 312.5  23.8 0.007118 0.005644 0.010778 hargrave 2023-11-21 00:13:21 
AF 480 108.4 -08.2 123.8 -14.8 2.31E-06 002.8 348.5  19.3 0.008297 0.005537 0.008844 hargrave 2023-11-21 00:14:42 
AF 500 086.6 -08.7 115.5 -34.9 1.50E-06 004.1 326.5  14.9 0.006264 0.003928 0.008391 hargrave 2023-11-21 00:16:06 
AF 520 053.3  22.9 057.9 -39.2 1.57E-06 004.0 280.0  31.3 0.008156 0.005654 0.007562 hargrave 2023-11-21 00:17:27 
AF 540 088.3 -07.0 114.3 -32.7 2.61E-06 002.9 327.7  17.0 0.011037 0.006623 0.009175 hargrave 2023-11-21 00:18:51 
AF 560 088.8  01.9 105.3 -28.5 2.34E-06 002.8 325.8  25.7 0.006694 0.006142 0.008664 hargrave 2023-11-21 00:20:12 
AF 580 092.4  30.5 081.3 -10.4 1.76E-06 003.7 318.4  54.0 0.007355 0.004790 0.008459 hargrave 2023-11-21 00:21:33 
AF 600 104.6 -16.1 130.2 -21.0 1.11E-06 005.4 345.7  11.0 0.004499 0.004362 0.008830 hargrave 2023-11-21 00:22:53 
AF 650 075.2  40.3 064.3 -14.5 1.94E-06 002.3 288.7  55.9 0.005618 0.004439 0.005580 hargrave 2023-11-21 00:24:14 
AF 700 101.3  34.6 081.9 -01.9 1.24E-06 003.5 329.2  60.3 0.005243 0.003623 0.004955 hargrave 2023-11-21 00:25:35 
AF 750 057.8  15.6 067.7 -43.4 1.32E-06 003.5 288.3  26.9 0.005610 0.005620 0.004831 hargrave 2023-11-21 00:26:55 
AF 800 110.8  18.8 099.8 -01.6 2.55E-06 001.7 348.3  46.4 0.006015 0.005304 0.004531 hargrave 2023-11-21 00:28:17 
AF 850 052.9 -07.6 088.3 -63.9 1.41E-06 003.1 294.4  04.0 0.003252 0.004790 0.006089 hargrave 2023-11-21 00:29:38 
AF 900 091.6  10.7 098.2 -21.8 2.48E-06 002.5 326.1  35.0 0.007625 0.007447 0.005237 hargrave 2023-11-21 00:30:59 
AF 950 100.9  47.8 070.2  04.4 1.74E-06 002.9 315.3  72.4 0.005968 0.006300 0.002759 hargrave 2023-11-21 00:32:20 
AF1000 095.1  02.7 107.7 -22.5 2.26E-06 002.0 332.4  28.0 0.006957 0.005114 0.004384 hargrave 2023-11-21 00:33:41 
