MF14- 3a sun compass orientation
    5.5 194.9  51.0 301.0  67.0   1.0
NRM    351.7  68.5 017.5  05.9 7.68E-06 002.2 202.5  28.3 0.031985 0.015265 0.008094 hargrave 2023-11-20 22:21:18 
AF  10 353.3  67.7 017.5  04.9 7.45E-06 002.1 203.6  28.2 0.030021 0.013162 0.007757 hargrave 2023-11-20 22:22:39 
AF  20 354.1  66.8 017.3  04.0 7.15E-06 002.2 204.6  28.0 0.029096 0.012998 0.007696 hargrave 2023-11-20 22:24:00 
AF  30 354.3  66.1 016.9  03.3 6.89E-06 002.2 205.4  27.7 0.028231 0.012303 0.007531 hargrave 2023-11-20 22:25:20 
AF  40 355.6  65.8 017.2  02.8 6.53E-06 002.2 206.0  27.9 0.026812 0.012000 0.007337 hargrave 2023-11-20 22:26:41 
AF  50 353.3  65.7 016.4  03.2 6.33E-06 002.3 205.5  27.1 0.026230 0.011809 0.007287 hargrave 2023-11-20 22:28:02 
AF  60 352.4  64.6 015.5  02.5 6.02E-06 002.3 206.2  26.2 0.025091 0.011396 0.006814 hargrave 2023-11-20 22:29:23 
AF  70 354.2  64.3 015.9  01.9 5.87E-06 002.3 207.0  26.6 0.024693 0.011158 0.006806 hargrave 2023-11-20 22:30:44 
AF  80 355.5  64.4 016.5  01.6 5.48E-06 002.5 207.3  27.1 0.024661 0.011056 0.006794 hargrave 2023-11-20 22:32:05 
AF  90 356.3  64.3 016.7  01.3 5.34E-06 002.4 207.6  27.3 0.022123 0.010638 0.006429 hargrave 2023-11-20 22:33:26 
AF 100 359.1  62.3 016.8 -01.0 5.13E-06 002.4 210.2  27.3 0.021386 0.010104 0.006087 hargrave 2023-11-20 22:34:47 
AF 110 357.9  62.8 016.6 -00.3 4.89E-06 002.4 209.4  27.1 0.020423 0.009717 0.006152 hargrave 2023-11-20 22:36:08 
AF 120 355.7  60.4 014.4 -01.8 4.79E-06 002.5 210.9  24.9 0.020285 0.009951 0.005795 hargrave 2023-11-20 22:37:29 
AF 130 002.5  60.5 017.4 -03.4 4.58E-06 002.5 212.9  27.8 0.019113 0.009565 0.005589 hargrave 2023-11-20 22:38:50 
AF 140 002.8  60.5 017.6 -03.4 4.24E-06 002.5 213.0  27.9 0.017443 0.008796 0.005307 hargrave 2023-11-20 22:40:11 
AF 150 357.3  60.0 014.9 -02.6 4.17E-06 002.5 211.8  25.3 0.017840 0.008757 0.005427 hargrave 2023-11-20 22:41:32 
AF 160 357.7  56.2 013.1 -05.9 3.77E-06 002.6 215.4  23.3 0.016145 0.008241 0.005361 hargrave 2023-11-20 22:42:53 
AF 170 353.4  56.2 011.1 -04.6 3.41E-06 002.6 213.7  21.4 0.014572 0.007530 0.005178 hargrave 2023-11-20 22:44:13 
AF 180 353.6  57.9 012.2 -03.3 3.55E-06 002.6 212.4  22.5 0.015516 0.007942 0.005416 hargrave 2023-11-20 22:45:35 
AF 190 348.8  57.8 010.0 -01.8 3.75E-06 002.6 210.7  20.5 0.016308 0.008355 0.005738 hargrave 2023-11-20 22:46:56 
AF 200 352.7  57.8 011.7 -03.1 3.28E-06 002.6 212.2  22.1 0.013945 0.007255 0.005804 hargrave 2023-11-20 22:48:16 
AF 220 340.7  54.2 004.3 -01.6 3.07E-06 002.7 210.0  14.8 0.013797 0.007087 0.005220 hargrave 2023-11-20 22:49:37 
AF 240 336.8  52.3 001.3 -01.1 2.90E-06 002.7 209.4  11.9 0.013179 0.006913 0.005407 hargrave 2023-11-20 22:50:58 
AF 260 338.7  53.0 002.5 -01.6 2.70E-06 002.6 209.9  13.1 0.014187 0.005494 0.004436 hargrave 2023-11-20 22:52:22 
AF 280 330.9  54.0 000.3  02.6 2.40E-06 002.6 205.5  11.0 0.013013 0.004714 0.004945 hargrave 2023-11-20 22:53:47 
AF 300 325.7  55.8 000.1  06.1 2.75E-06 002.4 202.0  10.9 0.012743 0.005998 0.004939 hargrave 2023-11-20 22:55:08 
AF 320 332.3  48.4 356.4 -01.4 2.35E-06 002.7 209.5  07.0 0.010671 0.005640 0.004742 hargrave 2023-11-20 22:56:29 
AF 340 338.5  53.1 002.5 -01.4 2.24E-06 002.5 209.8  13.1 0.008150 0.004876 0.004910 hargrave 2023-11-20 22:57:51 
AF 360 334.1  51.5 359.6 -00.4 2.19E-06 002.7 208.6  10.2 0.010098 0.005270 0.004351 hargrave 2023-11-20 22:59:11 
AF 380 341.2  62.6 010.3  04.2 1.87E-06 002.7 204.2  21.1 0.008155 0.004190 0.004771 hargrave 2023-11-20 23:00:32 
AF 400 328.5  52.1 357.9  02.7 2.04E-06 002.7 205.4  08.6 0.009525 0.004902 0.004334 hargrave 2023-11-20 23:01:53 
AF 420 321.9  58.3 001.2  09.2 1.87E-06 002.5 198.8  12.1 0.008799 0.004382 0.003703 hargrave 2023-11-20 23:03:14 
AF 440 336.5  61.0 007.7  04.8 2.34E-06 002.5 203.6  18.5 0.010523 0.005233 0.004666 hargrave 2023-11-20 23:04:35 
AF 460 348.2  58.7 010.3 -00.9 2.10E-06 002.8 209.8  20.9 0.009086 0.005092 0.004511 hargrave 2023-11-20 23:05:56 
AF 480 348.8  50.4 005.4 -07.7 1.87E-06 003.0 216.4  15.5 0.008155 0.004967 0.004414 hargrave 2023-11-20 23:07:16 
AF 500 332.3  51.3 358.7  00.3 1.63E-06 002.8 207.8  09.4 0.007485 0.004161 0.003537 hargrave 2023-11-20 23:08:37 
AF 520 320.4  52.2 355.4  07.0 1.49E-06 002.7 200.9  06.3 0.007085 0.003620 0.003579 hargrave 2023-11-20 23:09:58 
AF 540 326.8  49.4 355.1  02.1 2.03E-06 002.7 205.9  05.9 0.009499 0.004912 0.004411 hargrave 2023-11-20 23:11:19 
AF 560 346.6  54.7 007.1 -03.5 1.92E-06 002.8 212.2  17.5 0.008621 0.004587 0.003997 hargrave 2023-11-20 23:12:39 
AF 580 343.8  56.7 007.2 -01.0 1.95E-06 002.8 209.6  17.8 0.008444 0.004595 0.004352 hargrave 2023-11-20 23:14:00 
AF 600 338.7  56.4 005.0  00.8 2.17E-06 002.6 207.7  15.7 0.009644 0.005012 0.004237 hargrave 2023-11-20 23:15:21 
AF 650 301.3  66.3 005.6  20.8 1.48E-06 001.9 186.8  16.1 0.006797 0.002874 0.003018 hargrave 2023-11-20 23:16:42 
AF 700 340.9  53.6 003.9 -02.1 1.19E-06 002.9 210.6  14.4 0.005332 0.002756 0.003226 hargrave 2023-11-20 23:18:02 
AF 750 349.8  59.2 011.2 -01.1 1.29E-06 002.9 210.0  21.8 0.006112 0.003222 0.002741 hargrave 2023-11-20 23:19:23 
AF 800 352.9  45.4 004.6 -13.3 1.64E-06 002.9 222.2  14.1 0.007148 0.004308 0.002800 hargrave 2023-11-20 23:20:45 
AF 850 035.9  49.9 034.3 -17.0 1.35E-06 002.4 233.3  41.3 0.004311 0.003008 0.002343 hargrave 2023-11-20 23:22:06 
AF 900 259.6  62.8 004.9  38.7 4.62E-07 001.9 168.4  13.8 0.002099 0.001052 0.001348 hargrave 2023-11-20 23:23:27 
AF 950 002.4  40.0 007.8 -21.6 1.10E-06 003.0 231.1  16.0 0.004651 0.003181 0.002050 hargrave 2023-11-20 23:24:49 
AF1000 332.6  55.2 001.9  02.6 1.33E-06 002.6 205.6  12.6 0.006692 0.002875 0.002480 hargrave 2023-11-20 23:26:10 
