MF14- 2a sun compass orientation
    1.8 213.4  44.0 301.0  67.0   1.0
NRM    296.2 -20.8 280.0 -03.8 8.27E-06 001.8 164.4 -64.1 0.006270 0.018919 0.040722 hargrave 2023-11-20 21:14:52 
AF  10 299.4 -10.3 290.9 -02.6 6.78E-06 002.2 173.3 -54.2 0.010020 0.016707 0.033787 hargrave 2023-11-20 21:16:12 
AF  20 306.1  13.6 315.5  00.7 5.46E-06 002.7 183.1 -30.3 0.016417 0.014695 0.024502 hargrave 2023-11-20 21:17:33 
AF  30 314.3  40.9 343.4  05.5 5.36E-06 002.4 188.2 -02.5 0.021644 0.013254 0.016441 hargrave 2023-11-20 21:18:54 
AF  40 321.3  53.8 357.1  07.3 5.89E-06 002.1 190.7  11.0 0.024830 0.012390 0.010627 hargrave 2023-11-20 21:20:15 
AF  50 328.1  58.5 003.0  06.5 6.17E-06 002.0 193.2  16.4 0.026439 0.011835 0.007914 hargrave 2023-11-20 21:21:36 
AF  60 330.8  61.6 006.4  07.2 6.10E-06 001.9 193.5  19.9 0.026021 0.010641 0.006432 hargrave 2023-11-20 21:22:57 
AF  70 331.6  61.4 006.5  06.8 5.96E-06 001.9 193.9  19.8 0.025460 0.010349 0.006134 hargrave 2023-11-20 21:24:18 
AF  80 333.3  63.7 008.8  07.6 5.79E-06 001.9 193.8  22.2 0.024647 0.009813 0.005370 hargrave 2023-11-20 21:25:38 
AF  90 333.7  62.5 008.0  06.7 5.52E-06 001.9 194.4  21.2 0.023685 0.009320 0.005118 hargrave 2023-11-20 21:26:59 
AF 100 331.4  63.9 008.4  08.4 5.57E-06 001.8 192.9  22.1 0.024115 0.008873 0.003974 hargrave 2023-11-20 21:28:21 
AF 110 333.2  65.1 009.9  08.5 5.33E-06 001.9 193.2  23.5 0.023263 0.008167 0.003828 hargrave 2023-11-20 21:29:42 
AF 120 335.6  65.3 010.7  07.8 5.40E-06 001.9 194.1  24.0 0.023496 0.008214 0.003570 hargrave 2023-11-20 21:31:03 
AF 130 329.7  65.2 009.1  09.8 5.18E-06 001.7 191.7  23.1 0.022763 0.007455 0.002690 hargrave 2023-11-20 21:32:24 
AF 140 329.6  63.2 007.4  08.6 4.70E-06 001.8 192.4  21.1 0.021229 0.007116 0.002841 hargrave 2023-11-20 21:33:45 
AF 150 335.6  62.0 008.2  05.7 4.57E-06 001.9 195.5  21.1 0.020812 0.007205 0.003232 hargrave 2023-11-20 21:35:05 
AF 160 345.5  64.2 012.9  04.1 4.45E-06 002.1 198.8  25.0 0.020109 0.007089 0.002978 hargrave 2023-11-20 21:36:26 
AF 170 339.9  66.1 012.5  07.1 4.35E-06 002.0 195.5  25.6 0.019677 0.006743 0.003216 hargrave 2023-11-20 21:37:47 
AF 180 329.7  62.4 006.8  08.2 3.49E-06 001.9 192.6  20.5 0.016811 0.005417 0.002878 hargrave 2023-11-20 21:39:08 
AF 190 327.8  64.5 008.0  10.0 3.72E-06 001.8 191.1  22.1 0.017231 0.005356 0.002916 hargrave 2023-11-20 21:40:30 
AF 200 331.1  63.1 007.8  08.0 3.15E-06 001.9 193.0  21.3 0.015131 0.004712 0.002494 hargrave 2023-11-20 21:41:51 
AF 220 316.1  71.5 012.3  17.1 3.27E-06 001.7 184.5  27.8 0.014960 0.004085 0.002106 hargrave 2023-11-20 21:43:12 
AF 240 338.6  75.4 019.1  13.7 2.90E-06 002.0 190.1  33.6 0.013006 0.003367 0.002468 hargrave 2023-11-20 21:44:33 
AF 260 332.1  73.2 016.2  13.7 2.88E-06 001.9 189.3  30.8 0.013289 0.003625 0.002408 hargrave 2023-11-20 21:45:54 
AF 280 346.6  67.9 015.6  06.6 2.78E-06 002.1 197.0  28.4 0.012834 0.004159 0.002534 hargrave 2023-11-20 21:47:14 
AF 300 359.7  67.5 019.5  03.5 2.26E-06 002.4 201.8  31.2 0.010359 0.003598 0.003200 hargrave 2023-11-20 21:48:36 
AF 320 355.1  78.0 023.8  13.1 2.23E-06 002.3 191.9  37.9 0.009976 0.002688 0.003027 hargrave 2023-11-20 21:49:56 
AF 340 351.4  75.0 021.3  11.2 1.88E-06 002.4 193.6  35.1 0.008502 0.002365 0.003275 hargrave 2023-11-20 21:51:17 
AF 360 018.5  83.7 029.6  16.8 2.03E-06 002.1 188.5  44.0 0.008551 0.001804 0.002112 hargrave 2023-11-20 21:52:38 
AF 380 070.7  75.0 040.7  11.2 1.31E-06 002.4 200.2  53.5 0.004520 0.001583 0.003131 hargrave 2023-11-20 21:54:00 
AF 400 347.7  87.9 029.4  21.5 2.10E-06 002.1 182.1  44.5 0.008092 0.001784 0.003013 hargrave 2023-11-20 21:55:21 
AF 420 137.2  64.8 058.4  27.6 1.34E-06 001.4 163.0  69.7 0.003164 0.000969 0.002197 hargrave 2023-11-20 21:56:45 
AF 440 083.2  73.0 044.6  12.1 1.44E-06 002.1 200.5  57.4 0.005178 0.001584 0.002061 hargrave 2023-11-20 21:58:06 
AF 460 095.0  88.2 032.7  22.2 1.72E-06 002.0 181.2  47.6 0.006550 0.001588 0.002043 hargrave 2023-11-20 21:59:27 
AF 480 057.7  72.4 038.9  07.1 1.29E-06 002.5 205.7  50.5 0.005425 0.001958 0.002462 hargrave 2023-11-20 22:00:51 
AF 500 153.4  70.7 050.2  32.1 1.64E-06 001.4 159.9  61.3 0.003970 0.000939 0.001875 hargrave 2023-11-20 22:02:12 
AF 520 085.8  85.6 034.8  20.4 1.76E-06 001.8 184.1  49.4 0.006508 0.001202 0.001865 hargrave 2023-11-20 22:03:33 
AF 540 142.5  77.7 043.8  27.0 1.45E-06 001.8 172.6  57.4 0.004485 0.001118 0.001518 hargrave 2023-11-20 22:04:53 
AF 560 146.5  74.6 046.9  28.8 1.68E-06 001.7 168.1  59.7 0.004982 0.001527 0.001523 hargrave 2023-11-20 22:06:14 
AF 580 203.2  83.4 032.0  29.5 1.42E-06 002.0 170.5  46.8 0.005418 0.001524 0.001522 hargrave 2023-11-20 22:07:36 
AF 600 186.1  84.7 033.5  27.8 1.22E-06 002.1 173.0  48.2 0.004289 0.001415 0.002023 hargrave 2023-11-20 22:08:57 
AF 650 136.2  53.4 071.3  27.3 1.04E-06 001.4 136.4  78.9 0.002008 0.001597 0.000622 hargrave 2023-11-20 22:10:21 
AF 700 107.5  65.8 055.4  15.6 1.11E-06 002.4 197.8  68.4 0.003661 0.002048 0.002224 hargrave 2023-11-20 22:11:43 
AF 750 127.1  53.1 071.0  21.8 1.18E-06 001.9 162.8  82.5 0.002856 0.002385 0.002457 hargrave 2023-11-20 22:13:03 
AF 800 101.8  50.9 067.8  06.4 4.07E-07 005.6 243.3  74.9 0.002218 0.003089 0.001991 hargrave 2023-11-20 22:14:25 
AF 850 171.3  49.7 070.1  49.1 1.18E-06 001.3 114.5  58.2 0.001733 0.001970 0.001625 hargrave 2023-11-20 22:15:46 
AF 900 208.2  13.8 194.5  80.4 5.55E-07 002.2 096.0  13.4 0.001440 0.001151 0.001685 hargrave 2023-11-20 22:17:11 
AF 950 183.7  09.9 143.2  60.8 7.63E-07 002.2 074.9  27.5 0.001828 0.002344 0.001364 hargrave 2023-11-20 22:18:32 
AF1000 160.1  12.1 124.6  40.5 1.37E-06 002.2 054.4  44.0 0.003953 0.003496 0.001207 hargrave 2023-11-20 22:19:55 
