MF15- 1a sun compass orientation
      0 187.4  33.0 301.0  67.0   1.0
NRM    349.9  70.1 018.0  07.6 8.14E-06 002.0 208.5  47.1 0.027650 0.011678 0.004556 hargrave 2023-11-21 00:35:05 
AF  10 348.6  69.6 017.3  07.4 7.74E-06 001.9 208.6  46.4 0.025767 0.010707 0.004383 hargrave 2023-11-21 00:36:25 
AF  20 350.4  69.1 017.5  06.7 7.35E-06 002.0 209.8  46.6 0.024641 0.010453 0.004348 hargrave 2023-11-21 00:37:46 
AF  30 349.6  69.0 017.2  06.8 6.98E-06 001.9 209.6  46.3 0.023308 0.009865 0.004081 hargrave 2023-11-21 00:39:06 
AF  40 350.4  68.8 017.3  06.4 6.58E-06 002.0 210.1  46.4 0.022114 0.009529 0.003973 hargrave 2023-11-21 00:40:27 
AF  50 350.7  68.7 017.4  06.3 6.21E-06 002.0 210.3  46.5 0.020881 0.008995 0.003771 hargrave 2023-11-21 00:41:48 
AF  60 350.6  68.1 016.9  05.8 5.99E-06 002.0 210.9  46.0 0.020310 0.008835 0.003383 hargrave 2023-11-21 00:43:09 
AF  70 353.3  69.2 018.4  06.1 5.67E-06 002.0 210.7  47.5 0.019005 0.008114 0.003408 hargrave 2023-11-21 00:44:29 
AF  80 356.8  70.8 020.3  06.8 5.43E-06 001.9 209.7  49.4 0.017461 0.007428 0.003405 hargrave 2023-11-21 00:45:50 
AF  90 006.4  70.7 023.1  05.3 4.93E-06 001.8 212.5  52.1 0.014925 0.006484 0.003275 hargrave 2023-11-21 00:47:10 
AF 100 006.1  69.7 022.6  04.4 4.80E-06 001.9 213.9  51.5 0.014600 0.006463 0.003164 hargrave 2023-11-21 00:48:31 
AF 110 010.2  69.3 023.8  03.5 4.57E-06 001.8 215.5  52.5 0.013604 0.006176 0.003154 hargrave 2023-11-21 00:49:52 
AF 120 359.7  68.9 020.2  04.7 4.29E-06 001.9 213.0  49.1 0.013592 0.006020 0.002882 hargrave 2023-11-21 00:51:12 
AF 130 356.9  71.7 020.8  07.6 4.16E-06 001.9 208.6  49.9 0.013145 0.005565 0.002748 hargrave 2023-11-21 00:52:33 
AF 140 357.1  72.3 021.1  08.0 4.12E-06 001.9 207.9  50.3 0.013132 0.005518 0.002981 hargrave 2023-11-21 00:53:53 
AF 150 001.4  71.8 022.1  07.0 3.93E-06 001.9 209.6  51.2 0.012161 0.005136 0.002689 hargrave 2023-11-21 00:55:14 
AF 160 007.0  73.0 024.1  07.4 3.64E-06 001.8 209.2  53.2 0.010927 0.004613 0.002313 hargrave 2023-11-21 00:56:34 
AF 170 016.3  72.5 026.6  06.1 3.53E-06 001.8 211.7  55.6 0.010100 0.004254 0.002546 hargrave 2023-11-21 00:57:55 
AF 180 019.9  70.9 027.4  04.3 3.39E-06 001.7 215.0  56.2 0.009496 0.004144 0.002008 hargrave 2023-11-21 00:59:15 
AF 190 024.3  70.1 028.7  03.2 3.32E-06 001.7 217.2  57.4 0.008861 0.004170 0.001949 hargrave 2023-11-21 01:00:36 
AF 200 028.3  69.5 030.1  02.6 3.45E-06 001.6 218.8  58.6 0.008767 0.004180 0.001849 hargrave 2023-11-21 01:01:56 
AF 220 031.8  69.4 031.3  02.4 3.07E-06 001.6 219.6  59.8 0.007569 0.003634 0.001937 hargrave 2023-11-21 01:03:17 
AF 240 024.1  76.7 029.4  09.8 2.91E-06 001.6 204.9  58.4 0.007798 0.003221 0.001735 hargrave 2023-11-21 01:04:38 
AF 260 025.3  66.6 028.8 -00.3 2.43E-06 001.7 223.6  56.7 0.006257 0.003271 0.001479 hargrave 2023-11-21 01:05:58 
AF 280 002.2  69.7 021.3  05.0 2.39E-06 001.9 212.8  50.3 0.007346 0.003351 0.001516 hargrave 2023-11-21 01:07:19 
AF 300 041.4  76.8 033.4  10.0 2.14E-06 001.5 204.1  62.4 0.005290 0.001987 0.001516 hargrave 2023-11-21 01:08:39 
AF 320 048.5  70.1 036.9  03.9 2.05E-06 001.3 218.3  65.6 0.004148 0.002293 0.001193 hargrave 2023-11-21 01:10:00 
AF 340 046.1  72.2 035.6  05.7 2.04E-06 001.4 213.8  64.5 0.004316 0.002191 0.001442 hargrave 2023-11-21 01:11:21 
AF 360 039.7  69.9 034.0  03.1 1.87E-06 001.4 219.1  62.6 0.004075 0.002111 0.001272 hargrave 2023-11-21 01:12:42 
AF 380 003.7  64.0 019.4 -00.4 1.72E-06 002.1 220.4  47.6 0.005210 0.003237 0.001883 hargrave 2023-11-21 01:14:03 
AF 400 051.2  67.1 038.7  01.3 1.58E-06 001.3 225.6  66.8 0.002989 0.001677 0.001080 hargrave 2023-11-21 01:15:23 
AF 420 006.4  66.2 021.3  01.1 1.86E-06 001.9 218.7  49.7 0.005596 0.003017 0.001519 hargrave 2023-11-21 01:16:44 
AF 440 016.3  68.9 025.8  02.5 1.61E-06 001.8 217.7  54.4 0.004699 0.002119 0.001167 hargrave 2023-11-21 01:18:04 
AF 460 051.2  73.8 036.6  07.7 1.73E-06 001.4 209.2  65.6 0.004051 0.001544 0.001335 hargrave 2023-11-21 01:19:25 
AF 480 031.9  59.8 031.4 -07.2 9.24E-07 002.1 237.1  57.0 0.003053 0.001279 0.000947 hargrave 2023-11-21 01:20:45 
AF 500 010.1  66.9 022.9  01.2 1.71E-06 002.0 218.9  51.4 0.005384 0.002664 0.001528 hargrave 2023-11-21 01:22:06 
AF 520 037.0  70.6 033.0  03.7 1.56E-06 001.7 217.6  61.7 0.004221 0.002011 0.000797 hargrave 2023-11-21 01:23:27 
AF 540 016.7  72.9 026.8  06.4 1.30E-06 001.8 211.2  55.8 0.003698 0.001607 0.001116 hargrave 2023-11-21 01:24:48 
AF 560 166.2  58.6 060.8  42.4 8.82E-07 001.3 122.3  54.9 0.001272 0.001702 0.000659 hargrave 2023-11-21 01:26:08 
AF 580 090.7  69.1 049.3  11.5 1.50E-06 000.9 191.1  77.5 0.002083 0.001090 0.000639 hargrave 2023-11-21 01:27:29 
AF 600 142.9  59.2 064.6  30.8 9.26E-07 001.2 114.6  66.3 0.000876 0.001915 0.000743 hargrave 2023-11-21 01:28:50 
AF 650 107.1  43.8 075.9  06.3 8.80E-07 001.2 028.8  75.4 0.001512 0.001136 0.000566 hargrave 2023-11-21 01:30:10 
AF 700 057.1  70.4 039.5  05.2 1.14E-06 001.2 216.0  68.3 0.002152 0.001171 0.000585 hargrave 2023-11-21 01:31:31 
AF 750 140.2 -16.0 143.6  10.6 4.84E-07 003.5 041.4  08.8 0.002425 0.001915 0.002149 hargrave 2023-11-21 01:32:51 
AF 800 153.0  05.5 129.0  31.6 4.24E-07 002.8 063.0  22.7 0.001625 0.001728 0.000971 hargrave 2023-11-21 01:34:13 
AF 850 137.9  65.6 057.5  27.8 7.31E-07 001.4 131.0  69.2 0.001563 0.000881 0.000802 hargrave 2023-11-21 01:35:35 
AF 900 119.0  42.9 080.0  14.0 1.18E-06 001.2 053.3  70.4 0.001848 0.001475 0.001056 hargrave 2023-11-21 01:36:56 
AF 950 027.9  49.5 028.9 -17.4 7.02E-07 002.6 249.8  49.6 0.002367 0.002228 0.000837 hargrave 2023-11-21 01:38:17 
AF1000 081.7  38.5 069.3 -12.3 8.00E-07 000.9 324.2  68.8 0.000999 0.001126 0.000682 hargrave 2023-11-21 01:39:38 
