MF15- 3a sun compass orientation
    6.4 221.5  33.0 301.0  67.0   1.0
NRM    350.5  70.5 018.3  07.7 1.04E-05 001.9 196.1  40.5 0.041666 0.014453 0.003827 hargrave 2023-11-21 16:52:19 
AF  10 349.8  70.1 017.9  07.6 9.90E-06 001.8 196.0  40.0 0.035690 0.013033 0.003696 hargrave 2023-11-21 16:53:40 
AF  20 349.5  69.6 017.5  07.3 9.40E-06 001.8 196.1  39.5 0.034332 0.012515 0.003487 hargrave 2023-11-21 16:55:01 
AF  30 349.9  71.3 018.7  08.5 8.85E-06 002.0 195.3  41.1 0.033148 0.014273 0.004043 hargrave 2023-11-21 17:14:13 
AF  40 349.4  71.3 018.6  08.6 8.33E-06 002.0 195.1  41.1 0.030906 0.013540 0.004009 hargrave 2023-11-21 17:15:33 
AF  50 347.5  71.4 018.1  09.0 7.86E-06 002.0 194.4  40.8 0.029740 0.012976 0.003712 hargrave 2023-11-21 17:16:54 
AF  60 352.7  72.8 020.3  09.2 7.55E-06 002.0 195.4  42.8 0.028148 0.012150 0.003958 hargrave 2023-11-21 17:18:14 
AF  70 349.9  72.1 019.2  09.2 7.07E-06 002.0 194.8  41.9 0.027411 0.011425 0.003573 hargrave 2023-11-21 17:19:35 
AF  80 346.3  71.7 018.0  09.5 6.72E-06 002.0 193.7  40.9 0.025859 0.011095 0.003986 hargrave 2023-11-21 17:20:56 
AF  90 351.9  70.4 018.7  07.4 6.19E-06 002.1 196.6  40.6 0.024638 0.010426 0.002927 hargrave 2023-11-21 17:22:16 
AF 100 345.4  71.2 017.5  09.3 5.85E-06 002.1 193.7  40.4 0.023408 0.009759 0.002469 hargrave 2023-11-21 17:23:37 
AF 110 350.3  70.1 018.1  07.5 5.49E-06 002.1 196.2  40.1 0.022450 0.009303 0.002487 hargrave 2023-11-21 17:24:57 
AF 120 346.0  71.7 018.0  09.6 5.50E-06 002.1 193.6  40.9 0.022042 0.009113 0.002830 hargrave 2023-11-21 17:26:18 
AF 130 343.5  70.4 016.5  09.2 5.26E-06 002.1 193.3  39.4 0.021603 0.008455 0.002467 hargrave 2023-11-21 17:27:39 
AF 140 342.0  68.6 014.9  08.3 5.08E-06 002.1 193.5  37.6 0.021223 0.008788 0.002831 hargrave 2023-11-21 17:29:00 
AF 150 346.5  71.1 017.7  09.0 5.01E-06 002.1 194.2  40.4 0.020279 0.008001 0.002898 hargrave 2023-11-21 17:30:21 
AF 160 347.8  68.2 016.2  06.5 4.91E-06 002.1 196.2  38.0 0.018874 0.009273 0.002863 hargrave 2023-11-21 17:31:45 
AF 170 349.4  68.6 016.9  06.5 4.41E-06 002.2 196.7  38.6 0.018834 0.007684 0.002522 hargrave 2023-11-21 17:33:06 
AF 180 349.8  69.2 017.4  06.9 4.29E-06 002.2 196.5  39.3 0.018459 0.007603 0.002728 hargrave 2023-11-21 17:34:26 
AF 190 347.6  68.7 016.4  07.0 4.28E-06 002.2 195.9  38.4 0.018259 0.007574 0.002121 hargrave 2023-11-21 17:35:47 
AF 200 354.6  74.3 021.6  10.1 4.16E-06 002.1 195.0  44.4 0.016833 0.006513 0.002235 hargrave 2023-11-21 17:37:08 
AF 220 352.4  74.2 021.0  10.4 3.91E-06 002.1 194.4  44.0 0.015788 0.006216 0.002284 hargrave 2023-11-21 17:38:28 
AF 240 356.6  72.9 021.3  08.7 3.48E-06 002.2 196.7  43.5 0.014505 0.005749 0.002315 hargrave 2023-11-21 17:39:49 
AF 260 011.2  75.7 026.1  09.5 3.57E-06 002.2 198.7  48.1 0.013829 0.005481 0.002133 hargrave 2023-11-21 17:41:10 
AF 280 357.1  79.0 024.7  13.8 3.14E-06 002.0 191.9  48.7 0.012039 0.004030 0.001936 hargrave 2023-11-21 17:42:30 
AF 300 020.6  70.6 027.6  03.9 2.92E-06 002.3 206.8  46.6 0.011493 0.005003 0.001887 hargrave 2023-11-21 17:43:51 
AF 320 006.2  79.0 026.3  12.9 3.09E-06 002.0 194.0  49.7 0.010994 0.004429 0.002382 hargrave 2023-11-21 17:45:12 
AF 340 018.6  77.0 028.2  10.3 2.99E-06 002.1 198.9  50.3 0.010972 0.004230 0.002853 hargrave 2023-11-21 17:46:33 
AF 360 031.7  79.4 031.1  12.4 3.30E-06 002.0 197.9  53.8 0.011360 0.004533 0.002593 hargrave 2023-11-21 17:47:54 
AF 380 014.3  82.2 028.7  15.5 2.72E-06 002.0 191.5  52.9 0.009669 0.003457 0.002309 hargrave 2023-11-21 17:49:14 
AF 400 022.9  71.9 028.5  05.1 2.43E-06 002.4 206.1  48.0 0.009562 0.004178 0.002505 hargrave 2023-11-21 17:50:35 
AF 420 046.3  75.9 034.7  09.4 2.16E-06 002.0 205.4  55.5 0.007198 0.003011 0.001599 hargrave 2023-11-21 17:51:55 
AF 440 009.3  65.5 022.2  00.1 1.96E-06 002.5 207.2  40.0 0.008596 0.003865 0.001657 hargrave 2023-11-21 17:53:16 
AF 460 032.8  75.3 031.5  08.3 1.91E-06 002.3 204.2  52.2 0.007370 0.003134 0.002397 hargrave 2023-11-21 17:54:37 
AF 480 005.6  76.2 025.0  10.4 2.08E-06 002.3 196.7  47.6 0.008518 0.003568 0.002195 hargrave 2023-11-21 17:55:57 
AF 500 044.0  69.8 035.5  03.3 2.15E-06 002.3 214.6  52.7 0.008263 0.004039 0.001513 hargrave 2023-11-21 17:57:18 
AF 520 031.4  74.4 031.1  07.4 2.42E-06 002.2 205.1  51.5 0.009007 0.003705 0.002457 hargrave 2023-11-21 17:58:38 
AF 540 035.3  60.6 033.1 -06.4 2.13E-06 002.5 223.3  44.5 0.008036 0.004688 0.001723 hargrave 2023-11-21 18:00:00 
AF 560 070.6  63.3 047.7  01.8 2.09E-06 002.0 232.3  60.3 0.006261 0.003892 0.001489 hargrave 2023-11-21 18:01:20 
AF 580 057.2  68.6 040.3  03.6 2.76E-06 002.0 219.5  56.6 0.007932 0.004956 0.001805 hargrave 2023-11-21 18:02:41 
AF 600 061.6  63.7 044.1 -00.0 2.25E-06 002.1 229.1  56.6 0.006893 0.004412 0.002197 hargrave 2023-11-21 18:04:02 
