MF15- 2a sun compass orientation
      3 203.1  30.0 301.0  67.0   1.0
NRM    019.4  73.4 027.7  06.7 9.44E-06 001.9 209.9  55.2 0.029240 0.013981 0.003846 hargrave 2023-11-21 15:56:36 
AF  10 032.9  63.1 031.9 -03.9 8.95E-06 001.9 229.6  54.2 0.026751 0.015325 0.002183 hargrave 2023-11-21 15:57:57 
AF  20 034.4  63.1 032.5 -03.9 8.45E-06 001.9 230.3  54.7 0.025545 0.013973 0.002194 hargrave 2023-11-21 15:59:18 
AF  30 035.7  62.2 033.2 -04.7 7.92E-06 001.9 232.1  54.8 0.023725 0.013468 0.002032 hargrave 2023-11-21 16:00:39 
AF  40 038.0  62.4 034.2 -04.5 7.44E-06 001.9 232.9  55.8 0.021787 0.012507 0.001968 hargrave 2023-11-21 16:02:00 
AF  50 038.8  62.1 034.7 -04.7 6.92E-06 001.9 233.7  56.0 0.020190 0.011564 0.001566 hargrave 2023-11-21 16:03:21 
AF  60 042.3  61.4 036.4 -05.1 6.68E-06 001.8 236.1  57.1 0.018908 0.011098 0.001445 hargrave 2023-11-21 16:04:41 
AF  70 042.3  60.6 036.5 -05.9 6.12E-06 001.9 237.4  56.7 0.017359 0.010617 0.002166 hargrave 2023-11-21 16:06:03 
AF  80 042.0  60.9 036.4 -05.6 5.96E-06 001.9 236.9  56.7 0.017071 0.010298 0.001456 hargrave 2023-11-21 16:07:24 
AF  90 039.7  61.2 035.2 -05.5 5.62E-06 001.9 235.4  55.9 0.016382 0.009788 0.001374 hargrave 2023-11-21 16:08:44 
AF 100 040.3  62.4 035.3 -04.3 5.32E-06 001.9 233.7  56.7 0.015490 0.009347 0.001541 hargrave 2023-11-21 16:10:05 
AF 110 041.5  63.6 035.7 -03.0 5.00E-06 001.9 232.3  57.8 0.014535 0.008489 0.001198 hargrave 2023-11-21 16:11:26 
AF 120 043.9  62.0 037.1 -04.4 4.83E-06 001.9 236.0  58.0 0.013728 0.008338 0.001006 hargrave 2023-11-21 16:12:46 
AF 130 043.7  63.6 036.6 -02.8 4.53E-06 001.9 233.0  58.7 0.013242 0.007706 0.001513 hargrave 2023-11-21 16:14:07 
AF 140 044.1  62.8 037.0 -03.6 4.32E-06 001.8 234.7  58.4 0.012348 0.006544 0.001458 hargrave 2023-11-21 16:15:31 
AF 150 044.9  65.6 036.7 -00.7 4.02E-06 001.8 229.9  59.9 0.011572 0.006182 0.001773 hargrave 2023-11-21 16:16:56 
AF 160 044.6  63.9 036.9 -02.4 4.16E-06 001.9 232.9  59.1 0.011990 0.007107 0.001603 hargrave 2023-11-21 16:18:17 
AF 170 046.6  62.0 038.3 -04.1 4.03E-06 001.8 237.1  59.1 0.010966 0.006801 0.001695 hargrave 2023-11-21 16:19:38 
AF 180 046.9  65.0 037.7 -01.2 3.61E-06 001.9 231.8  60.5 0.010305 0.005396 0.001872 hargrave 2023-11-21 16:21:03 
AF 190 055.7  67.0 040.4  01.9 3.27E-06 001.8 229.7  64.5 0.009211 0.004684 0.001249 hargrave 2023-11-21 16:22:24 
AF 200 041.5  67.9 034.9  01.2 3.21E-06 001.9 224.8  59.5 0.009841 0.005072 0.001454 hargrave 2023-11-21 16:23:45 
AF 220 058.0  68.7 040.5  03.8 3.18E-06 001.7 226.2  65.6 0.008337 0.004143 0.001620 hargrave 2023-11-21 16:25:09 
AF 240 051.5  60.3 041.1 -05.1 2.51E-06 001.8 242.3  60.5 0.006741 0.004164 0.001724 hargrave 2023-11-21 16:26:30 
AF 260 068.8  61.2 048.2 -00.5 2.28E-06 001.4 247.5  68.6 0.004715 0.002853 0.001494 hargrave 2023-11-21 16:27:51 
AF 280 057.5  57.9 044.8 -06.2 2.15E-06 001.9 249.6  62.1 0.005781 0.003790 0.001157 hargrave 2023-11-21 16:29:12 
AF 300 067.3  59.3 048.6 -02.5 2.07E-06 001.6 251.6  67.3 0.004954 0.002914 0.001425 hargrave 2023-11-21 16:30:32 
AF 320 091.4  67.5 050.8  10.8 1.63E-06 001.6 222.7  77.9 0.004085 0.001785 0.001450 hargrave 2023-11-21 16:31:54 
AF 340 061.0  65.0 043.2  01.0 1.56E-06 002.0 235.5  66.2 0.004742 0.002375 0.001236 hargrave 2023-11-21 16:33:15 
AF 360 082.8  63.0 052.0  05.2 1.58E-06 001.5 245.1  75.4 0.003475 0.001909 0.000980 hargrave 2023-11-21 16:34:36 
AF 380 045.1  83.9 032.5  17.1 1.53E-06 002.2 192.0  61.8 0.005610 0.002405 0.000939 hargrave 2023-11-21 16:35:57 
AF 400 080.2  77.3 040.9  14.4 1.06E-06 002.3 200.0  69.6 0.003968 0.001797 0.000682 hargrave 2023-11-21 16:37:18 
AF 420 101.3  77.4 043.5  18.3 9.59E-07 002.7 188.4  72.1 0.004261 0.001865 0.000838 hargrave 2023-11-21 16:38:39 
AF 440 142.4  33.5 094.4  29.7 5.76E-07 002.4 049.1  57.3 0.001559 0.001555 0.001212 hargrave 2023-11-21 16:40:00 
AF 460 078.2  45.7 062.3 -09.0 1.07E-06 001.9 289.1  65.0 0.002963 0.002151 0.000578 hargrave 2023-11-21 16:41:22 
AF 480 117.2  52.6 070.1  15.8 1.60E-06 001.0 018.7  82.3 0.002217 0.001812 0.000809 hargrave 2023-11-21 16:42:43 
AF 500 118.7  62.5 060.2  19.2 1.36E-06 001.5 135.4  86.3 0.003195 0.001823 0.000453 hargrave 2023-11-21 16:44:04 
AF 520 132.1  54.2 070.2  24.8 1.37E-06 001.4 068.9  78.2 0.002486 0.002178 0.000742 hargrave 2023-11-21 16:45:26 
AF 540 124.8  37.3 086.9  16.6 1.30E-06 001.7 023.5  66.1 0.003087 0.002559 0.000632 hargrave 2023-11-21 16:46:47 
AF 560 131.5  18.5 107.5  16.4 1.07E-06 002.0 025.7  46.4 0.004002 0.002016 0.001063 hargrave 2023-11-21 16:48:08 
AF 580 111.0  54.6 066.8  13.0 1.00E-06 001.5 347.0  84.5 0.002502 0.000987 0.001456 hargrave 2023-11-21 16:49:29 
AF 600 135.6  44.0 081.8  26.0 1.28E-06 001.5 050.3  69.0 0.002703 0.002316 0.001372 hargrave 2023-11-21 16:50:50 
