MF16- 73a mag compass orientation (IGRF corrected)
      0 144.1  28.0 301.0  67.0   1.0
NRM    326.6  78.2 019.8  17.5 1.13E-05 002.5 204.4  60.3 0.041883 0.028941 0.006341 hargrave 2024-04-11 23:04:19 
AF  10 325.2  78.2 019.7  17.8 1.06E-05 002.6 204.1  60.0 0.040621 0.028490 0.005885 hargrave 2024-04-11 23:05:38 
AF  20 321.7  78.2 019.3  18.4 9.96E-06 002.6 203.7  59.3 0.038479 0.026989 0.005922 hargrave 2024-04-11 23:06:58 
AF  30 321.7  78.5 019.7  18.5 9.35E-06 002.6 203.1  59.5 0.036811 0.025523 0.005226 hargrave 2024-04-11 23:08:18 
AF  40 320.9  77.8 019.0  18.4 8.78E-06 002.6 204.1  59.0 0.032207 0.025209 0.004924 hargrave 2024-04-11 23:09:38 
AF  50 320.7  78.1 019.2  18.6 8.35E-06 002.6 203.7  59.1 0.033390 0.023042 0.004664 hargrave 2024-04-11 23:10:58 
AF  60 318.3  79.0 019.9  19.4 7.88E-06 002.6 201.6  59.1 0.031120 0.021015 0.004313 hargrave 2024-04-11 23:12:18 
AF  70 322.3  79.2 020.4  18.7 7.63E-06 002.6 201.9  59.8 0.029569 0.020861 0.004191 hargrave 2024-04-11 23:13:37 
AF  80 324.9  79.4 020.8  18.4 7.15E-06 002.7 201.7  60.4 0.028900 0.020663 0.003905 hargrave 2024-04-11 23:14:57 
AF  90 308.8  78.8 019.1  21.1 6.85E-06 002.5 200.2  57.4 0.026463 0.018447 0.004000 hargrave 2024-04-11 23:16:17 
AF 100 303.1  82.3 022.7  22.5 6.16E-06 002.8 193.8  58.5 0.026188 0.018482 0.003511 hargrave 2024-04-11 23:17:36 
AF 110 304.9  79.3 019.5  21.9 5.84E-06 002.9 198.7  57.0 0.025572 0.017659 0.003883 hargrave 2024-04-11 23:18:56 
AF 120 312.5  75.6 016.1  19.5 5.68E-06 002.9 206.0  56.3 0.025256 0.018117 0.003636 hargrave 2024-04-11 23:20:15 
AF 130 305.9  74.2 014.1  20.8 5.47E-06 002.9 206.2  54.0 0.024089 0.017190 0.004320 hargrave 2024-04-11 23:21:35 
AF 140 305.3  73.4 013.2  20.8 5.36E-06 003.0 207.0  53.4 0.024638 0.017465 0.004563 hargrave 2024-04-11 23:22:55 
AF 150 322.0  76.1 017.4  17.5 5.24E-06 003.1 207.3  58.6 0.023274 0.017730 0.003759 hargrave 2024-04-11 23:24:15 
AF 160 311.2  78.3 018.7  20.5 4.96E-06 003.0 201.6  57.5 0.022243 0.016381 0.003364 hargrave 2024-04-11 23:25:34 
AF 170 315.2  78.3 019.0  19.7 4.88E-06 003.1 202.3  58.2 0.022503 0.016585 0.003244 hargrave 2024-04-11 23:26:54 
AF 180 235.4  86.6 029.4  26.1 4.21E-06 002.9 180.1  58.6 0.018171 0.013704 0.001726 hargrave 2024-04-11 23:28:13 
AF 190 287.8  78.1 018.1  25.2 4.31E-06 003.0 196.4  53.7 0.020504 0.014920 0.001636 hargrave 2024-04-11 23:29:33 
AF 200 273.8  82.9 023.9  26.1 4.38E-06 002.9 188.2  56.2 0.019078 0.014940 0.002344 hargrave 2024-04-11 23:30:52 
AF 220 247.7  83.4 026.5  28.2 3.14E-06 003.6 182.7  55.6 0.016741 0.013946 0.002265 hargrave 2024-04-11 23:32:12 
AF 240 267.7  83.5 025.0  26.4 3.40E-06 003.4 186.5  56.4 0.016524 0.014168 0.001919 hargrave 2024-04-11 23:33:32 
AF 260 194.5  80.0 034.4  32.5 2.92E-06 003.4 169.2  53.8 0.014770 0.012486 0.002220 hargrave 2024-04-11 23:34:51 
AF 280 203.3  71.9 034.2  41.0 3.30E-06 002.9 166.8  45.5 0.016309 0.010980 0.002744 hargrave 2024-04-11 23:36:12 
AF 300 246.4  74.7 020.3  35.0 3.34E-06 003.2 184.7  47.0 0.017901 0.012668 0.001708 hargrave 2024-04-11 23:37:32 
AF 320 241.3  71.9 019.5  38.2 3.43E-06 003.0 183.1  44.0 0.018358 0.011996 0.001016 hargrave 2024-04-11 23:38:51 
AF 340 258.4  72.8 015.7  33.9 3.60E-06 002.9 190.1  45.8 0.017586 0.012415 0.002091 hargrave 2024-04-11 23:40:11 
AF 360 227.1  71.7 024.4  40.5 3.32E-06 002.9 177.0  43.7 0.017443 0.010793 0.001820 hargrave 2024-04-11 23:41:31 
AF 380 220.8  76.1 028.1  36.7 3.41E-06 003.0 175.2  48.4 0.017369 0.011093 0.001300 hargrave 2024-04-11 23:42:51 
AF 400 231.0  72.8 023.5  38.9 3.53E-06 002.7 178.7  44.9 0.016764 0.010749 0.002067 hargrave 2024-04-11 23:44:10 
AF 420 191.4  71.4 039.0  40.3 3.23E-06 002.2 161.7  46.6 0.013638 0.008540 0.002378 hargrave 2024-04-11 23:45:30 
AF 440 194.1  65.1 041.2  46.5 3.00E-06 002.3 159.2  40.5 0.013443 0.007957 0.002105 hargrave 2024-04-11 23:46:50 
AF 460 195.2  71.6 037.5  40.6 2.59E-06 002.6 163.3  46.3 0.012470 0.008112 0.002008 hargrave 2024-04-11 23:48:10 
AF 480 220.5  67.9 026.0  44.7 2.57E-06 002.8 173.3  40.3 0.013638 0.008478 0.001476 hargrave 2024-04-11 23:49:30 
AF 500 186.9  68.8 042.4  41.9 2.82E-06 002.6 158.0  45.1 0.013126 0.008180 0.001321 hargrave 2024-04-11 23:50:50 
AF 520 197.6  77.1 034.6  35.5 2.57E-06 002.7 167.8  51.0 0.011321 0.008653 0.001858 hargrave 2024-04-11 23:52:10 
AF 540 165.4  59.6 059.8  41.5 2.43E-06 002.0 140.3  42.5 0.008849 0.005618 0.002969 hargrave 2024-04-11 23:53:29 
AF 560 150.0  55.4 068.4  35.1 2.32E-06 002.5 127.8  44.4 0.007946 0.007237 0.003108 hargrave 2024-04-11 23:54:49 
AF 580 284.4  81.3 021.8  25.2 3.06E-06 002.7 192.0  55.8 0.013571 0.008489 0.003082 hargrave 2024-04-11 23:56:09 
AF 600 247.5  70.6 016.5  37.9 2.85E-06 002.7 186.0  42.9 0.014152 0.009324 0.003438 hargrave 2024-04-11 23:57:28 
AF 650 180.2  67.7 046.0  41.4 2.01E-06 002.5 154.1  45.4 0.007176 0.006408 0.003818 hargrave 2024-04-11 23:58:48 
AF 700 168.3  49.2 072.0  47.6 1.96E-06 002.1 134.8  32.9 0.007181 0.005254 0.002338 hargrave 2024-04-12 00:00:08 
AF 750 221.3  76.6 028.1  36.2 2.53E-06 002.2 175.5  48.8 0.008608 0.006837 0.005205 hargrave 2024-04-12 00:01:29 
AF 800 259.3  67.9 010.6  36.3 2.36E-06 002.5 192.3  41.2 0.010167 0.008089 0.004147 hargrave 2024-04-12 00:02:50 
AF 850 242.3  70.1 017.8  39.4 1.88E-06 002.2 183.8  42.2 0.006621 0.005408 0.003409 hargrave 2024-04-12 00:04:10 
AF 900 274.4  77.8 018.6  28.0 1.87E-06 001.9 192.8  51.9 0.005820 0.002850 0.004069 hargrave 2024-04-12 00:05:31 
AF 950 183.4  56.5 054.9  50.9 2.51E-06 001.4 148.6  34.9 0.007197 0.004059 0.003284 hargrave 2024-04-12 00:06:52 
AF1000 159.1  32.1 097.9  43.5 2.61E-06 001.2 118.4  21.5 0.003536 0.003470 0.005263 hargrave 2024-04-12 00:08:13 
