MF16- 43a sun compass orientation
      0 136.8  25.0 301.0  67.0   1.0
NRM    313.3  79.6 020.2  20.4 7.78E-06 003.1 202.9  62.5 0.038932 0.019508 0.005571 hargrave 2024-04-04 18:38:39 
AF  10 308.7  78.4 018.7  21.0 7.10E-06 003.2 204.3  61.2 0.036520 0.018451 0.005924 hargrave 2024-04-04 18:40:00 
AF  20 303.6  78.9 019.0  22.0 6.60E-06 003.2 202.4  60.5 0.034522 0.016719 0.005635 hargrave 2024-04-04 18:41:20 
AF  30 301.3  78.2 018.3  22.4 6.28E-06 003.2 203.0  59.8 0.033119 0.015623 0.005330 hargrave 2024-04-04 18:42:41 
AF  40 295.9  77.4 017.3  23.5 5.83E-06 003.2 202.8  58.4 0.031021 0.014653 0.005616 hargrave 2024-04-04 18:44:01 
AF  50 304.4  79.7 019.9  22.0 5.58E-06 003.1 201.2  61.1 0.028109 0.013453 0.005649 hargrave 2024-04-04 18:45:22 
AF  60 292.8  79.3 019.4  24.1 5.35E-06 003.2 199.3  59.2 0.028313 0.012756 0.005810 hargrave 2024-04-04 18:46:42 
AF  70 301.0  76.8 016.7  22.4 5.19E-06 003.2 205.1  58.9 0.026876 0.013481 0.005381 hargrave 2024-04-04 18:48:03 
AF  80 300.0  76.8 016.7  22.6 4.73E-06 003.2 204.9  58.7 0.024460 0.012142 0.004887 hargrave 2024-04-04 18:49:23 
AF  90 302.5  78.1 018.1  22.2 4.43E-06 003.0 203.5  59.9 0.021927 0.010781 0.005007 hargrave 2024-04-04 18:50:44 
AF 100 305.0  77.1 017.1  21.5 4.33E-06 003.1 205.8  59.8 0.021206 0.011469 0.004535 hargrave 2024-04-04 18:52:05 
AF 110 321.3  81.1 022.1  19.7 4.02E-06 002.9 200.8  64.2 0.018123 0.009539 0.004110 hargrave 2024-04-04 18:53:26 
AF 120 327.5  77.4 019.3  17.0 3.97E-06 002.9 209.6  64.4 0.017626 0.010992 0.003497 hargrave 2024-04-04 18:54:46 
AF 130 313.7  74.1 014.6  18.7 4.18E-06 003.1 213.1  59.9 0.020151 0.012294 0.003350 hargrave 2024-04-04 18:56:07 
AF 140 309.4  73.6 013.8  19.7 4.24E-06 003.3 212.5  58.7 0.021492 0.012979 0.003740 hargrave 2024-04-04 18:57:27 
AF 150 315.2  70.1 010.8  16.9 3.59E-06 003.2 220.0  58.0 0.016986 0.011677 0.003349 hargrave 2024-04-04 18:58:48 
AF 160 295.5  69.9 009.1  23.4 3.27E-06 003.4 212.2  53.0 0.017700 0.009862 0.003609 hargrave 2024-04-04 19:00:09 
AF 170 311.8  71.2 011.5  18.3 3.12E-06 003.2 217.1  57.8 0.014660 0.010279 0.003327 hargrave 2024-04-04 19:01:29 
AF 180 294.6  73.9 013.5  23.8 3.03E-06 003.3 207.1  55.8 0.016077 0.008953 0.004024 hargrave 2024-04-04 19:02:50 
AF 190 312.1  63.9 004.4  15.8 2.33E-06 003.5 226.8  53.0 0.011470 0.009489 0.001829 hargrave 2024-04-04 19:04:10 
AF 200 286.6  67.8 006.8  26.6 2.53E-06 003.5 210.1  49.3 0.014218 0.007966 0.003179 hargrave 2024-04-04 19:05:32 
AF 220 324.8  71.4 013.5  14.6 2.03E-06 003.0 221.2  61.4 0.008320 0.006937 0.002299 hargrave 2024-04-04 19:06:53 
AF 240 311.9  66.2 006.6  16.7 2.64E-06 003.5 223.9  54.5 0.012968 0.010510 0.002825 hargrave 2024-04-04 19:08:14 
AF 260 020.2  80.6 029.2  13.8 2.43E-06 002.4 194.4  72.9 0.007977 0.007003 0.003700 hargrave 2024-04-04 19:09:34 
AF 280 298.1  76.1 015.9  23.0 2.30E-06 003.2 205.4  57.9 0.011320 0.007552 0.003364 hargrave 2024-04-04 19:10:55 
AF 300 313.3  79.6 020.2  20.4 2.01E-06 003.0 202.9  62.5 0.008897 0.006581 0.003773 hargrave 2024-04-04 19:12:15 
AF 320 243.8  68.8 016.2  40.1 2.46E-06 003.2 188.5  44.4 0.015575 0.006110 0.004819 hargrave 2024-04-04 19:13:35 
AF 340 243.2  67.2 015.0  41.4 2.41E-06 003.0 188.6  42.8 0.015249 0.004917 0.003708 hargrave 2024-04-04 19:14:56 
AF 360 248.6  75.7 020.5  34.0 2.61E-06 003.3 188.5  51.3 0.015148 0.006639 0.004546 hargrave 2024-04-04 19:16:16 
AF 380 313.0  74.6 015.1  19.0 2.38E-06 003.4 212.0  60.0 0.011357 0.009256 0.003488 hargrave 2024-04-04 19:17:37 
AF 400 332.6  79.4 021.5  17.2 2.44E-06 002.9 205.6  65.8 0.010388 0.007445 0.002927 hargrave 2024-04-04 19:18:57 
AF 420 317.5  81.9 022.7  20.5 1.84E-06 003.0 198.7  63.9 0.008143 0.005978 0.003798 hargrave 2024-04-04 19:20:18 
AF 440 264.3  76.9 018.9  30.3 1.46E-06 003.4 193.5  53.8 0.007822 0.005319 0.003309 hargrave 2024-04-04 19:21:38 
AF 460 269.1  63.7 003.8  34.4 1.67E-06 003.7 203.8  42.4 0.010194 0.005894 0.003651 hargrave 2024-04-04 19:22:59 
AF 480 243.6  62.0 009.9  45.2 1.81E-06 003.4 189.9  37.6 0.011733 0.005141 0.005454 hargrave 2024-04-04 19:24:19 
AF 500 309.3  75.0 015.1  20.1 1.61E-06 003.2 210.4  59.4 0.007207 0.005512 0.003032 hargrave 2024-04-04 19:25:40 
AF 520 288.3  45.3 341.9  24.9 1.94E-06 004.3 225.6  30.2 0.011686 0.009795 0.003331 hargrave 2024-04-04 19:27:00 
AF 540 302.5  67.6 007.0  20.6 1.61E-06 003.6 217.8  52.9 0.007583 0.007228 0.003868 hargrave 2024-04-04 19:28:20 
AF 560 229.3  70.4 022.9  41.4 1.40E-06 003.3 181.2  45.4 0.007841 0.003731 0.004519 hargrave 2024-04-04 19:29:41 
AF 580 310.8  46.2 347.2  10.0 8.86E-07 003.5 241.7  38.6 0.002901 0.005712 0.002928 hargrave 2024-04-04 19:31:03 
AF 600 248.4  55.5 000.4  47.4 1.26E-06 003.8 194.2  31.6 0.008541 0.004480 0.004797 hargrave 2024-04-04 19:32:23 
AF 650 284.0  55.6 353.2  28.3 1.48E-06 004.3 217.1  38.2 0.008579 0.007212 0.004115 hargrave 2024-04-04 19:33:43 
AF 700 272.5  47.5 343.9  35.8 1.19E-06 004.1 213.2  27.9 0.007951 0.004904 0.002639 hargrave 2024-04-04 19:35:04 
AF 750 285.8  02.1 296.9  14.8 9.48E-07 003.9 240.6 -10.6 0.003707 0.005925 0.002410 hargrave 2024-04-04 19:36:24 
AF 800 302.6  46.8 345.7  15.5 1.04E-06 004.1 235.3  36.1 0.004991 0.005911 0.002603 hargrave 2024-04-04 19:37:45 
AF 850 325.6  79.5 020.9  18.3 1.35E-06 002.7 204.8  64.5 0.004931 0.004214 0.002474 hargrave 2024-04-04 19:39:06 
AF 900 348.8  58.9 010.7 -01.0 1.14E-06 002.8 255.5  63.1 0.003408 0.005900 0.002356 hargrave 2024-04-04 19:40:27 
AF 950 336.0  37.8 349.9 -10.2 8.26E-07 001.9 268.2  41.7 0.000559 0.004711 0.001812 hargrave 2024-04-04 19:41:47 
AF1000 311.1  44.2 345.4  09.0 1.18E-06 003.2 243.3  37.0 0.004242 0.006289 0.001237 hargrave 2024-04-04 19:43:09 
