MF16- 65a sun compass orientation
      0 161.2  34.0 301.0  67.0   1.0
NRM    329.6  74.9 017.3  15.2 1.22E-05 002.2 203.7  50.4 0.040015 0.019724 0.018900 hargrave 2024-04-10 20:53:08 
AF  10 330.8  74.7 017.3  14.9 1.15E-05 002.2 204.1  50.6 0.036599 0.018049 0.017982 hargrave 2024-04-10 20:54:28 
AF  20 331.0  74.5 017.2  14.7 1.08E-05 002.2 204.4  50.6 0.033711 0.017834 0.016958 hargrave 2024-04-10 20:55:49 
AF  30 329.1  74.5 016.8  15.1 9.94E-06 002.2 204.1  50.1 0.031150 0.016704 0.016541 hargrave 2024-04-10 20:57:10 
AF  40 328.0  76.1 018.2  16.2 9.45E-06 002.2 201.6  50.8 0.028781 0.015664 0.016151 hargrave 2024-04-10 20:58:31 
AF  50 326.6  76.7 018.5  16.8 9.18E-06 002.2 200.6  50.8 0.027771 0.014830 0.015431 hargrave 2024-04-10 20:59:52 
AF  60 329.5  77.9 019.9  16.9 8.51E-06 002.1 199.4  51.9 0.024674 0.013465 0.013854 hargrave 2024-04-10 21:01:13 
AF  70 328.0  77.7 019.6  17.0 8.38E-06 002.1 199.4  51.5 0.025151 0.013632 0.013865 hargrave 2024-04-10 21:02:34 
AF  80 330.2  79.6 021.5  17.6 8.06E-06 002.1 197.1  52.7 0.022910 0.012913 0.013241 hargrave 2024-04-10 21:03:55 
AF  90 317.8  78.5 019.3  19.3 7.69E-06 002.1 196.6  50.2 0.022524 0.012535 0.013105 hargrave 2024-04-10 21:05:16 
AF 100 321.5  79.9 021.0  19.2 7.27E-06 002.2 195.4  51.5 0.022278 0.013094 0.012109 hargrave 2024-04-10 21:06:36 
AF 110 318.0  80.1 020.9  19.8 7.20E-06 002.2 194.6  51.1 0.020288 0.015597 0.011650 hargrave 2024-04-10 21:08:01 
AF 120 335.4  82.1 024.1  18.4 6.92E-06 002.1 193.7  54.4 0.019621 0.011606 0.012222 hargrave 2024-04-10 21:09:21 
AF 130 314.7  80.1 020.7  20.3 6.87E-06 002.1 194.1  50.7 0.020378 0.011427 0.011617 hargrave 2024-04-10 21:10:42 
AF 140 308.3  82.0 022.5  21.8 6.27E-06 002.1 190.7  51.2 0.017092 0.010290 0.011105 hargrave 2024-04-10 21:12:03 
AF 150 318.5  81.0 021.9  20.0 6.00E-06 002.1 193.4  51.7 0.016988 0.010437 0.010590 hargrave 2024-04-10 21:13:23 
AF 160 319.1  81.5 022.4  20.1 5.74E-06 002.1 192.9  52.1 0.015282 0.008920 0.010700 hargrave 2024-04-10 21:14:46 
AF 170 325.5  78.3 019.8  17.7 5.65E-06 002.1 198.3  51.3 0.015307 0.008220 0.011516 hargrave 2024-04-10 21:16:06 
AF 180 334.9  78.4 021.0  16.2 5.47E-06 002.2 199.5  53.1 0.016100 0.009213 0.011090 hargrave 2024-04-10 21:17:27 
AF 190 317.1  80.8 021.6  20.2 5.50E-06 002.1 193.6  51.4 0.015096 0.007874 0.011083 hargrave 2024-04-10 21:18:48 
AF 200 314.6  81.6 022.3  20.8 5.53E-06 002.0 192.1  51.6 0.015063 0.007813 0.010504 hargrave 2024-04-10 21:20:09 
AF 220 331.1  81.6 023.4  18.6 5.04E-06 002.2 194.0  53.7 0.014358 0.007813 0.010831 hargrave 2024-04-10 21:21:30 
AF 240 018.5  83.2 029.5  16.4 4.38E-06 002.4 190.7  59.7 0.014174 0.008653 0.008916 hargrave 2024-04-10 21:22:50 
AF 260 333.5  84.1 025.7  19.7 4.20E-06 002.3 190.2  54.8 0.013214 0.007614 0.009860 hargrave 2024-04-10 21:24:11 
AF 280 257.4  78.5 021.3  30.6 4.27E-06 002.1 181.7  44.5 0.011178 0.006115 0.009921 hargrave 2024-04-10 21:25:32 
AF 300 255.0  83.3 025.8  27.7 4.08E-06 002.2 180.7  49.4 0.011313 0.005915 0.010110 hargrave 2024-04-10 21:26:53 
AF 320 218.8  78.1 029.0  34.8 3.86E-06 002.2 170.9  45.5 0.010507 0.005806 0.010059 hargrave 2024-04-10 21:28:14 
AF 340 220.2  78.7 028.8  34.1 4.08E-06 001.9 171.7  46.0 0.007026 0.006515 0.010514 hargrave 2024-04-10 21:29:38 
AF 360 153.6  86.6 034.2  24.8 3.99E-06 002.3 173.9  56.3 0.011817 0.007281 0.009749 hargrave 2024-04-10 21:30:59 
AF 380 134.0  79.1 042.8  25.0 3.87E-06 001.6 160.6  59.6 0.007504 0.004973 0.010187 hargrave 2024-04-10 21:32:20 
AF 400 206.2  81.8 031.8  31.1 3.49E-06 002.0 171.0  49.9 0.007679 0.005237 0.008996 hargrave 2024-04-10 21:33:41 
AF 420 195.2  73.2 036.8  39.0 3.65E-06 001.7 160.3  44.7 0.005883 0.005064 0.008496 hargrave 2024-04-10 21:35:01 
AF 440 162.4  75.8 043.5  31.9 3.30E-06 001.8 155.8  53.2 0.007812 0.005056 0.007425 hargrave 2024-04-10 21:36:22 
AF 460 197.5  72.2 036.4  40.3 3.76E-06 001.6 160.1  43.4 0.002877 0.005428 0.009157 hargrave 2024-04-10 21:37:43 
AF 480 202.9  66.4 035.7  46.3 3.67E-06 001.8 157.8  37.6 0.003200 0.006160 0.009172 hargrave 2024-04-10 21:39:04 
AF 500 192.2  66.7 041.4  44.7 3.82E-06 001.7 153.5  40.3 0.002332 0.006824 0.008939 hargrave 2024-04-10 21:40:25 
AF 520 208.5  72.8 032.0  40.2 4.05E-06 001.7 164.3  42.1 0.003503 0.006949 0.009922 hargrave 2024-04-10 21:41:45 
AF 540 170.2  61.6 055.9  42.5 3.36E-06 001.8 139.7  43.4 0.005443 0.005436 0.009144 hargrave 2024-04-10 21:43:06 
AF 560 199.2  65.5 038.1  46.8 3.67E-06 001.8 155.6  37.7 0.003573 0.006146 0.009411 hargrave 2024-04-10 21:44:27 
AF 580 183.6  63.4 048.1  45.7 3.45E-06 002.0 147.2  40.2 0.001134 0.007072 0.010472 hargrave 2024-04-10 21:45:48 
AF 600 200.4  64.1 038.0  48.3 3.84E-06 001.8 155.1  36.2 0.001668 0.007637 0.009450 hargrave 2024-04-10 21:47:09 
AF 650 196.4  62.1 041.5  49.7 3.41E-06 001.9 152.0  35.6 0.001346 0.006664 0.009450 hargrave 2024-04-10 21:48:30 
AF 700 183.8  63.4 048.0  45.7 3.11E-06 001.5 147.3  40.2 0.000993 0.005088 0.006911 hargrave 2024-04-10 21:49:50 
AF 750 153.6  58.6 063.9  36.3 2.58E-06 001.5 129.2  48.3 0.003292 0.004783 0.006490 hargrave 2024-04-10 21:51:11 
AF 800 130.7  53.8 070.6  24.0 2.13E-06 001.5 111.8  56.8 0.005086 0.001804 0.006380 hargrave 2024-04-10 21:52:32 
AF 850 155.4  57.5 065.0  37.5 2.12E-06 001.5 128.6  46.9 0.002967 0.002379 0.006347 hargrave 2024-04-10 21:53:58 
AF 900 091.8  75.3 044.3  15.3 1.63E-06 001.0 165.4  69.2 0.002560 0.001702 0.006856 hargrave 2024-04-10 21:55:19 
AF 950 108.2  74.5 046.9  18.8 2.95E-06 000.8 156.1  66.6 0.001982 0.002644 0.006279 hargrave 2024-04-10 21:56:40 
AF1000 194.1  48.7 054.3  61.0 1.32E-06 004.4 142.3  25.0 0.008414 0.006837 0.006021 hargrave 2024-04-10 21:58:01 
