MF16- 34a sun compass orientation
      0 188.9  55.0 301.0  67.0   1.0
NRM    016.1  62.7 024.2 -03.5 2.52E-05 002.9 213.3  33.8 0.123492 0.053173 0.041458 hargrave 2024-04-02 17:59:28 
AF  10 013.1  61.9 022.6 -03.9 2.41E-05 002.8 213.7  32.3 0.115848 0.051277 0.039619 hargrave 2024-04-02 18:00:49 
AF  20 011.4  61.3 021.7 -04.3 2.25E-05 002.9 214.2  31.4 0.111005 0.049659 0.037498 hargrave 2024-04-02 18:02:09 
AF  30 008.5  60.7 020.1 -04.4 2.09E-05 003.0 214.4  29.8 0.106344 0.047686 0.035511 hargrave 2024-04-02 18:03:30 
AF  40 007.3  58.8 018.9 -05.9 1.92E-05 003.0 216.2  28.6 0.099989 0.045224 0.033302 hargrave 2024-04-02 18:04:50 
AF  50 006.5  56.8 017.8 -07.5 1.80E-05 003.1 218.0  27.5 0.095616 0.043895 0.032111 hargrave 2024-04-02 18:06:11 
AF  60 006.7  55.6 017.4 -08.7 1.64E-05 003.3 219.4  27.1 0.089911 0.042372 0.029959 hargrave 2024-04-02 18:07:32 
AF  70 006.1  54.8 016.7 -09.4 1.48E-05 003.4 220.1  26.4 0.083814 0.040001 0.026645 hargrave 2024-04-02 18:08:53 
AF  80 008.5  51.9 017.0 -12.5 1.40E-05 003.5 223.6  26.6 0.079788 0.039347 0.025192 hargrave 2024-04-02 18:10:13 
AF  90 012.3  47.5 017.9 -17.5 1.24E-05 003.6 229.2  27.1 0.071833 0.038847 0.022668 hargrave 2024-04-02 18:11:34 
AF 100 014.1  45.2 018.4 -20.1 1.14E-05 003.7 232.2  27.4 0.065430 0.037683 0.020904 hargrave 2024-04-02 18:12:54 
AF 110 013.5  43.0 017.3 -22.0 1.02E-05 003.8 234.2  26.0 0.060009 0.036613 0.019730 hargrave 2024-04-02 18:14:14 
AF 120 016.0  41.2 018.7 -24.3 1.01E-05 003.7 237.0  27.0 0.055387 0.035850 0.019742 hargrave 2024-04-02 18:15:34 
AF 130 014.6  38.3 016.6 -26.8 9.40E-06 003.7 239.4  24.8 0.051754 0.035932 0.016917 hargrave 2024-04-02 18:16:54 
AF 140 016.2  32.1 016.0 -33.1 8.99E-06 003.6 246.0  23.1 0.045307 0.037073 0.019137 hargrave 2024-04-02 18:18:14 
AF 150 022.3  36.7 023.0 -29.7 8.61E-06 003.8 243.8  29.7 0.044953 0.036097 0.018020 hargrave 2024-04-02 18:19:34 
AF 160 016.5  32.2 016.3 -33.0 7.62E-06 003.8 246.0  23.4 0.039473 0.035601 0.015404 hargrave 2024-04-02 18:20:54 
AF 170 029.0  39.9 029.3 -27.1 6.95E-06 004.2 242.6  35.7 0.038531 0.034749 0.013879 hargrave 2024-04-02 18:22:14 
AF 180 027.8  37.5 028.1 -29.4 6.93E-06 004.1 244.9  34.0 0.036280 0.033230 0.015891 hargrave 2024-04-02 18:23:33 
AF 190 024.0  30.2 023.5 -36.4 6.57E-06 003.9 251.3  28.2 0.031759 0.031922 0.016829 hargrave 2024-04-02 18:24:53 
AF 200 026.4  22.4 025.1 -44.4 6.33E-06 003.6 260.2  26.5 0.027235 0.033514 0.015474 hargrave 2024-04-02 18:26:13 
AF 220 025.8  30.0 025.4 -36.8 5.80E-06 003.8 252.3  29.5 0.026561 0.029228 0.013545 hargrave 2024-04-02 18:27:33 
AF 240 026.3  24.7 025.3 -42.1 5.10E-06 003.5 257.9  27.6 0.020810 0.025906 0.012046 hargrave 2024-04-02 18:28:53 
AF 260 029.1  30.6 029.0 -36.3 4.73E-06 004.1 253.0  32.4 0.023507 0.024417 0.012061 hargrave 2024-04-02 18:30:13 
AF 280 054.1  27.5 056.0 -34.8 2.72E-06 004.2 268.3  51.3 0.012464 0.014695 0.007871 hargrave 2024-04-02 18:31:36 
AF 300 030.1  12.9 029.5 -54.1 4.07E-06 003.4 271.2  24.7 0.015622 0.024756 0.009676 hargrave 2024-04-02 18:32:56 
AF 320 039.6  19.8 042.7 -46.4 3.55E-06 003.9 269.9  36.0 0.016163 0.022085 0.006824 hargrave 2024-04-02 18:34:16 
AF 340 033.3  06.6 035.6 -60.4 4.18E-06 003.6 278.9  23.7 0.017484 0.023407 0.011394 hargrave 2024-04-02 18:35:40 
AF 360 019.9  10.1 011.7 -55.2 2.78E-06 003.5 267.9  14.8 0.012953 0.015243 0.007663 hargrave 2024-04-02 18:37:00 
AF 380 042.2  14.5 048.4 -50.9 3.30E-06 004.3 277.1  35.4 0.017242 0.020115 0.007424 hargrave 2024-04-02 18:38:20 
AF 400 055.0  20.4 061.3 -40.7 3.32E-06 003.9 279.0  48.9 0.014524 0.016193 0.008096 hargrave 2024-04-02 18:39:40 
AF 420 048.0 -07.2 079.8 -67.3 1.64E-06 005.9 301.0  26.1 0.011590 0.014061 0.005468 hargrave 2024-04-02 18:41:00 
AF 440 060.4 -01.6 088.3 -54.3 3.51E-06 004.0 307.1  38.7 0.017086 0.018271 0.006696 hargrave 2024-04-02 18:42:20 
AF 460 068.8  22.0 073.0 -31.9 2.68E-06 004.9 288.3  60.7 0.015304 0.015504 0.006933 hargrave 2024-04-02 18:43:40 
AF 480 033.2  17.2 034.2 -49.8 1.96E-06 004.6 268.9  29.4 0.013186 0.013428 0.002824 hargrave 2024-04-02 18:45:00 
AF 500 061.7  58.8 046.4 -04.3 2.01E-06 004.8 214.0  56.0 0.015332 0.009412 0.004191 hargrave 2024-04-02 18:46:20 
AF 520 032.8  16.0 033.8 -50.9 2.03E-06 004.5 269.8  28.6 0.011512 0.012369 0.005964 hargrave 2024-04-02 18:47:39 
AF 540 065.3  15.3 075.5 -39.1 2.13E-06 005.3 294.7  54.0 0.015123 0.014777 0.001658 hargrave 2024-04-02 18:49:03 
AF 560 076.1  11.3 088.1 -34.1 2.80E-06 004.0 313.4  58.5 0.014667 0.012257 0.006143 hargrave 2024-04-02 18:50:26 
AF 580 069.0  21.8 073.3 -31.9 2.61E-06 004.6 288.8  60.7 0.014151 0.016300 0.002408 hargrave 2024-04-02 18:51:46 
AF 600 112.5  17.7 101.4 -00.7 1.35E-06 006.2 038.3  68.9 0.010784 0.010351 0.003349 hargrave 2024-04-02 18:53:06 
AF 650 095.0 -07.8 118.1 -27.0 2.17E-06 004.9 354.3  47.0 0.014305 0.014201 0.004053 hargrave 2024-04-02 18:54:26 
AF 700 081.5  22.9 081.5 -22.8 3.12E-06 003.8 304.1  70.6 0.015037 0.014199 0.003183 hargrave 2024-04-02 18:55:46 
AF 750 096.1  14.6 097.0 -16.1 2.63E-06 003.7 352.2  69.4 0.012572 0.012265 0.002580 hargrave 2024-04-02 18:57:06 
AF 800 090.0  17.0 091.6 -19.8 2.10E-06 005.0 334.0  70.4 0.013306 0.013485 0.001404 hargrave 2024-04-02 18:58:26 
AF 850 062.0 -18.1 117.3 -60.6 1.19E-06 005.3 320.4  26.4 0.009508 0.008941 0.001572 hargrave 2024-04-02 18:59:47 
AF 900 039.2  40.4 037.9 -26.2 3.16E-06 004.5 244.8  43.3 0.018930 0.018073 0.006136 hargrave 2024-04-02 19:01:08 
AF 950 088.9 -22.7 132.8 -37.0 2.40E-06 004.6 349.2  31.5 0.016862 0.015752 0.003003 hargrave 2024-04-02 19:02:29 
AF1000 052.6  20.6 058.5 -41.6 1.89E-06 005.0 277.0  47.0 0.012057 0.014867 0.004347 hargrave 2024-04-02 19:03:51 
