MF16- 25b sun compass orientation
      0 172.3  37.0 301.0  67.0   1.0
NRM    343.2  73.3 018.5  11.3 4.92E-05 001.6 204.8  47.5 0.126727 0.064993 0.054007 hargrave 2024-04-12 19:31:02 
TT  55 341.5  71.7 017.0  10.6 4.65E-05 001.5 206.5  46.3 0.100029 0.069644 0.046350 hargrave 2024-04-15 10:24:50 
TT 100 346.2  71.6 018.0  09.5 3.83E-05 001.6 207.6  47.5 0.089532 0.053619 0.044974 hargrave 2024-04-15 12:53:21 
TT 125 341.4  71.3 016.6  10.3 3.40E-05 001.6 207.0  46.0 0.084186 0.050699 0.030566 hargrave 2024-04-15 15:35:11 
TT 150 334.0  75.7 018.6  14.8 2.85E-05 001.6 199.9  46.7 0.073384 0.045436 0.021899 hargrave 2024-04-15 18:53:23 
TT 200 348.4  78.6 023.0  14.4 2.41E-05 001.8 198.2  50.8 0.066751 0.057192 0.010992 hargrave 2024-04-16 10:25:20 
TT 250 345.6  70.0 016.8  08.4 1.71E-05 001.4 209.6  46.6 0.036631 0.034046 0.009989 hargrave 2024-04-16 12:43:55 
TT 300 247.1  80.6 024.6  30.5 7.77E-06 001.7 176.6  43.8 0.032896 0.010835 0.003731 hargrave 2024-04-16 15:40:23 
TT 325 189.8  71.1 039.8  40.4 2.40E-06 002.3 154.5  44.2 0.014025 0.003105 0.006426 hargrave 2024-04-16 18:45:18 
TT 350 134.2  21.2 105.6  19.7 6.58E-06 001.9 071.8  39.4 0.017699 0.009131 0.015940 hargrave 2024-04-17 11:10:02 
TT 375 094.8  30.9 082.1 -08.5 2.85E-06 003.7 027.3  66.1 0.011841 0.014651 0.001218 hargrave 2024-04-17 14:18:50 
TT 400 147.7  03.4 128.7  25.8 4.60E-06 002.2 071.9  17.3 0.013365 0.009090 0.007766 hargrave 2024-04-18 11:17:49 
TT 420 148.4  22.8 107.9  32.8 3.87E-06 002.3 085.6  32.3 0.013817 0.010106 0.004497 hargrave 2024-04-18 15:10:42 
TT 430 172.3 -48.2 185.8  10.8 2.19E-06 002.7 056.1 -36.5 0.011539 0.010152 0.009015 hargrave 2024-04-19 09:42:51 
