MF16- 45b sun compass orientation
      0 229.9  35.0 301.0  67.0   1.0
NRM    306.3  68.2 007.9  19.3 1.27E-05 001.8 174.0  33.6 0.054571 0.015590 0.012619 hargrave 2024-04-12 20:01:05 
TT  50 303.0  66.1 005.4  20.1 1.26E-05 001.5 172.0  31.7 0.050242 0.012893 0.011163 hargrave 2024-04-15 11:00:01 
TT 100 300.4  63.0 001.9  20.6 8.63E-06 001.3 170.0  28.9 0.034722 0.007881 0.004947 hargrave 2024-04-15 13:51:53 
TT 125 279.5  55.5 353.1  30.9 6.07E-06 001.1 156.1  25.3 0.021856 0.004864 0.001824 hargrave 2024-04-15 17:02:42 
TT 150 265.2  55.9 355.4  38.7 5.87E-06 001.2 148.3  29.5 0.019688 0.007164 0.002560 hargrave 2024-04-15 19:38:33 
TT 200 260.2  51.3 350.7  42.9 5.05E-06 001.2 142.6  27.3 0.016705 0.003271 0.003141 hargrave 2024-04-16 11:09:42 
TT 250 285.3  54.7 352.1  27.6 5.96E-06 001.1 159.0  23.3 0.019099 0.008628 0.002657 hargrave 2024-04-16 13:37:04 
TT 300 273.0  47.6 344.1  35.5 5.15E-06 001.1 148.4  20.0 0.017181 0.006577 0.005958 hargrave 2024-04-16 16:43:18 
TT 325 276.1  41.9 337.1  33.3 5.44E-06 001.2 148.0  13.8 0.012327 0.013200 0.002751 hargrave 2024-04-17 09:04:23 
TT 350 240.3  34.1 331.1  62.1 2.72E-06 001.3 118.6  22.0 0.003257 0.005999 0.001973 hargrave 2024-04-17 12:11:05 
TT 375 215.8  33.5 010.1  78.6 1.14E-06 003.2 100.6  34.7 0.002213 0.005022 0.003718 hargrave 2024-04-17 15:28:58 
TT 400 104.3 -19.9 134.0 -22.4 1.47E-06 003.4 326.3  09.2 0.005116 0.006169 0.005992 hargrave 2024-04-18 11:35:13 
TT 420 230.6  30.2 327.5  71.1 2.35E-06 001.4 109.0  23.9 0.005130 0.002261 0.003137 hargrave 2024-04-18 15:31:23 
TT 430 268.9  75.7 017.0  30.0 1.70E-08 017.9 164.3  44.5 0.000456 0.000529 0.000140 hargrave 2024-04-19 10:03:09 
TT 430 012.1  55.9 020.4 -09.5 1.87E-06 002.8 210.4  28.8 0.008091 0.004905 0.005046 hargrave 2024-04-19 12:03:59 
