MF16- 64b sun compass orientation
      0 161.7  33.0 301.0  67.0   1.0
NRM    317.3  70.7 011.7  16.5 1.24E-05 002.3 205.6  45.8 0.049596 0.022686 0.012476 hargrave 2024-04-12 20:37:42 
TT  50 306.9  71.3 011.2  19.9 1.06E-05 002.2 201.5  44.0 0.040161 0.015633 0.011364 hargrave 2024-04-15 11:36:04 
TT 100 296.4  66.0 004.9  22.8 6.53E-06 002.1 201.1  37.5 0.024170 0.009161 0.008253 hargrave 2024-04-15 14:25:50 
TT 125 270.2  60.3 359.7  34.9 4.79E-06 001.8 190.3  28.2 0.016750 0.006324 0.005407 hargrave 2024-04-15 17:38:04 
TT 150 282.1  51.3 348.2  29.4 3.75E-06 001.7 199.8  21.2 0.012715 0.004342 0.004201 hargrave 2024-04-15 20:13:10 
TT 200 272.8  46.2 342.4  35.6 3.10E-06 001.6 194.9  14.7 0.009375 0.003659 0.004465 hargrave 2024-04-16 11:44:10 
TT 250 258.7  31.7 323.5  47.1 2.58E-06 001.8 185.9 -01.1 0.006784 0.007193 0.002319 hargrave 2024-04-16 14:10:50 
TT 300 268.9  33.9 326.9  38.6 2.01E-06 002.3 194.2  02.1 0.006309 0.005851 0.004207 hargrave 2024-04-16 17:15:20 
TT 325 201.3  15.5 158.9  78.2 1.50E-06 001.1 131.7 -06.4 0.002563 0.003564 0.002923 hargrave 2024-04-17 09:41:14 
TT 350 034.0  27.5 034.5 -39.4 1.12E-06 002.8 301.9  50.3 0.001590 0.005704 0.005506 hargrave 2024-04-17 12:48:07 
TT 375 330.4  33.4 343.5 -09.3 1.97E-06 002.3 241.9  21.8 0.006698 0.002343 0.003861 hargrave 2024-04-17 15:43:37 
