MF16- 19a sun compass orientation
    162 129.1  33.0 301.0  67.0   1.0
NRM    028.7  67.0 030.1 -00.0 1.43E-05 001.1 201.5  78.9 0.022095 0.014599 0.010867 hargrave 2023-11-23 09:49:17 
AF  10 029.3  66.9 030.3 -00.1 1.35E-05 001.1 200.7  79.1 0.020296 0.013556 0.010710 hargrave 2023-11-23 09:50:38 
AF  20 029.7  66.8 030.5 -00.2 1.27E-05 001.1 200.3  79.3 0.019705 0.013021 0.010281 hargrave 2023-11-23 09:51:59 
AF  30 029.4  66.2 030.4 -00.7 1.20E-05 001.1 202.3  79.7 0.017534 0.012537 0.010129 hargrave 2023-11-23 09:53:20 
AF  40 031.9  65.7 031.4 -01.3 1.14E-05 001.0 198.6  80.7 0.015952 0.011749 0.009727 hargrave 2023-11-23 09:54:42 
AF  50 031.2  64.8 031.1 -02.2 1.09E-05 001.0 202.8  81.3 0.014870 0.011224 0.009599 hargrave 2023-11-23 09:56:03 
AF  60 033.6  64.8 032.1 -02.2 1.04E-05 001.0 196.5  81.8 0.013904 0.010193 0.008732 hargrave 2023-11-23 09:57:24 
AF  70 031.3  64.9 031.1 -02.1 9.79E-06 001.0 202.3  81.3 0.013676 0.009872 0.007926 hargrave 2023-11-23 09:58:46 
AF  80 034.2  64.3 032.4 -02.7 9.41E-06 001.0 196.2  82.3 0.012314 0.008996 0.007974 hargrave 2023-11-23 10:00:08 
AF  90 033.0  62.6 031.9 -04.4 8.61E-06 001.0 206.3  83.6 0.010914 0.008614 0.007746 hargrave 2023-11-23 10:01:29 
AF 100 036.2  61.5 033.5 -05.4 8.28E-06 000.9 197.0  85.3 0.009188 0.007627 0.007499 hargrave 2023-11-23 10:02:50 
AF 110 034.7  59.4 032.9 -07.6 7.77E-06 000.8 222.2  86.7 0.008144 0.007736 0.007425 hargrave 2023-11-23 10:04:11 
AF 120 036.0  61.7 033.4 -05.3 7.34E-06 000.9 197.7  85.1 0.008706 0.006973 0.007094 hargrave 2023-11-23 10:05:33 
AF 130 031.5  61.2 031.2 -05.8 7.03E-06 001.0 219.6  84.3 0.008781 0.007461 0.006897 hargrave 2023-11-23 10:06:53 
AF 140 031.0  62.6 031.0 -04.4 6.67E-06 001.0 212.6  83.1 0.008715 0.006563 0.006627 hargrave 2023-11-23 10:08:14 
AF 150 034.4  60.9 032.7 -06.1 6.23E-06 000.9 210.1  85.5 0.007403 0.006210 0.006499 hargrave 2023-11-23 10:09:35 
AF 160 034.9  61.2 032.9 -05.8 6.21E-06 000.9 205.4  85.3 0.007446 0.006016 0.006096 hargrave 2023-11-23 10:10:56 
AF 170 032.3  58.8 031.7 -08.2 5.92E-06 000.9 240.5  85.9 0.006531 0.006225 0.006022 hargrave 2023-11-23 10:12:18 
AF 180 035.2  61.5 033.0 -05.5 5.53E-06 000.9 202.2  85.1 0.006448 0.005240 0.006679 hargrave 2023-11-23 10:13:39 
AF 190 035.0  57.9 033.2 -09.1 5.16E-06 000.8 247.0  87.7 0.004937 0.005155 0.005759 hargrave 2023-11-23 10:15:03 
AF 200 034.8  54.8 033.3 -12.1 4.83E-06 000.8 310.5  86.8 0.004664 0.005102 0.005208 hargrave 2023-11-23 10:16:25 
AF 220 034.7  51.0 033.4 -15.9 4.35E-06 000.8 334.8  83.5 0.004259 0.004333 0.004413 hargrave 2023-11-23 10:17:46 
AF 240 040.7  57.3 036.3 -09.3 4.01E-06 000.7 110.1  89.1 0.003380 0.003536 0.004614 hargrave 2023-11-23 10:19:07 
AF 260 043.8  57.0 038.0 -09.3 3.68E-06 000.8 091.3  87.5 0.003260 0.003674 0.005515 hargrave 2023-11-23 10:20:32 
AF 280 051.7  51.9 043.9 -12.9 3.30E-06 000.8 060.5  81.1 0.003103 0.003392 0.005013 hargrave 2023-11-23 10:21:53 
AF 300 055.6  55.5 044.8 -08.8 3.13E-06 000.9 087.6  80.7 0.002836 0.003396 0.005181 hargrave 2023-11-23 10:23:14 
AF 320 050.6  58.8 041.1 -06.6 3.53E-06 000.8 111.1  83.6 0.003187 0.003452 0.005338 hargrave 2023-11-23 10:24:35 
AF 340 055.1  66.7 040.3  01.5 3.29E-06 001.1 148.8  77.8 0.004830 0.003517 0.004829 hargrave 2023-11-23 10:25:56 
AF 360 066.2  67.1 044.0  03.9 2.84E-06 000.9 139.9  74.0 0.003591 0.001712 0.004794 hargrave 2023-11-23 10:27:17 
AF 380 079.0  65.6 049.0  05.8 2.80E-06 000.9 130.8  69.4 0.003044 0.001488 0.004758 hargrave 2023-11-23 10:28:38 
AF 400 084.1  52.8 059.9 -01.3 2.06E-06 000.8 100.0  64.3 0.001341 0.001776 0.003828 hargrave 2023-11-23 10:30:00 
AF 420 098.0  53.8 064.2  05.9 2.23E-06 001.2 109.9  57.4 0.002035 0.002948 0.005014 hargrave 2023-11-23 10:31:21 
AF 440 077.7  58.0 053.7 -00.2 2.93E-06 000.6 109.1  69.5 0.000983 0.002084 0.004011 hargrave 2023-11-23 10:32:43 
AF 460 096.9  60.3 058.2  08.8 2.28E-06 001.0 121.0  60.7 0.001794 0.002395 0.004436 hargrave 2023-11-23 10:34:04 
AF 480 076.1  68.1 046.4  06.9 2.35E-06 001.1 138.7  70.1 0.003111 0.002117 0.005453 hargrave 2023-11-23 10:35:26 
AF 500 075.2  61.3 050.6  01.5 2.48E-06 001.2 118.3  71.3 0.003011 0.003427 0.004714 hargrave 2023-11-23 10:36:47 
AF 520 105.7  61.3 059.4  13.1 2.29E-06 001.1 125.7  57.1 0.002798 0.001618 0.004541 hargrave 2023-11-23 10:38:10 
AF 540 102.7  49.7 069.2  06.4 2.56E-06 001.1 106.7  52.8 0.001407 0.004288 0.004361 hargrave 2023-11-23 10:39:32 
AF 560 084.3  55.5 058.0  00.6 2.06E-06 001.1 105.8  65.3 0.001632 0.002583 0.003643 hargrave 2023-11-23 10:40:53 
AF 580 072.9  58.4 051.5 -01.5 1.75E-06 000.8 108.8  72.1 0.001261 0.001378 0.003454 hargrave 2023-11-23 10:42:15 
AF 600 106.1  51.9 068.2  09.3 2.54E-06 000.9 111.8  52.3 0.002122 0.003484 0.003149 hargrave 2023-11-23 10:43:36 
