MF16- 71a mag compass orientation (IGRF corrected)
      0 137.1  33.0 301.0  67.0   1.0
NRM    336.9  62.3 008.7  05.4 1.17E-05 002.5 231.4  55.9 0.042035 0.025978 0.016975 hargrave 2024-04-11 20:53:15 
AF  10 336.5  62.3 008.6  05.6 1.12E-05 002.5 231.2  55.7 0.038551 0.024407 0.017165 hargrave 2024-04-11 20:54:36 
AF  20 336.0  62.3 008.5  05.8 1.07E-05 002.5 231.0  55.5 0.037780 0.024617 0.016076 hargrave 2024-04-11 20:55:56 
AF  30 335.1  62.3 008.2  06.1 1.01E-05 002.6 230.8  55.1 0.036975 0.023761 0.015590 hargrave 2024-04-11 20:57:16 
AF  40 334.2  61.9 007.6  06.1 9.55E-06 002.6 231.0  54.6 0.034849 0.022260 0.014858 hargrave 2024-04-11 20:58:36 
AF  50 333.3  61.4 007.0  06.2 9.17E-06 002.6 231.4  54.0 0.033626 0.020976 0.014554 hargrave 2024-04-11 20:59:56 
AF  60 332.0  61.4 006.6  06.7 8.76E-06 002.5 231.0  53.4 0.031145 0.019799 0.014087 hargrave 2024-04-11 21:01:17 
AF  70 331.9  61.0 006.2  06.4 8.42E-06 002.5 231.6  53.2 0.029637 0.018817 0.013856 hargrave 2024-04-11 21:02:37 
AF  80 332.0  59.7 005.2  05.6 8.06E-06 002.6 233.5  52.6 0.029959 0.019037 0.013036 hargrave 2024-04-11 21:03:57 
AF  90 330.4  59.5 004.6  06.2 7.60E-06 002.7 233.1  51.8 0.029011 0.017981 0.013021 hargrave 2024-04-11 21:05:17 
AF 100 329.8  58.2 003.3  05.7 7.15E-06 002.6 234.6  50.9 0.025908 0.016231 0.013077 hargrave 2024-04-11 21:06:37 
AF 110 332.5  58.9 004.8  05.0 6.93E-06 002.7 234.8  52.5 0.026298 0.016600 0.012118 hargrave 2024-04-11 21:07:58 
AF 120 330.6  59.9 005.0  06.3 6.59E-06 002.8 232.7  52.1 0.025601 0.015811 0.011863 hargrave 2024-04-11 21:09:18 
AF 130 330.0  57.7 003.0  05.3 6.40E-06 002.7 235.4  50.7 0.024258 0.014707 0.011711 hargrave 2024-04-11 21:10:38 
AF 140 328.9  59.6 004.3  06.8 6.28E-06 002.7 232.3  51.3 0.023695 0.015038 0.011669 hargrave 2024-04-11 21:11:58 
AF 150 334.7  57.5 004.4  03.2 5.73E-06 002.7 237.7  52.8 0.021808 0.014109 0.010253 hargrave 2024-04-11 21:13:18 
AF 160 331.7  56.0 002.2  03.5 5.73E-06 002.7 238.3  50.5 0.021921 0.014045 0.010220 hargrave 2024-04-11 21:14:38 
AF 170 329.1  56.8 002.0  05.1 5.35E-06 002.7 236.1  49.8 0.019947 0.012685 0.010119 hargrave 2024-04-11 21:15:58 
AF 180 321.5  63.7 005.8  12.0 5.31E-06 002.9 223.9  50.3 0.022960 0.012325 0.009099 hargrave 2024-04-11 21:17:18 
AF 190 330.2  61.3 006.0  07.3 5.23E-06 002.8 230.5  52.6 0.020991 0.012374 0.008729 hargrave 2024-04-11 21:18:39 
AF 200 322.4  58.6 001.5  09.1 4.80E-06 002.7 230.8  47.9 0.018472 0.009905 0.009670 hargrave 2024-04-11 21:19:59 
AF 220 324.0  58.1 001.6  08.2 4.74E-06 002.8 232.0  48.3 0.020058 0.010675 0.008591 hargrave 2024-04-11 21:21:19 
AF 240 331.8  54.2 000.8  02.4 4.30E-06 002.8 240.7  49.6 0.016404 0.010740 0.009074 hargrave 2024-04-11 21:22:39 
AF 260 320.1  54.5 357.3  08.3 3.85E-06 002.9 234.2  44.4 0.015424 0.008105 0.009279 hargrave 2024-04-11 21:23:59 
AF 280 315.9  54.6 356.3  10.5 3.84E-06 002.9 231.8  42.6 0.015843 0.007423 0.009214 hargrave 2024-04-11 21:25:19 
AF 300 318.8  56.8 359.1  10.0 3.53E-06 003.0 231.0  45.3 0.015179 0.006930 0.008767 hargrave 2024-04-11 21:26:40 
AF 320 325.2  60.9 004.3  09.1 3.71E-06 002.9 229.1  50.4 0.015203 0.008124 0.008560 hargrave 2024-04-11 21:28:00 
AF 340 320.8  55.1 358.1  08.2 2.88E-06 003.0 233.9  45.1 0.012209 0.005868 0.007780 hargrave 2024-04-11 21:29:21 
AF 360 314.5  51.9 353.5  10.1 3.14E-06 003.0 233.8  40.2 0.013058 0.006037 0.008887 hargrave 2024-04-11 21:30:41 
AF 380 304.3  50.7 349.9  15.6 2.64E-06 003.2 228.9  34.9 0.012368 0.004940 0.007700 hargrave 2024-04-11 21:32:01 
AF 400 305.2  59.2 358.6  17.5 3.03E-06 003.4 222.0  41.5 0.015875 0.006402 0.008168 hargrave 2024-04-11 21:33:21 
AF 420 313.0  48.6 350.0  09.6 3.14E-06 003.0 235.8  37.1 0.013355 0.005636 0.008936 hargrave 2024-04-11 21:34:41 
AF 440 302.4  55.8 354.8  18.1 2.69E-06 003.0 223.6  38.0 0.011358 0.004178 0.007882 hargrave 2024-04-11 21:36:00 
AF 460 313.4  57.4 358.3  12.8 2.80E-06 003.0 227.8  43.4 0.011993 0.004089 0.007821 hargrave 2024-04-11 21:37:20 
AF 480 311.2  57.8 358.3  14.1 2.82E-06 003.3 226.3  42.9 0.013638 0.006071 0.007473 hargrave 2024-04-11 21:38:40 
AF 500 314.5  48.1 350.0  08.5 2.90E-06 003.2 237.1  37.4 0.014012 0.006591 0.006865 hargrave 2024-04-11 21:40:01 
AF 520 311.1  53.8 354.4  12.7 2.61E-06 003.2 230.1  40.0 0.012657 0.005536 0.006258 hargrave 2024-04-11 21:41:21 
AF 540 327.4  62.3 006.0  09.0 2.66E-06 003.1 228.0  52.0 0.011900 0.006537 0.006078 hargrave 2024-04-11 21:42:41 
AF 560 333.1  45.1 354.2 -03.9 2.57E-06 002.9 251.8  44.4 0.010146 0.005976 0.005643 hargrave 2024-04-11 21:44:02 
AF 580 325.7  52.1 357.0  04.1 2.75E-06 002.9 239.9  45.4 0.011305 0.004360 0.006895 hargrave 2024-04-11 21:45:21 
AF 600 317.8  37.7 341.7  01.6 2.56E-06 003.1 247.7  31.2 0.011455 0.005815 0.006283 hargrave 2024-04-11 21:46:42 
AF 650 307.0  40.9 341.1  10.5 2.26E-06 003.1 237.9  28.5 0.009897 0.004107 0.006897 hargrave 2024-04-11 21:48:02 
AF 700 308.9  51.1 351.4  13.0 1.79E-06 003.2 231.2  37.2 0.008956 0.004307 0.003888 hargrave 2024-04-11 21:49:22 
AF 750 338.6  34.6 348.8 -13.9 1.55E-06 003.5 265.8  39.8 0.007529 0.005323 0.003048 hargrave 2024-04-11 21:50:42 
AF 800 331.1  34.2 344.5 -09.4 1.75E-06 003.3 260.3  35.5 0.008174 0.006362 0.003076 hargrave 2024-04-11 21:52:03 
AF 850 348.2  49.7 004.6 -08.0 1.53E-06 004.0 256.3  55.2 0.008178 0.006137 0.003478 hargrave 2024-04-11 21:53:23 
AF 900 328.0  11.0 322.8 -19.6 1.66E-06 003.1 273.1  15.1 0.006249 0.005256 0.005328 hargrave 2024-04-11 21:54:44 
AF 950 327.0  22.5 332.6 -12.9 1.15E-06 004.3 265.2  24.0 0.007355 0.003498 0.003693 hargrave 2024-04-11 21:56:04 
AF1000 357.5  17.1 348.9 -38.3 1.32E-06 003.1 296.3  35.7 0.003252 0.004389 0.004974 hargrave 2024-04-11 21:57:25 
