MF16- 36b sun compass orientation
      0 186.4  60.0 301.0  67.0   1.0
NRM    012.8  63.8 023.1 -02.0 2.62E-05 002.0 210.2  29.4 0.089405 0.034350 0.040127 hargrave 2024-04-12 19:50:20 
TT  55 014.3  62.9 023.4 -03.1 2.54E-05 001.4 211.4  29.9 0.051442 0.021702 0.040984 hargrave 2024-04-15 10:40:43 
TT 100 009.5  64.5 021.9 -00.9 2.14E-05 002.2 209.2  28.1 0.073914 0.032599 0.035147 hargrave 2024-04-15 13:11:33 
TT 125 007.7  57.8 018.7 -06.9 1.95E-05 002.1 216.3  25.7 0.081534 0.020514 0.031414 hargrave 2024-04-15 15:52:42 
TT 150 003.2  61.7 018.2 -02.4 1.61E-05 001.5 211.4  24.6 0.037610 0.020837 0.025841 hargrave 2024-04-15 19:09:12 
TT 200 006.7  55.2 017.2 -09.1 1.36E-05 002.5 218.8  24.4 0.059165 0.029452 0.020927 hargrave 2024-04-16 10:42:50 
TT 250 357.8  55.9 013.0 -06.2 9.77E-06 002.3 216.2  19.9 0.042198 0.016274 0.017090 hargrave 2024-04-16 13:02:05 
TT 300 352.8  46.5 005.2 -12.4 7.16E-06 002.5 223.4  12.9 0.026737 0.007870 0.020338 hargrave 2024-04-16 15:57:46 
TT 325 339.0  41.3 354.0 -09.7 5.04E-06 002.5 221.9  01.7 0.019055 0.006101 0.015318 hargrave 2024-04-16 19:00:09 
TT 350 001.9  48.0 011.3 -14.4 4.23E-06 002.7 224.9  19.0 0.017154 0.009668 0.011832 hargrave 2024-04-17 11:29:03 
TT 375 174.1  83.1 035.7  28.4 1.55E-06 005.8 172.1  31.2 0.010260 0.007508 0.010718 hargrave 2024-04-17 14:34:31 
TT 400 053.6  28.1 055.3 -34.5 1.75E-06 003.1 262.1  52.8 0.004224 0.009035 0.005626 hargrave 2024-04-18 11:29:34 
TT 420 100.5 -30.5 144.4 -28.5 2.32E-06 002.8 004.0  29.4 0.006785 0.010055 0.002439 hargrave 2024-04-18 15:23:28 
TT 430 065.8 -46.6 169.9 -53.4 2.28E-06 002.2 339.3  08.5 0.003223 0.008965 0.001212 hargrave 2024-04-19 09:54:08 
