MF16- 3a sun compass orientation
    5.5 164.9  54.0 301.0  67.0   1.0
NRM    008.9  61.1 020.5 -04.1 6.09E-06 002.3 216.7  42.3 0.023718 0.010584 0.003159 hargrave 2023-11-21 19:56:54 
AF  10 008.2  60.8 020.1 -04.2 5.87E-06 002.2 217.1  42.0 0.022074 0.009831 0.003269 hargrave 2023-11-21 19:58:14 
AF  20 007.7  60.2 019.6 -04.6 5.62E-06 002.3 217.9  41.7 0.021405 0.009676 0.002754 hargrave 2023-11-21 19:59:35 
AF  30 006.5  59.8 018.9 -04.8 5.32E-06 002.3 218.4  41.1 0.020372 0.009387 0.002975 hargrave 2023-11-21 20:00:55 
AF  40 006.5  59.1 018.6 -05.5 5.09E-06 002.3 219.4  41.1 0.019272 0.009715 0.003032 hargrave 2023-11-21 20:02:15 
AF  50 004.7  59.3 017.9 -04.8 4.84E-06 002.3 218.9  40.2 0.018685 0.008743 0.002759 hargrave 2023-11-21 20:03:35 
AF  60 003.6  59.0 017.2 -05.0 4.57E-06 002.4 219.3  39.6 0.017964 0.008470 0.002869 hargrave 2023-11-21 20:04:55 
AF  70 001.9  58.7 016.3 -04.8 4.32E-06 002.4 219.5  38.7 0.017109 0.008101 0.002604 hargrave 2023-11-21 20:06:15 
AF  80 001.1  57.8 015.5 -05.5 4.18E-06 002.4 220.6  38.1 0.016450 0.008037 0.002559 hargrave 2023-11-21 20:07:36 
AF  90 002.4  58.3 016.3 -05.3 4.01E-06 002.4 220.1  38.9 0.015986 0.007730 0.002542 hargrave 2023-11-21 20:08:55 
AF 100 006.4  57.1 017.8 -07.2 3.73E-06 002.4 221.9  40.9 0.013878 0.007838 0.002336 hargrave 2023-11-21 20:10:16 
AF 110 001.1  56.5 014.9 -06.6 3.62E-06 002.4 222.2  37.9 0.014180 0.007570 0.002286 hargrave 2023-11-21 20:11:35 
AF 120 000.7  54.6 013.8 -08.1 3.41E-06 002.5 224.5  37.4 0.013143 0.007542 0.002296 hargrave 2023-11-21 20:12:55 
AF 130 000.5  53.7 013.3 -08.9 3.39E-06 002.4 225.5  37.1 0.012923 0.007396 0.002171 hargrave 2023-11-21 20:14:15 
AF 140 004.5  51.6 014.6 -11.8 3.01E-06 002.4 228.8  39.0 0.010893 0.007109 0.002023 hargrave 2023-11-21 20:15:35 
AF 150 356.9  54.7 011.9 -07.0 2.91E-06 002.5 223.8  35.2 0.011712 0.006271 0.001828 hargrave 2023-11-21 20:16:55 
AF 160 350.3  50.8 006.4 -07.9 2.74E-06 002.6 226.7  30.3 0.011090 0.006592 0.001742 hargrave 2023-11-21 20:18:14 
AF 170 352.6  50.8 007.6 -08.8 2.72E-06 002.6 227.3  31.6 0.011018 0.006702 0.001835 hargrave 2023-11-21 20:19:34 
AF 180 353.9  51.9 008.9 -08.4 2.63E-06 002.6 226.4  32.7 0.010701 0.006498 0.001527 hargrave 2023-11-21 20:20:54 
AF 190 353.2  54.0 009.7 -06.4 2.44E-06 002.5 223.9  33.0 0.009830 0.005470 0.001530 hargrave 2023-11-21 20:22:14 
AF 200 351.4  47.9 005.2 -10.7 2.22E-06 002.6 230.2  29.9 0.008877 0.005503 0.001634 hargrave 2023-11-21 20:23:34 
AF 220 348.0  51.0 005.4 -06.9 2.19E-06 002.7 225.9  29.0 0.008955 0.005690 0.001413 hargrave 2023-11-21 20:24:54 
AF 240 003.3  46.3 011.5 -16.3 1.97E-06 002.3 235.1  37.0 0.007067 0.003929 0.001143 hargrave 2023-11-21 20:26:18 
AF 260 348.6  43.8 001.0 -12.7 1.94E-06 002.7 233.5  26.4 0.007506 0.005599 0.001015 hargrave 2023-11-21 20:27:39 
AF 280 350.1  52.5 007.3 -06.5 1.94E-06 002.7 224.8  30.7 0.008111 0.004661 0.000988 hargrave 2023-11-21 20:29:00 
AF 300 343.0  49.5 002.0 -05.9 1.84E-06 002.8 226.0  25.5 0.008202 0.004818 0.000926 hargrave 2023-11-21 20:30:20 
AF 320 341.9  51.4 002.8 -04.0 1.84E-06 002.7 223.7  25.7 0.008262 0.004662 0.000735 hargrave 2023-11-21 20:31:41 
AF 340 333.9  44.8 354.3 -04.6 1.65E-06 002.9 227.0  17.8 0.007491 0.004672 0.001084 hargrave 2023-11-21 20:33:03 
AF 360 350.8  47.9 004.9 -10.4 1.62E-06 002.7 230.0  29.4 0.006951 0.004268 0.000611 hargrave 2023-11-21 20:34:24 
AF 380 353.3  43.2 003.5 -15.3 1.53E-06 002.6 235.7  29.2 0.005913 0.004265 0.000901 hargrave 2023-11-21 20:35:44 
AF 400 359.7  44.9 008.4 -16.3 1.33E-06 002.5 235.8  34.1 0.004949 0.003478 0.000707 hargrave 2023-11-21 20:37:05 
AF 420 007.6  50.5 015.9 -13.6 1.41E-06 002.5 230.7  40.7 0.005046 0.003304 0.001309 hargrave 2023-11-21 20:38:25 
AF 440 005.8  46.4 013.1 -17.0 1.40E-06 002.3 235.6  38.7 0.004843 0.002815 0.001403 hargrave 2023-11-21 20:39:50 
AF 460 008.0  48.3 015.3 -15.8 1.34E-06 002.4 233.6  40.6 0.004523 0.003190 0.001048 hargrave 2023-11-21 20:41:10 
AF 480 015.2  51.1 020.8 -14.6 1.35E-06 002.5 230.7  45.5 0.004907 0.003126 0.001061 hargrave 2023-11-21 20:42:31 
AF 500 018.0  43.0 020.7 -22.9 1.25E-06 002.2 242.6  46.4 0.003746 0.002896 0.001151 hargrave 2023-11-21 20:43:55 
AF 520 010.1  49.4 017.1 -15.3 1.38E-06 002.4 232.6  42.1 0.004643 0.003330 0.001276 hargrave 2023-11-21 20:45:16 
AF 540 005.7  40.2 010.3 -22.6 1.32E-06 002.4 243.1  36.8 0.004438 0.003591 0.001105 hargrave 2023-11-21 20:46:38 
AF 560 007.1  52.7 016.5 -11.5 1.23E-06 002.4 227.8  40.7 0.004279 0.002866 0.001368 hargrave 2023-11-21 20:47:59 
AF 580 022.1  45.5 024.3 -21.0 1.20E-06 002.2 239.6  49.6 0.003723 0.002722 0.000656 hargrave 2023-11-21 20:49:19 
AF 600 005.5  43.1 011.5 -19.8 1.18E-06 002.4 239.5  37.6 0.004141 0.003140 0.000700 hargrave 2023-11-21 20:50:40 
AF 650 357.5  55.6 012.7 -06.4 1.07E-06 002.9 222.8  35.8 0.004812 0.002706 0.000804 hargrave 2023-11-22 23:45:36 
AF 700 001.2  39.8 006.8 -21.3 9.23E-07 002.7 242.0  33.4 0.003541 0.003131 0.000730 hargrave 2023-11-22 23:46:57 
AF 750 324.9  47.7 353.0  02.1 7.33E-07 003.3 220.8  14.4 0.003811 0.002410 0.001159 hargrave 2023-11-22 23:48:18 
AF 800 006.1  54.9 016.8 -09.2 1.10E-06 002.6 224.8  40.5 0.004573 0.002744 0.000566 hargrave 2023-11-22 23:49:39 
AF 850 005.1  36.2 007.9 -25.9 8.55E-07 002.5 247.4  34.9 0.003036 0.002672 0.000727 hargrave 2023-11-22 23:51:00 
AF 900 035.8  56.8 033.6 -10.1 8.08E-07 002.4 219.0  56.7 0.003016 0.001728 0.000904 hargrave 2023-11-22 23:52:22 
AF 950 037.1  50.7 035.0 -16.1 1.00E-06 002.5 229.4  59.3 0.003693 0.002294 0.001355 hargrave 2023-11-22 23:53:43 
AF1000 093.8  78.7 041.5  17.5 6.44E-07 002.1 174.7  46.6 0.002636 0.000820 0.000645 hargrave 2023-11-22 23:55:05 
