MF16- 30a sun compass orientation
      0 212.9  50.0 301.0  67.0   1.0
NRM    334.9  76.4 019.4  15.0 2.65E-05 001.7 188.1  28.2 0.043137 0.057001 0.043623 hargrave 2024-04-01 20:28:43 
AF  10 326.8  75.3 017.3  16.1 2.51E-05 001.9 186.6  26.4 0.091623 0.047363 0.041342 hargrave 2024-04-01 20:30:03 
AF  20 324.5  74.4 016.2  16.1 2.34E-05 001.8 186.3  25.4 0.082618 0.043500 0.039264 hargrave 2024-04-01 20:31:23 
AF  30 324.9  73.9 015.7  15.8 2.13E-05 002.1 186.6  24.9 0.089772 0.038087 0.036502 hargrave 2024-04-01 20:32:44 
AF  40 323.1  73.7 015.3  16.1 1.91E-05 002.2 186.1  24.5 0.087217 0.036783 0.033708 hargrave 2024-04-01 20:34:05 
AF  50 323.9  73.6 015.3  15.9 1.75E-05 002.3 186.4  24.5 0.082343 0.034187 0.030883 hargrave 2024-04-01 20:35:25 
AF  60 322.5  72.6 014.2  15.8 1.57E-05 002.3 186.3  23.4 0.077466 0.029792 0.028390 hargrave 2024-04-01 20:36:46 
AF  70 330.1  70.7 013.8  12.8 1.43E-05 002.5 189.4  22.5 0.074971 0.030583 0.025227 hargrave 2024-04-01 20:38:06 
AF  80 331.8  71.8 015.0  12.9 1.27E-05 002.5 189.5  23.6 0.069196 0.025751 0.022653 hargrave 2024-04-01 20:39:27 
AF  90 331.2  72.8 015.8  13.7 1.17E-05 002.6 188.8  24.5 0.065708 0.021818 0.021885 hargrave 2024-04-01 20:40:47 
AF 100 333.3  75.7 018.5  14.9 9.81E-06 002.8 188.1  27.4 0.058162 0.018667 0.019401 hargrave 2024-04-01 20:42:08 
AF 110 332.9  74.2 017.2  14.1 8.81E-06 002.8 188.7  26.0 0.055496 0.016188 0.017076 hargrave 2024-04-01 20:43:28 
AF 120 313.5  71.2 011.7  17.8 8.39E-06 002.5 183.7  21.4 0.052407 0.014481 0.017654 hargrave 2024-04-01 20:44:49 
AF 130 316.4  68.4 009.4  15.9 7.30E-06 002.6 185.2  18.9 0.048400 0.012927 0.016820 hargrave 2024-04-01 20:46:10 
AF 140 327.0  71.1 013.5  13.8 6.39E-06 002.9 188.2  22.4 0.043986 0.012851 0.013932 hargrave 2024-04-01 20:47:31 
AF 150 315.0  71.2 011.9  17.4 5.79E-06 002.8 184.2  21.6 0.040433 0.009734 0.013909 hargrave 2024-04-01 20:48:51 
AF 160 355.5  76.9 023.3  12.2 5.47E-06 003.3 192.1  31.4 0.037044 0.010448 0.012435 hargrave 2024-04-01 20:50:12 
AF 170 322.7  63.4 005.9  11.4 4.71E-06 002.7 189.0  14.6 0.035370 0.009391 0.010190 hargrave 2024-04-01 20:51:32 
AF 180 322.5  73.4 014.9  16.1 4.53E-06 002.8 186.0  24.2 0.033626 0.006744 0.008802 hargrave 2024-04-01 20:52:53 
AF 190 344.4  62.8 011.6  03.4 4.51E-06 003.4 198.6  18.1 0.033502 0.010849 0.010707 hargrave 2024-04-01 20:54:13 
AF 200 018.5  70.9 026.9  04.3 3.66E-06 003.6 202.2  33.0 0.024299 0.008300 0.008314 hargrave 2024-04-01 20:55:34 
AF 220 006.0  61.6 019.4 -03.1 3.17E-06 003.8 207.6  23.6 0.021242 0.009261 0.007714 hargrave 2024-04-01 20:56:54 
AF 240 053.8  72.6 037.7  06.9 2.70E-06 003.5 202.8  44.0 0.014790 0.005695 0.007551 hargrave 2024-04-01 20:58:15 
AF 260 048.6  59.7 039.8 -06.0 2.87E-06 003.4 220.2  41.3 0.014081 0.008112 0.006191 hargrave 2024-04-01 20:59:37 
AF 280 035.3  48.6 034.0 -18.3 2.12E-06 003.9 229.8  30.2 0.010155 0.008738 0.006313 hargrave 2024-04-01 21:00:57 
AF 300 068.4  69.0 043.6  05.9 2.20E-06 003.6 206.6  49.4 0.011676 0.006133 0.005317 hargrave 2024-04-01 21:02:18 
AF 320 061.5  40.7 055.2 -20.2 1.94E-06 003.3 248.1  44.2 0.007797 0.008116 0.003578 hargrave 2024-04-01 21:03:38 
AF 340 050.8  43.5 046.2 -21.1 2.36E-06 004.4 240.9  37.8 0.014682 0.012117 0.002164 hargrave 2024-04-01 21:04:59 
AF 360 060.8  47.3 051.4 -14.8 2.39E-06 003.7 239.1  45.7 0.011495 0.011193 0.003356 hargrave 2024-04-01 21:06:20 
AF 380 037.9  35.6 037.6 -31.1 1.57E-06 004.8 243.8  25.4 0.010460 0.008158 0.004053 hargrave 2024-04-01 21:07:40 
AF 400 066.0  67.2 043.9  03.9 2.64E-06 003.7 209.6  49.0 0.017027 0.008838 0.001936 hargrave 2024-04-01 21:09:00 
AF 420 026.4  55.0 028.3 -11.9 4.31E-06 004.5 220.4  28.5 0.031316 0.019047 0.006736 hargrave 2024-04-01 21:10:21 
AF 440 048.7  51.8 042.2 -13.6 2.27E-06 004.0 230.3  39.3 0.012993 0.009042 0.004644 hargrave 2024-04-01 21:11:42 
AF 460 035.5  52.1 033.8 -14.8 1.93E-06 004.0 226.3  31.9 0.012455 0.007541 0.002476 hargrave 2024-04-01 21:13:02 
AF 480 064.0  30.7 062.9 -27.7 2.12E-06 003.0 261.9  41.9 0.007490 0.010454 0.001845 hargrave 2024-04-01 21:14:23 
AF 500 048.9  63.6 038.9 -02.3 3.32E-06 003.7 215.2  42.0 0.018889 0.007777 0.008869 hargrave 2024-04-01 21:15:43 
AF 520 110.0  09.2 108.2 -06.4 2.42E-06 003.0 336.1  57.1 0.010451 0.007454 0.004122 hargrave 2024-04-01 21:17:04 
AF 540 057.8  10.6 071.9 -47.4 3.18E-06 002.7 278.0  25.8 0.006136 0.015808 0.009108 hargrave 2024-04-01 21:18:25 
AF 560 035.5  41.2 034.7 -25.6 2.49E-06 003.8 237.2  26.7 0.013452 0.010521 0.001876 hargrave 2024-04-01 21:19:45 
AF 580 045.5  15.7 052.5 -48.8 1.60E-06 003.0 265.6  19.5 0.005112 0.008154 0.004710 hargrave 2024-04-01 21:21:06 
AF 600 024.7  36.1 025.1 -30.6 3.09E-06 004.2 236.7  16.9 0.017145 0.016171 0.004725 hargrave 2024-04-01 21:22:26 
AF 650 081.4  33.5 072.9 -15.9 1.41E-06 003.2 267.7  56.4 0.005301 0.006867 0.000888 hargrave 2024-04-01 21:23:46 
AF 700 105.5  40.0 078.6  03.6 4.11E-06 002.6 264.2  76.7 0.012797 0.014288 0.001703 hargrave 2024-04-01 21:25:07 
AF 750 064.1  11.2 078.0 -42.9 3.10E-06 002.8 282.0  30.9 0.009986 0.017166 0.002820 hargrave 2024-04-01 21:26:27 
AF 800 081.1 -53.1 172.8 -41.9 1.33E-06 003.9 336.0 -09.9 0.007749 0.005540 0.005934 hargrave 2024-04-01 21:27:48 
AF 850 062.9  27.8 063.9 -30.6 1.67E-06 004.8 264.5  39.7 0.011806 0.010605 0.001803 hargrave 2024-04-01 21:29:09 
AF 900 100.5  28.3 087.0 -05.7 4.09E-06 003.9 295.5  68.1 0.017535 0.021361 0.007420 hargrave 2024-04-01 21:30:30 
AF 950 041.8 -61.1 202.7 -51.2 1.62E-06 003.9 326.4 -30.4 0.009836 0.008219 0.003484 hargrave 2024-04-01 21:31:51 
AF1000 162.9  14.9 122.2  44.0 1.45E-06 004.1 065.9  47.1 0.006397 0.006153 0.005585 hargrave 2024-04-01 21:33:12 
