MF16- 26b sun compass orientation
      0 167.9  37.0 301.0  67.0   1.0
NRM    329.9  75.1 017.5  15.2 5.25E-05 001.5 200.8  46.4 0.138087 0.070066 0.046738 hargrave 2024-04-12 19:32:25 
TT  55 339.8  71.5 016.4  10.8 5.08E-05 001.5 207.4  46.9 0.116820 0.071697 0.054511 hargrave 2024-04-15 10:26:17 
TT 100 335.9  72.5 016.4  12.4 4.57E-05 001.4 205.2  46.4 0.094994 0.064820 0.056967 hargrave 2024-04-15 12:54:47 
TT 125 330.7  70.4 013.6  12.4 4.05E-05 001.6 206.4  43.8 0.102406 0.054531 0.043372 hargrave 2024-04-15 15:36:37 
TT 150 326.5  71.9 014.2  14.4 3.59E-05 001.3 203.6  43.7 0.068871 0.041310 0.044560 hargrave 2024-04-15 18:54:52 
TT 200 330.3  69.1 012.5  11.8 3.36E-05 001.4 207.7  42.9 0.075914 0.039299 0.040199 hargrave 2024-04-16 10:26:45 
TT 250 314.3  67.7 008.4  16.3 1.83E-05 002.4 203.5  37.8 0.071004 0.023142 0.035698 hargrave 2024-04-16 12:45:21 
TT 300 271.7  76.3 017.4  29.1 1.45E-05 002.5 184.2  39.6 0.061569 0.020091 0.028687 hargrave 2024-04-16 15:41:48 
TT 325 273.6  72.5 013.0  30.0 1.08E-05 002.5 185.8  35.9 0.049828 0.012210 0.022874 hargrave 2024-04-16 18:46:41 
TT 350 311.6  55.6 356.2  13.1 1.09E-05 002.9 210.8  27.2 0.052313 0.023627 0.026694 hargrave 2024-04-17 11:11:27 
TT 375 004.5  23.9 000.5 -36.5 4.51E-06 003.8 267.7  28.7 0.010735 0.009435 0.027917 hargrave 2024-04-17 14:20:14 
TT 400 290.5 -27.4 271.9 -01.7 9.11E-06 001.7 236.1 -54.8 0.014455 0.017299 0.016339 hargrave 2024-04-18 11:19:22 
TT 420 280.1 -35.7 260.4  02.2 8.15E-06 000.8 230.9 -66.7 0.006957 0.007261 0.020082 hargrave 2024-04-18 15:12:13 
TT 430 292.1 -09.8 288.5  04.3 6.31E-06 001.3 225.2 -38.8 0.018484 0.009492 0.022133 hargrave 2024-04-19 09:44:24 
