MF16- 57b sun compass orientation
      0 150.1  45.0 301.0  67.0   1.0
NRM    001.8  77.9 025.0  12.4 2.90E-06 003.2 196.2  50.3 0.008551 0.013799 0.005843 hargrave 2024-04-12 20:22:55 
TT  50 345.9  72.5 018.5  10.2 9.13E-07 010.6 205.2  47.1 0.005441 0.013472 0.011287 hargrave 2024-04-15 11:22:30 
TT 100 205.0 -80.8 210.0 -13.8 1.88E-06 005.4 008.6 -52.2 0.011136 0.007721 0.011562 hargrave 2024-04-15 14:12:13 
TT 125 077.5 -76.0 199.0 -32.2 2.77E-06 004.2 004.9 -31.5 0.012255 0.010771 0.013633 hargrave 2024-04-15 17:24:30 
TT 150 086.5  72.7 045.5  12.6 1.36E-08 014.6 164.8  59.3 0.000212 0.000271 0.000213 hargrave 2024-04-15 20:00:23 
TT 150 056.5 -65.8 196.8 -44.2 2.17E-06 003.5 358.4 -20.9 0.013583 0.004040 0.008650 hargrave 2024-04-16 08:10:49 
TT 200 128.1 -73.3 193.4 -20.0 1.20E-06 005.4 019.4 -37.0 0.008002 0.008476 0.006158 hargrave 2024-04-16 11:32:16 
TT 250 300.7 -54.2 249.0 -18.3 2.04E-06 003.8 306.0 -50.9 0.008835 0.009613 0.008796 hargrave 2024-04-16 13:58:52 
TT 300 326.8 -72.1 229.6 -29.7 3.67E-06 003.7 335.0 -43.3 0.024451 0.008428 0.009523 hargrave 2024-04-16 17:03:23 
TT 325 004.8 -73.8 219.9 -37.3 4.87E-06 001.7 343.8 -34.5 0.021718 0.006103 0.004765 hargrave 2024-04-17 09:27:42 
TT 350 287.7 -69.5 231.9 -17.0 4.75E-06 003.0 332.4 -56.0 0.023341 0.012615 0.005820 hargrave 2024-04-17 12:34:30 
TT 375 196.0 -76.3 207.4 -09.7 5.47E-06 002.4 016.3 -53.9 0.024964 0.009159 0.008970 hargrave 2024-04-17 15:33:20 
