MF16- 65b sun compass orientation
      0 161.2  34.0 301.0  67.0   1.0
NRM    359.8  73.1 022.3  08.3 1.44E-05 002.6 211.0  57.7 0.054543 0.033363 0.016842 hargrave 2024-04-12 20:39:20 
TT  50 001.0  72.3 022.2  07.4 1.21E-05 002.4 212.7  57.9 0.041296 0.025063 0.016099 hargrave 2024-04-15 11:37:39 
TT 100 011.6  75.4 026.1  09.2 7.70E-06 002.4 206.5  60.9 0.027040 0.013757 0.011427 hargrave 2024-04-15 14:27:22 
TT 125 007.7  77.5 026.0  11.5 5.87E-06 002.2 202.5  59.7 0.019667 0.009672 0.008718 hargrave 2024-04-15 17:39:35 
TT 150 012.1  79.5 027.5  13.0 4.96E-06 002.2 198.3  60.2 0.016307 0.007967 0.008538 hargrave 2024-04-15 20:14:41 
TT 200 050.9  78.5 035.0  12.1 4.01E-06 001.9 190.0  66.5 0.011355 0.004695 0.006189 hargrave 2024-04-16 11:45:41 
TT 250 235.7  83.2 027.7  29.2 2.47E-06 002.4 177.2  49.4 0.009647 0.003028 0.004705 hargrave 2024-04-16 14:12:20 
TT 300 100.2  69.2 051.0  14.4 2.72E-06 001.4 147.1  71.6 0.005365 0.003980 0.005050 hargrave 2024-04-16 17:16:51 
TT 325 065.0  73.0 040.5  08.7 1.63E-06 002.7 186.1  72.8 0.004848 0.004345 0.007118 hargrave 2024-04-17 09:42:45 
TT 350 348.2  55.6 008.4 -03.4 1.80E-06 003.5 234.2  46.3 0.007658 0.005881 0.005613 hargrave 2024-04-17 12:49:39 
TT 375 211.3  78.7 030.9  34.3 1.67E-08 008.4 169.4  46.6 0.000228 0.000217 0.000180 hargrave 2024-04-17 15:48:49 
TT 375 047.0  57.4 039.6 -08.4 2.43E-06 003.3 253.7  76.7 0.009135 0.009994 0.004370 hargrave 2024-04-17 16:37:56 
TT 400 011.4  77.8 026.8  11.4 1.81E-06 002.5 201.8  60.4 0.006374 0.004502 0.002039 hargrave 2024-04-18 11:44:38 
TT 420 089.0  49.4 064.5 -01.1 2.28E-06 002.4 066.1  77.4 0.006300 0.007132 0.002354 hargrave 2024-04-18 15:41:21 
TT 430 057.2  45.3 050.0 -17.7 1.31E-06 003.0 314.7  76.1 0.004423 0.005021 0.003050 hargrave 2024-04-19 10:12:29 
