MF16- 62b sun compass orientation
      0 164.4  30.0 301.0  67.0   1.0
NRM    002.9  62.0 018.2 -02.0 1.32E-05 002.8 234.9  57.1 0.051738 0.037977 0.013656 hargrave 2024-04-12 20:34:22 
TT  50 356.0  63.0 015.9  00.4 1.22E-05 002.7 230.5  54.9 0.050581 0.034705 0.006413 hargrave 2024-04-15 11:29:50 
TT 100 001.0  56.7 014.9 -06.4 8.13E-06 002.8 241.8  53.3 0.034075 0.025765 0.005022 hargrave 2024-04-15 14:19:32 
TT 125 358.2  50.4 010.4 -11.1 6.07E-06 002.9 247.8  48.0 0.025739 0.020858 0.004871 hargrave 2024-04-15 17:31:49 
TT 150 005.5  46.1 012.8 -17.1 5.33E-06 003.0 257.5  48.5 0.021936 0.019606 0.004437 hargrave 2024-04-15 20:07:42 
TT 200 004.8  39.0 009.1 -23.3 3.74E-06 003.2 263.7  42.9 0.016356 0.015815 0.003917 hargrave 2024-04-16 11:39:32 
TT 250 003.6  25.7 000.7 -34.5 2.40E-06 003.2 272.7  31.6 0.009689 0.010904 0.004197 hargrave 2024-04-16 14:06:12 
TT 300 014.1  54.4 021.0 -11.3 9.40E-07 004.1 252.8  58.0 0.005533 0.004466 0.000750 hargrave 2024-04-16 17:10:41 
TT 325 017.7  42.8 020.4 -23.1 1.41E-06 004.5 270.9  52.2 0.008292 0.008977 0.001598 hargrave 2024-04-17 09:35:00 
TT 350 206.3  08.3 193.3  74.7 8.98E-07 002.7 131.2 -11.8 0.004725 0.002885 0.002789 hargrave 2024-04-17 12:41:50 
TT 375 230.3  09.7 268.4  67.2 9.15E-07 001.1 155.0 -17.7 0.002619 0.001268 0.002075 hargrave 2024-04-17 15:40:18 
TT 400 257.0  03.1 283.9  41.3 1.50E-06 000.9 182.9 -26.8 0.004758 0.000862 0.001800 hargrave 2024-04-18 11:41:31 
TT 420 234.2 -10.9 247.3  49.2 1.54E-06 001.4 154.2 -38.6 0.003507 0.000693 0.002927 hargrave 2024-04-18 15:38:17 
TT 430 212.5 -24.1 212.9  42.8 1.48E-06 001.7 122.2 -43.9 0.003274 0.002589 0.002431 hargrave 2024-04-19 10:09:21 
TT 440 210.8 -37.9 210.8  29.1 1.83E-06 001.8 109.0 -54.9 0.004702 0.003806 0.002126 hargrave 2024-04-19 13:42:27 
