MF16- 13a sun compass orientation
   98.5 170.1  43.0 301.0  67.0   1.0
NRM    019.5  72.5 027.5  05.9 2.22E-05 001.7 205.7  52.9 0.062550 0.029587 0.013214 hargrave 2023-11-22 15:34:03 
AF  10 013.2  72.0 025.6  05.8 2.02E-05 001.6 206.9  51.1 0.058167 0.026176 0.014309 hargrave 2023-11-22 15:35:23 
AF  20 010.6  71.6 024.7  05.7 1.89E-05 001.7 207.5  50.3 0.054071 0.026319 0.014465 hargrave 2023-11-22 15:36:44 
AF  30 013.0  71.1 025.2  04.9 1.76E-05 001.6 208.4  51.1 0.050367 0.025492 0.015024 hargrave 2023-11-22 15:38:05 
AF  40 015.9  71.3 026.2  04.8 1.66E-05 001.8 208.0  52.0 0.049019 0.023953 0.009378 hargrave 2023-11-22 15:39:27 
AF  50 016.4  71.2 026.3  04.7 1.57E-05 001.8 208.1  52.2 0.044533 0.022449 0.008906 hargrave 2023-11-22 15:40:48 
AF  60 015.3  69.8 025.6  03.5 1.47E-05 001.9 210.4  51.9 0.043884 0.021617 0.008747 hargrave 2023-11-22 15:42:09 
AF  70 015.5  69.7 025.6  03.3 1.40E-05 001.8 210.6  51.9 0.040497 0.019799 0.007994 hargrave 2023-11-22 15:43:34 
AF  80 014.1  70.5 025.4  04.3 1.33E-05 001.9 209.3  51.4 0.040869 0.019565 0.007950 hargrave 2023-11-22 15:44:55 
AF  90 014.0  70.8 025.5  04.5 1.26E-05 001.9 208.9  51.4 0.039064 0.018544 0.007487 hargrave 2023-11-22 15:46:16 
AF 100 010.4  69.3 023.9  03.5 1.19E-05 001.9 211.1  50.2 0.036590 0.018136 0.007179 hargrave 2023-11-22 15:47:36 
AF 110 016.2  72.7 026.6  06.2 1.15E-05 001.9 205.6  52.0 0.035461 0.016142 0.007250 hargrave 2023-11-22 15:48:57 
AF 120 016.4  74.5 027.1  07.9 1.10E-05 001.8 202.8  51.8 0.032379 0.014840 0.006033 hargrave 2023-11-22 15:50:18 
AF 130 022.9  74.9 028.9  08.1 1.13E-05 001.8 201.5  53.3 0.034653 0.014800 0.006913 hargrave 2023-11-22 15:51:39 
AF 140 018.6  73.7 027.5  07.1 1.08E-05 001.8 203.9  52.5 0.031047 0.014369 0.006699 hargrave 2023-11-22 15:53:00 
AF 150 022.2  73.9 028.6  07.1 1.03E-05 001.8 203.2  53.4 0.030568 0.013815 0.006531 hargrave 2023-11-22 15:54:21 
AF 160 015.6  73.9 026.8  07.5 1.01E-05 001.9 203.7  51.6 0.033040 0.014315 0.006528 hargrave 2023-11-22 15:55:49 
AF 170 026.0  73.5 029.6  06.5 9.38E-06 001.8 203.4  54.6 0.028165 0.012773 0.005195 hargrave 2023-11-22 15:57:09 
AF 180 019.1  74.3 027.8  07.6 9.80E-06 002.0 202.9  52.5 0.030473 0.016237 0.006138 hargrave 2023-11-22 15:58:33 
AF 190 030.9  71.4 031.0  04.4 9.52E-06 001.9 206.0  56.6 0.029179 0.012894 0.006234 hargrave 2023-11-22 15:59:53 
AF 200 033.9  73.9 031.8  06.9 8.69E-06 001.8 201.2  56.5 0.026718 0.010824 0.005614 hargrave 2023-11-22 16:01:14 
AF 220 025.1  68.4 028.8  01.6 7.86E-06 002.0 212.1  55.5 0.025023 0.012105 0.005969 hargrave 2023-11-22 16:02:34 
AF 240 040.5  69.0 034.4  02.3 7.22E-06 001.9 207.7  60.6 0.021864 0.009737 0.005691 hargrave 2023-11-22 16:03:55 
AF 260 042.8  72.2 034.6  05.6 5.97E-06 002.0 201.4  59.5 0.018716 0.008062 0.004912 hargrave 2023-11-22 16:05:19 
AF 280 025.7  73.0 029.4  06.1 6.64E-06 002.1 204.2  54.6 0.023181 0.009321 0.004229 hargrave 2023-11-22 16:06:40 
AF 300 006.5  75.2 024.8  09.4 5.91E-06 002.1 202.1  49.1 0.022701 0.008150 0.004549 hargrave 2023-11-22 16:08:04 
AF 320 029.2  83.5 030.8  16.6 5.63E-06 001.9 187.9  50.8 0.019670 0.006468 0.004792 hargrave 2023-11-22 16:09:26 
AF 340 065.9  75.7 039.3  11.1 5.49E-06 001.7 187.1  60.7 0.016131 0.004533 0.004011 hargrave 2023-11-22 16:10:46 
AF 360 045.6  79.5 033.7  12.9 5.48E-06 002.0 190.4  55.2 0.018550 0.006620 0.005485 hargrave 2023-11-22 16:12:07 
AF 380 005.2  70.1 022.5  04.9 4.61E-06 002.4 209.7  48.4 0.017960 0.007401 0.005411 hargrave 2023-11-22 16:13:28 
AF 400 353.5  69.7 018.7  06.5 4.83E-06 002.3 209.0  44.4 0.018682 0.008106 0.004185 hargrave 2023-11-22 16:14:49 
AF 420 057.0  66.3 041.1  01.5 4.64E-06 001.8 204.0  67.2 0.013427 0.005249 0.005344 hargrave 2023-11-22 16:16:09 
AF 440 026.6  70.8 029.5  03.9 4.43E-06 002.0 207.8  55.5 0.013516 0.005846 0.005711 hargrave 2023-11-22 16:17:31 
AF 460 340.4  77.4 021.0  14.7 3.72E-06 002.3 197.3  43.5 0.015667 0.004435 0.005496 hargrave 2023-11-22 16:18:51 
AF 480 344.4  73.2 018.6  11.0 4.91E-06 002.2 203.1  42.9 0.019246 0.007872 0.004573 hargrave 2023-11-22 16:20:12 
AF 500 022.9  77.4 029.2  10.5 3.92E-06 002.1 197.6  52.6 0.013899 0.004444 0.005384 hargrave 2023-11-22 16:21:33 
AF 520 359.7  60.6 016.2 -02.6 3.90E-06 002.4 222.1  43.9 0.014053 0.007781 0.003984 hargrave 2023-11-22 16:22:53 
AF 540 344.8  63.7 012.3  03.9 3.61E-06 002.7 214.5  38.9 0.014646 0.007086 0.006279 hargrave 2023-11-22 16:24:14 
AF 560 318.0  56.0 358.1  10.0 2.73E-06 002.6 211.2  23.8 0.011989 0.005318 0.004870 hargrave 2023-11-22 16:25:35 
AF 580 338.2  51.5 001.3 -02.3 3.11E-06 002.8 224.1  29.0 0.013106 0.007759 0.004891 hargrave 2023-11-22 16:26:56 
AF 600 311.6  55.8 356.5  13.2 3.86E-06 002.7 208.2  21.5 0.017985 0.007960 0.005973 hargrave 2023-11-22 16:28:16 
