MF16- 44b sun compass orientation
      0 146.4  23.0 301.0  67.0   1.0
NRM    012.8  56.3 020.9 -09.2 7.82E-06 001.9 276.8  67.3 0.017524 0.018323 0.005918 hargrave 2024-04-12 19:59:33 
TT  50 016.9  55.1 022.8 -10.9 7.75E-06 001.7 283.2  68.1 0.016248 0.016792 0.005749 hargrave 2024-04-15 10:58:28 
TT 100 016.6  47.7 020.9 -18.2 5.98E-06 001.8 293.5  62.0 0.012306 0.013046 0.005861 hargrave 2024-04-15 13:50:15 
TT 125 017.9  37.2 019.1 -28.6 4.32E-06 001.6 304.3  53.1 0.007009 0.009031 0.005807 hargrave 2024-04-15 17:01:08 
TT 150 017.2  37.5 018.6 -28.1 4.41E-06 001.4 303.2  53.2 0.006184 0.008283 0.005647 hargrave 2024-04-15 19:36:56 
TT 200 019.0  32.0 018.8 -33.9 4.03E-06 001.6 308.8  48.7 0.007042 0.009224 0.004711 hargrave 2024-04-16 11:08:08 
TT 250 005.5  21.2 359.7 -39.3 2.97E-06 002.1 298.9  34.2 0.007708 0.006763 0.003809 hargrave 2024-04-16 13:35:30 
TT 300 016.2  22.1 012.3 -42.6 3.08E-06 001.4 310.2  38.6 0.003573 0.007032 0.003107 hargrave 2024-04-16 16:41:45 
TT 325 020.8  36.8 021.6 -29.4 3.27E-06 002.0 308.0  53.7 0.007877 0.007935 0.003768 hargrave 2024-04-17 09:02:49 
TT 350 355.3  32.1 357.9 -25.2 3.01E-06 001.6 282.9  40.5 0.004626 0.006012 0.004838 hargrave 2024-04-17 12:09:31 
TT 375 010.2  37.2 012.5 -26.6 2.26E-06 001.8 295.2  50.6 0.005009 0.004687 0.003163 hargrave 2024-04-17 15:27:25 
TT 400 350.2  13.5 339.4 -35.9 1.78E-06 002.3 286.9  21.7 0.003075 0.004522 0.004772 hargrave 2024-04-18 11:32:34 
TT 420 024.1  68.0 028.4  01.2 2.69E-06 002.1 250.5  77.8 0.005832 0.007430 0.002258 hargrave 2024-04-18 15:26:52 
TT 430 349.7  27.8 350.7 -25.5 3.05E-06 002.3 279.8  34.4 0.007057 0.009013 0.005508 hargrave 2024-04-19 09:57:36 
