MF16- 5a sun compass orientation
   17.8 158.7  37.0 301.0  67.0   1.0
NRM    358.6  65.7 018.3  02.1 8.62E-06 002.0 221.5  54.3 0.027875 0.013253 0.002923 hargrave 2023-11-21 21:48:21 
AF  10 358.1  65.4 017.9  01.9 8.31E-06 001.9 222.0  54.0 0.026018 0.012533 0.003079 hargrave 2023-11-21 21:49:42 
AF  20 358.3  65.1 017.9  01.6 7.86E-06 002.0 222.4  54.1 0.025549 0.011700 0.003131 hargrave 2023-11-21 21:51:07 
AF  30 000.3  65.3 018.7  01.4 7.44E-06 002.0 222.6  54.9 0.023293 0.011294 0.003226 hargrave 2023-11-21 21:52:28 
AF  40 001.5  64.6 018.8  00.5 7.05E-06 001.9 224.0  55.2 0.021693 0.010417 0.002898 hargrave 2023-11-21 21:53:48 
AF  50 001.0  64.5 018.6  00.5 6.72E-06 002.0 224.0  55.0 0.020849 0.010417 0.002748 hargrave 2023-11-21 21:55:09 
AF  60 002.9  64.2 019.2 -00.1 6.23E-06 001.9 224.8  55.8 0.018919 0.009563 0.002527 hargrave 2023-11-21 21:56:30 
AF  70 002.9  64.1 019.2 -00.2 5.79E-06 002.0 224.9  55.7 0.017769 0.009231 0.002449 hargrave 2023-11-21 21:57:50 
AF  80 004.7  63.3 019.5 -01.3 5.33E-06 001.9 226.8  56.3 0.015841 0.008388 0.002606 hargrave 2023-11-21 21:59:11 
AF  90 004.9  62.3 019.2 -02.2 5.08E-06 001.9 228.5  56.2 0.015198 0.007923 0.002005 hargrave 2023-11-21 22:00:31 
AF 100 007.1  61.1 019.7 -03.7 4.78E-06 001.9 231.1  56.9 0.014100 0.007520 0.002815 hargrave 2023-11-21 22:01:52 
AF 110 009.9  62.4 021.4 -03.0 4.45E-06 001.9 229.3  58.4 0.012947 0.006784 0.002076 hargrave 2023-11-21 22:03:13 
AF 120 014.6  63.6 023.8 -02.5 4.26E-06 001.8 227.5  60.7 0.012059 0.006451 0.001773 hargrave 2023-11-21 22:04:34 
AF 130 012.1  62.1 022.2 -03.6 3.91E-06 001.9 230.2  59.4 0.011463 0.005886 0.001387 hargrave 2023-11-21 22:05:58 
AF 140 012.0  64.8 023.1 -00.9 3.82E-06 001.9 224.8  59.7 0.011342 0.005521 0.001771 hargrave 2023-11-21 22:07:18 
AF 150 012.4  61.2 022.1 -04.5 3.55E-06 001.9 232.0  59.4 0.010274 0.005492 0.001813 hargrave 2023-11-21 22:08:39 
AF 160 014.3  64.1 023.8 -01.9 3.32E-06 001.9 226.3  60.6 0.009698 0.004780 0.001916 hargrave 2023-11-21 22:09:59 
AF 170 015.1  58.6 022.7 -07.4 3.16E-06 001.8 237.6  60.2 0.008670 0.005164 0.001707 hargrave 2023-11-21 22:11:19 
AF 180 012.0  57.4 020.8 -08.1 2.75E-06 001.9 239.0  58.3 0.007915 0.004638 0.002156 hargrave 2023-11-21 22:12:40 
AF 190 005.3  54.6 016.3 -09.3 2.60E-06 002.0 241.3  53.8 0.007901 0.004828 0.001926 hargrave 2023-11-21 22:14:01 
AF 200 010.8  52.9 018.7 -12.1 2.51E-06 001.9 246.4  56.1 0.006862 0.004630 0.002045 hargrave 2023-11-21 22:15:21 
AF 220 030.5  56.8 030.7 -10.2 2.49E-06 001.6 244.8  68.0 0.005993 0.003680 0.001837 hargrave 2023-11-21 22:16:42 
AF 240 024.7  56.2 027.4 -10.6 2.53E-06 001.6 245.0  64.7 0.006266 0.003720 0.002606 hargrave 2023-11-21 22:18:03 
AF 260 017.9  57.0 023.8 -09.3 2.27E-06 001.8 241.5  61.3 0.006115 0.003373 0.002455 hargrave 2023-11-21 22:19:23 
AF 280 036.6  56.5 034.2 -10.3 2.66E-06 001.3 246.3  71.3 0.005366 0.002980 0.002654 hargrave 2023-11-21 22:20:44 
AF 300 033.4  52.8 032.5 -14.2 2.14E-06 001.4 256.3  68.9 0.004140 0.002976 0.002001 hargrave 2023-11-21 22:22:05 
AF 320 015.6  50.9 021.0 -14.8 2.11E-06 001.8 251.9  58.0 0.005544 0.003696 0.001905 hargrave 2023-11-21 22:23:25 
AF 340 017.3  52.7 022.5 -13.3 1.98E-06 001.6 249.5  59.6 0.004588 0.003109 0.002100 hargrave 2023-11-21 22:24:46 
AF 360 016.4  53.2 022.1 -12.7 1.63E-06 001.8 248.2  59.3 0.004177 0.002693 0.002308 hargrave 2023-11-21 22:26:07 
AF 380 047.1  43.5 043.5 -21.8 2.11E-06 001.3 294.9  72.9 0.002916 0.003403 0.002120 hargrave 2023-11-21 22:27:27 
AF 400 030.8  42.2 030.8 -24.8 1.75E-06 001.5 277.8  62.7 0.002915 0.003194 0.002529 hargrave 2023-11-21 22:28:49 
AF 420 043.4  34.2 043.1 -31.6 1.49E-06 001.4 306.2  64.0 0.001979 0.002522 0.002182 hargrave 2023-11-21 22:30:10 
AF 440 039.3  46.1 037.1 -20.5 1.79E-06 001.2 278.2  69.9 0.002571 0.002697 0.001922 hargrave 2023-11-21 22:31:30 
AF 460 041.7  34.7 041.3 -31.4 1.41E-06 001.7 303.0  63.6 0.002435 0.002849 0.002180 hargrave 2023-11-21 22:32:52 
AF 480 029.3  50.4 029.9 -16.6 1.38E-06 001.6 260.1  65.7 0.002770 0.002413 0.001995 hargrave 2023-11-21 22:34:12 
AF 500 034.4  46.2 033.5 -20.7 1.31E-06 001.5 273.3  67.0 0.002473 0.001856 0.002370 hargrave 2023-11-21 22:35:33 
AF 520 044.9  43.5 041.9 -22.2 1.28E-06 001.2 291.5  71.7 0.001940 0.001694 0.001865 hargrave 2023-11-21 22:36:53 
AF 540 062.9  47.9 052.4 -13.5 9.05E-07 001.5 321.8  83.7 0.001679 0.001562 0.001472 hargrave 2023-11-21 22:38:14 
AF 560 052.3  46.9 046.1 -17.5 9.18E-07 002.0 293.7  77.8 0.002386 0.001976 0.001571 hargrave 2023-11-21 22:39:34 
AF 580 026.8  44.9 027.8 -22.0 5.32E-07 002.7 269.5  61.7 0.001716 0.001874 0.001778 hargrave 2023-11-21 22:40:55 
AF 600 060.2  26.3 062.4 -33.1 7.47E-07 002.1 343.2  62.6 0.001443 0.002066 0.001774 hargrave 2023-11-21 22:42:16 
