MF16- 63b sun compass orientation
      0 156.1  34.0 301.0  67.0   1.0
NRM    019.4  68.5 026.8  01.9 9.87E-06 002.5 220.6  65.8 0.033793 0.023708 0.011011 hargrave 2024-04-12 20:35:56 
TT  50 025.1  74.4 029.4  07.5 8.80E-06 002.2 205.5  65.8 0.029578 0.017091 0.009689 hargrave 2024-04-15 11:31:38 
TT 100 032.2  72.0 031.4  05.0 5.66E-06 002.4 208.2  68.7 0.019801 0.013793 0.003766 hargrave 2024-04-15 14:21:22 
TT 125 043.5  72.4 034.8  05.8 4.14E-06 002.1 201.1  71.1 0.012604 0.008100 0.005182 hargrave 2024-04-15 17:33:37 
TT 150 051.6  70.8 037.7  04.9 3.50E-06 002.3 197.4  74.0 0.011541 0.008528 0.002473 hargrave 2024-04-15 20:09:31 
TT 200 057.4  70.3 039.7  05.1 2.38E-06 002.2 191.6  75.2 0.007458 0.006030 0.003661 hargrave 2024-04-16 11:41:20 
TT 250 073.3  46.9 058.8 -10.3 1.64E-06 002.3 029.1  79.9 0.004675 0.004332 0.003223 hargrave 2024-04-16 14:07:59 
TT 300 321.1  75.1 016.3  17.2 2.28E-06 002.6 202.7  49.8 0.010057 0.005041 0.002543 hargrave 2024-04-16 17:12:29 
TT 325 328.3  70.3 013.1  13.0 1.46E-06 003.4 210.6  49.0 0.007574 0.004358 0.003543 hargrave 2024-04-17 09:36:47 
TT 350 264.6  53.0 351.9  39.8 1.11E-06 002.0 191.7  20.1 0.004825 0.001789 0.001896 hargrave 2024-04-17 12:43:38 
TT 375 115.5  67.6 054.6  19.1 1.17E-06 002.5 137.2  64.8 0.004691 0.003041 0.000807 hargrave 2024-04-17 15:41:49 
TT 400 162.7  32.2 097.9  46.6 1.64E-06 001.4 114.2  22.8 0.003993 0.002073 0.001571 hargrave 2024-04-18 11:43:02 
TT 420 177.8  42.9 077.1  56.1 1.40E-06 001.4 131.6  24.4 0.003437 0.002797 0.001339 hargrave 2024-04-18 15:39:50 
TT 430 179.0  19.2 122.1  60.0 1.45E-06 000.5 119.3  03.9 0.002341 0.001999 0.000563 hargrave 2024-04-19 10:10:56 
TT 440 130.0  62.0 061.5  24.4 9.20E-07 002.7 127.5  57.9 0.003331 0.004101 0.002544 hargrave 2024-04-19 13:43:54 
