MF16- 57a sun compass orientation
      0 150.1  45.0 301.0  67.0   1.0
NRM    283.8  73.4 013.2  26.9 7.31E-06 004.7 193.5  32.1 0.056159 0.015704 0.033494 hargrave 2024-04-09 18:15:45 
AF  10 278.3  73.1 013.2  28.5 6.82E-06 004.9 192.1  31.0 0.053667 0.015480 0.033182 hargrave 2024-04-09 18:17:06 
AF  20 277.5  70.5 010.4  29.4 6.46E-06 005.0 193.4  28.6 0.052385 0.015166 0.033846 hargrave 2024-04-09 18:18:26 
AF  30 271.1  73.5 014.4  30.3 6.07E-06 005.1 189.8  30.4 0.049878 0.012462 0.033007 hargrave 2024-04-09 18:19:47 
AF  40 280.2  77.7 018.1  26.8 5.80E-06 005.3 189.6  35.2 0.045783 0.012390 0.032595 hargrave 2024-04-09 18:21:08 
AF  50 274.5  75.7 016.4  28.7 5.57E-06 005.3 189.6  32.7 0.045127 0.011738 0.031037 hargrave 2024-04-09 18:22:29 
AF  60 269.7  74.9 016.1  30.1 5.61E-06 005.2 188.7  31.5 0.045777 0.010114 0.031074 hargrave 2024-04-09 18:23:49 
AF  70 260.1  75.8 018.4  31.8 5.02E-06 005.4 185.6  31.5 0.041650 0.009632 0.029294 hargrave 2024-04-09 18:25:10 
AF  80 244.1  73.5 019.9  36.4 4.71E-06 005.2 181.3  28.5 0.040043 0.008784 0.026763 hargrave 2024-04-09 18:26:31 
AF  90 254.2  73.5 017.3  34.5 4.16E-06 005.6 184.5  28.8 0.034732 0.007852 0.026370 hargrave 2024-04-09 18:27:52 
AF 100 227.0  70.0 023.7  42.1 3.80E-06 006.1 175.1  25.4 0.032843 0.009932 0.027908 hargrave 2024-04-09 18:29:12 
AF 110 216.8  69.0 028.1  43.8 3.64E-06 006.1 171.0  25.3 0.031116 0.010058 0.026554 hargrave 2024-04-09 18:30:34 
AF 120 164.9  65.7 053.1  38.2 3.21E-06 005.9 151.1  34.8 0.022971 0.014488 0.020720 hargrave 2024-04-09 18:31:55 
AF 130 128.3  70.3 052.5  24.0 3.11E-06 005.3 151.5  49.0 0.019036 0.014619 0.019937 hargrave 2024-04-09 18:33:16 
AF 140 155.5  65.2 055.9  35.0 3.11E-06 005.3 148.1  37.9 0.018516 0.014962 0.018352 hargrave 2024-04-09 18:34:37 
AF 150 180.6  74.1 040.9  36.4 3.39E-06 005.8 163.1  35.6 0.025819 0.012348 0.021259 hargrave 2024-04-09 18:35:58 
AF 160 183.6  88.7 031.7  24.2 3.04E-06 005.8 178.5  44.3 0.022067 0.011792 0.019359 hargrave 2024-04-09 18:37:19 
AF 170 011.1  80.3 027.6  13.8 2.01E-06 007.3 191.6  50.8 0.013259 0.011414 0.020178 hargrave 2024-04-09 18:38:40 
AF 180 103.1  78.4 042.7  19.0 2.52E-06 006.0 166.8  52.8 0.016067 0.013355 0.018140 hargrave 2024-04-09 18:40:01 
AF 190 039.6  55.2 036.0 -11.5 1.88E-06 005.6 224.8  73.5 0.008508 0.011537 0.016620 hargrave 2024-04-09 18:41:22 
AF 200 018.6  79.9 028.8  13.1 2.07E-06 006.1 190.9  52.1 0.011977 0.010155 0.016765 hargrave 2024-04-09 18:42:43 
AF 220 089.0  79.2 040.5  17.0 1.80E-06 006.7 171.2  54.1 0.010536 0.007269 0.019818 hargrave 2024-04-09 18:44:04 
AF 240 030.8  59.0 030.9 -08.0 2.08E-06 004.9 221.2  67.5 0.010373 0.008421 0.015983 hargrave 2024-04-09 18:45:25 
AF 260 083.0  39.1 069.6 -11.2 2.39E-06 003.4 078.8  72.0 0.008977 0.015008 0.014934 hargrave 2024-04-09 18:46:46 
AF 280 078.0  53.8 056.6 -03.1 1.91E-06 004.1 133.8  75.4 0.007681 0.010439 0.014271 hargrave 2024-04-09 18:48:06 
AF 300 126.3  53.4 070.6  21.4 2.33E-06 004.9 126.1  47.5 0.011167 0.012583 0.013536 hargrave 2024-04-09 18:49:27 
AF 320 104.6  18.2 097.7 -07.2 1.83E-06 004.3 068.8  44.4 0.006622 0.013743 0.012566 hargrave 2024-04-09 18:50:48 
AF 340 113.7  51.8 070.1  13.6 1.28E-06 006.4 120.8  54.6 0.007770 0.009720 0.013064 hargrave 2024-04-09 18:52:08 
AF 360 131.4 -03.9 128.7  08.0 1.52E-06 007.5 073.8  10.2 0.009327 0.012668 0.017535 hargrave 2024-04-09 18:53:29 
AF 380 079.3  61.4 051.9  02.9 2.71E-06 003.0 152.5  70.1 0.008689 0.008886 0.014062 hargrave 2024-04-09 18:54:50 
AF 400 168.3  18.7 118.9  50.0 1.95E-06 006.1 115.9  01.0 0.007800 0.014129 0.018793 hargrave 2024-04-09 18:56:11 
AF 420 127.0  30.2 094.6  16.2 4.19E-06 003.0 098.3  36.5 0.006814 0.027962 0.015782 hargrave 2024-04-09 18:57:32 
AF 440 121.5  45.7 077.8  16.6 2.91E-06 004.2 113.7  47.9 0.010799 0.014346 0.021165 hargrave 2024-04-09 18:58:52 
AF 460 147.4  37.1 090.7  34.2 3.68E-06 004.1 116.7  26.9 0.012157 0.024297 0.019001 hargrave 2024-04-09 19:00:13 
AF 480 117.3  43.9 078.6  13.2 4.43E-06 002.7 109.4  50.0 0.006849 0.022140 0.018810 hargrave 2024-04-09 19:01:34 
AF 500 134.1  31.3 095.2  22.4 4.80E-06 002.4 103.7  32.3 0.010544 0.032305 0.013939 hargrave 2024-04-09 19:02:55 
AF 520 144.5  13.0 117.4  26.4 3.66E-06 002.5 095.4  13.1 0.004989 0.028327 0.015283 hargrave 2024-04-09 19:04:15 
AF 540 156.1  13.8 120.9  37.4 4.26E-06 002.6 104.0  05.6 0.005102 0.030040 0.017477 hargrave 2024-04-09 19:05:36 
AF 560 157.8  31.1 099.1  42.4 2.25E-06 004.5 117.8  16.5 0.002782 0.011416 0.016275 hargrave 2024-04-09 19:06:57 
AF 580 146.8  00.4 131.3  23.7 5.29E-06 002.0 087.9  02.6 0.011463 0.038560 0.012802 hargrave 2024-04-09 19:08:18 
AF 600 150.1  37.3 090.7  36.4 3.07E-06 004.1 118.3  25.3 0.008180 0.020121 0.015457 hargrave 2024-04-09 19:09:39 
AF 650 149.6 -11.1 143.7  20.9 3.48E-06 003.5 081.8 -07.4 0.012133 0.024141 0.016537 hargrave 2024-04-09 19:11:00 
AF 700 115.4  03.3 115.8 -03.9 1.10E-06 009.8 066.2  26.3 0.010992 0.010957 0.012375 hargrave 2024-04-09 19:13:56 
AF 750 112.1 -28.9 145.3 -18.3 3.62E-06 005.0 043.7  02.3 0.027325 0.019879 0.009743 hargrave 2024-04-09 19:15:17 
AF 800 047.8  04.7 063.7 -57.8 3.03E-06 003.1 341.4  48.3 0.016674 0.009084 0.014289 hargrave 2024-04-09 19:16:38 
AF 850 120.3 -16.0 135.5 -06.8 3.92E-06 004.1 057.4  08.2 0.019357 0.024903 0.010963 hargrave 2024-04-09 19:17:59 
AF 900 109.3 -01.5 117.8 -11.4 2.47E-06 004.3 057.5  26.3 0.011952 0.015763 0.006366 hargrave 2024-04-09 19:19:20 
AF 950 084.3 -45.3 162.0 -41.7 2.78E-06 004.4 016.8 -02.8 0.024413 0.008942 0.014717 hargrave 2024-04-09 19:20:41 
AF1000 100.9 -03.7 116.5 -20.0 3.06E-06 004.5 048.3  29.2 0.020081 0.022399 0.007957 hargrave 2024-04-09 19:22:04 
