MF16- 59a sun compass orientation
      0 154.1  33.0 301.0  67.0   1.0
NRM    271.3  82.7 023.9  26.5 1.41E-05 002.7 185.2  50.4 0.072197 0.030766 0.006136 hargrave 2024-04-09 20:30:28 
AF  10 277.2  82.3 023.2  25.9 1.35E-05 002.7 186.6  50.4 0.069617 0.028579 0.005609 hargrave 2024-04-09 20:31:48 
AF  20 278.0  81.9 022.7  25.9 1.27E-05 002.8 187.0  50.1 0.066372 0.026882 0.005218 hargrave 2024-04-09 20:33:09 
AF  30 274.6  81.1 022.1  26.7 1.20E-05 002.8 186.9  49.1 0.064786 0.026765 0.004968 hargrave 2024-04-09 20:34:29 
AF  40 270.4  80.7 021.9  27.5 1.12E-05 002.8 186.2  48.4 0.061198 0.023286 0.004889 hargrave 2024-04-09 20:35:48 
AF  50 265.9  80.0 021.7  28.5 1.07E-05 002.8 185.5  47.5 0.059655 0.022600 0.004332 hargrave 2024-04-09 20:37:08 
AF  60 263.8  79.0 020.9  29.3 1.02E-05 002.8 185.4  46.5 0.057168 0.021435 0.004246 hargrave 2024-04-09 20:38:28 
AF  70 261.4  78.3 020.6  30.1 9.82E-06 002.7 185.0  45.7 0.054943 0.019121 0.003680 hargrave 2024-04-09 20:39:48 
AF  80 256.9  79.8 022.6  29.9 9.00E-06 002.7 183.3  47.0 0.050313 0.017932 0.002842 hargrave 2024-04-09 20:41:08 
AF  90 255.2  77.0 020.3  32.0 8.61E-06 002.7 183.5  44.2 0.049814 0.016720 0.003026 hargrave 2024-04-09 20:42:28 
AF 100 261.7  73.7 016.1  32.6 8.27E-06 002.8 186.5  41.3 0.049854 0.017612 0.003241 hargrave 2024-04-09 20:43:48 
AF 110 264.5  74.1 016.0  31.7 8.16E-06 002.8 187.4  41.8 0.048968 0.018428 0.002546 hargrave 2024-04-09 20:45:08 
AF 120 266.6  71.8 013.2  32.3 7.47E-06 002.9 189.0  39.7 0.045822 0.017408 0.002849 hargrave 2024-04-09 20:46:28 
AF 130 251.8  76.2 020.3  33.1 7.02E-06 002.8 182.5  43.3 0.042508 0.015029 0.003302 hargrave 2024-04-09 20:47:48 
AF 140 245.1  72.6 018.9  37.0 7.31E-06 002.6 180.4  39.6 0.043741 0.013166 0.003782 hargrave 2024-04-09 20:49:08 
AF 150 250.1  72.4 017.3  36.1 7.02E-06 002.7 182.3  39.4 0.043020 0.013784 0.003974 hargrave 2024-04-09 20:50:27 
AF 160 234.5  70.1 020.6  40.9 6.38E-06 002.5 175.9  37.3 0.039257 0.010837 0.003770 hargrave 2024-04-09 20:51:49 
AF 170 243.4  72.8 019.6  37.1 6.20E-06 002.7 179.7  39.8 0.038127 0.011799 0.002581 hargrave 2024-04-09 20:53:09 
AF 180 233.9  70.8 021.4  40.4 6.68E-06 002.5 175.8  38.0 0.040354 0.010990 0.004394 hargrave 2024-04-09 20:54:28 
AF 190 237.5  69.6 019.2  40.8 6.07E-06 002.5 177.1  36.7 0.037455 0.011085 0.004368 hargrave 2024-04-09 20:55:48 
AF 200 238.8  69.1 018.3  41.0 6.14E-06 002.5 177.7  36.2 0.037588 0.011076 0.004171 hargrave 2024-04-09 20:57:08 
AF 220 228.1  67.5 022.0  44.3 5.43E-06 002.3 172.6  35.1 0.032769 0.008083 0.005188 hargrave 2024-04-09 20:58:29 
AF 240 221.9  62.2 023.1  50.1 5.42E-06 002.0 168.2  30.4 0.032055 0.007454 0.005249 hargrave 2024-04-09 20:59:49 
AF 260 245.2  65.0 012.2  42.5 4.86E-06 002.3 180.6  32.0 0.031496 0.009235 0.003771 hargrave 2024-04-09 21:01:09 
AF 280 243.9  67.1 014.6  41.4 4.44E-06 002.3 179.9  34.1 0.028147 0.008256 0.004837 hargrave 2024-04-09 21:02:29 
AF 300 210.4  53.7 031.7  59.3 4.30E-06 002.0 158.9  24.0 0.025974 0.007881 0.005937 hargrave 2024-04-09 21:03:49 
AF 320 234.4  61.6 014.5  48.2 4.10E-06 002.1 174.7  28.8 0.026787 0.008121 0.007098 hargrave 2024-04-09 21:05:09 
AF 340 247.6  54.3 359.4  48.5 4.36E-06 002.1 182.2  21.4 0.029952 0.010515 0.005715 hargrave 2024-04-09 21:06:28 
AF 360 236.6  45.8 354.9  59.2 4.22E-06 001.4 174.7  13.0 0.029639 0.008303 0.007316 hargrave 2024-04-09 21:07:48 
AF 380 241.0  55.7 004.6  50.6 4.08E-06 001.9 178.1  22.7 0.028315 0.008377 0.005596 hargrave 2024-04-09 21:09:08 
AF 400 248.9  47.9 350.2  51.0 3.96E-06 001.9 183.3  15.0 0.029734 0.009004 0.006698 hargrave 2024-04-09 21:10:27 
AF 420 222.6  47.4 013.1  63.9 4.10E-06 001.5 165.0  16.0 0.028306 0.006755 0.009546 hargrave 2024-04-09 21:11:47 
AF 440 246.9  45.3 347.3  53.4 3.87E-06 001.7 182.0  12.3 0.028393 0.008201 0.006794 hargrave 2024-04-09 21:13:07 
AF 460 239.0  32.4 328.0  63.6 3.64E-06 001.7 175.7 -00.5 0.026912 0.007216 0.008995 hargrave 2024-04-09 21:14:26 
AF 480 252.1  39.4 336.1  51.6 4.33E-06 002.0 186.2  06.7 0.032670 0.010008 0.007253 hargrave 2024-04-09 21:15:45 
AF 500 231.3  44.0 357.4  63.2 4.36E-06 001.1 170.6  11.6 0.030461 0.006827 0.007725 hargrave 2024-04-09 21:17:04 
AF 520 225.4  48.1 009.9  62.4 4.18E-06 001.4 167.1  16.2 0.028735 0.007566 0.008816 hargrave 2024-04-09 21:18:23 
AF 540 219.7  51.9 020.1  60.4 4.27E-06 001.6 164.2  20.7 0.026984 0.005524 0.009886 hargrave 2024-04-09 21:19:42 
AF 560 202.4  42.0 049.8  69.7 3.99E-06 002.2 149.2  15.0 0.021204 0.008378 0.009066 hargrave 2024-04-09 21:21:01 
AF 580 234.8  34.4 335.0  66.3 4.68E-06 000.9 172.4  01.7 0.031113 0.007493 0.006699 hargrave 2024-04-09 21:22:21 
AF 600 227.7  27.5 321.1  74.2 4.00E-06 001.5 165.5 -04.4 0.025378 0.007901 0.007858 hargrave 2024-04-09 21:23:40 
AF 650 220.5  31.6 348.6  77.9 4.07E-06 001.7 160.1  00.8 0.026070 0.007747 0.008792 hargrave 2024-04-09 21:24:59 
AF 700 221.4  18.3 277.1  79.2 3.74E-06 002.3 157.9 -12.3 0.021760 0.005950 0.010857 hargrave 2024-04-09 21:26:18 
AF 750 232.3  27.5 318.7  70.2 3.53E-06 001.5 169.5 -04.9 0.022997 0.007027 0.007157 hargrave 2024-04-09 21:27:38 
AF 800 204.0  43.3 045.2  68.9 3.50E-06 002.5 150.9  15.7 0.019731 0.008064 0.009624 hargrave 2024-04-09 21:28:57 
AF 850 228.8  35.3 343.6  70.2 4.24E-06 001.3 167.6  03.2 0.028635 0.006100 0.009263 hargrave 2024-04-09 21:30:17 
AF 900 224.7  35.9 351.3  72.5 1.82E-06 003.2 164.3  04.3 0.012084 0.004824 0.008860 hargrave 2024-04-09 21:31:37 
AF 950 227.8  19.2 290.4  73.9 2.50E-06 002.7 164.2 -12.6 0.015876 0.003676 0.009926 hargrave 2024-04-09 21:32:57 
AF1000 241.3  21.0 302.8  61.9 2.54E-06 003.1 177.3 -11.9 0.018637 0.007671 0.009839 hargrave 2024-04-09 21:34:17 
