MF16- 73b mag compass orientation (IGRF corrected)
      0 144.1  28.0 301.0  67.0   1.0
NRM    018.3  68.5 026.4  02.0 1.36E-05 002.3 230.9  74.0 0.042668 0.033997 0.010074 hargrave 2024-04-12 20:56:31 
TT  50 013.3  69.4 024.9  03.2 8.90E-06 002.1 228.5  72.1 0.026848 0.019813 0.006890 hargrave 2024-04-15 11:49:50 
TT 100 031.2  69.0 031.1  02.0 4.57E-06 002.1 223.6  78.3 0.014309 0.009507 0.005317 hargrave 2024-04-15 14:39:39 
TT 125 038.8  71.4 033.5  04.6 3.16E-06 001.7 205.8  78.9 0.008635 0.005130 0.003518 hargrave 2024-04-15 17:51:49 
TT 150 069.7  66.6 045.4  04.2 2.23E-06 001.5 131.2  81.8 0.005328 0.003487 0.004216 hargrave 2024-04-15 20:27:00 
TT 200 112.4  48.4 073.1  11.6 1.82E-06 001.2 094.3  55.5 0.003337 0.001611 0.003665 hargrave 2024-04-16 11:57:56 
TT 250 036.5 -45.1 200.9 -67.4 1.51E-06 002.7 347.0 -18.0 0.006060 0.005206 0.004396 hargrave 2024-04-16 14:24:33 
TT 300 061.0  59.9 045.5 -03.5 1.61E-06 002.2 061.2  86.1 0.005070 0.003050 0.003300 hargrave 2024-04-16 17:29:01 
TT 325 209.2  80.3 031.4  32.7 2.34E-08 005.0 173.2  52.8 0.000194 0.000193 0.000180 hargrave 2024-04-17 09:58:08 
TT 325 163.5  03.0 137.4  39.9 1.75E-06 000.4 108.6 -06.3 0.001207 0.001913 0.000845 hargrave 2024-04-17 10:32:37 
TT 350 108.9  80.8 040.7  20.8 4.02E-07 004.1 161.0  66.2 0.002194 0.001118 0.002230 hargrave 2024-04-17 13:01:53 
