MF16- 68a mag compass orientation (IGRF corrected)
      0 153.1  21.0 301.0  67.0   1.0
NRM    347.5  72.2 018.7  09.6 6.08E-06 002.6 227.7  66.4 0.022551 0.016611 0.005955 hargrave 2024-04-11 17:33:14 
AF  10 347.1  72.4 018.7  09.9 5.87E-06 002.6 227.1  66.3 0.021851 0.016339 0.006309 hargrave 2024-04-11 17:34:34 
AF  20 345.8  71.5 017.8  09.5 5.62E-06 002.6 228.5  65.5 0.020100 0.014992 0.006794 hargrave 2024-04-11 17:35:55 
AF  30 345.6  71.1 017.5  09.2 5.41E-06 002.5 229.2  65.3 0.019232 0.014378 0.006304 hargrave 2024-04-11 17:37:16 
AF  40 343.0  70.7 016.6  09.5 5.20E-06 002.6 228.8  64.4 0.019187 0.014624 0.006053 hargrave 2024-04-11 17:38:36 
AF  50 345.9  71.5 017.8  09.5 4.98E-06 002.6 228.4  65.6 0.017793 0.013753 0.005831 hargrave 2024-04-11 17:39:57 
AF  60 340.9  70.6 016.0  09.9 4.88E-06 002.6 228.1  63.7 0.017895 0.013281 0.005016 hargrave 2024-04-11 17:41:18 
AF  70 340.9  70.3 015.8  09.7 4.65E-06 002.8 228.6  63.6 0.018493 0.014046 0.005340 hargrave 2024-04-11 17:42:38 
AF  80 341.1  71.5 016.7  10.5 4.49E-06 002.6 226.5  64.3 0.016577 0.012456 0.004171 hargrave 2024-04-11 17:43:59 
AF  90 340.4  70.1 015.5  09.7 4.14E-06 002.6 228.6  63.3 0.015131 0.011388 0.004675 hargrave 2024-04-11 17:45:20 
AF 100 336.2  70.0 014.5  10.7 4.02E-06 002.7 226.9  62.1 0.015401 0.011790 0.003804 hargrave 2024-04-11 17:46:40 
AF 110 343.7  68.6 015.3  07.8 3.88E-06 002.7 232.9  63.3 0.014552 0.011910 0.003987 hargrave 2024-04-11 17:48:01 
AF 120 339.5  71.2 016.1  10.6 3.55E-06 002.7 226.4  63.7 0.013869 0.010924 0.003066 hargrave 2024-04-11 17:49:21 
AF 130 340.9  70.9 016.2  10.1 3.34E-06 002.9 227.6  63.9 0.013512 0.010561 0.003440 hargrave 2024-04-11 17:50:42 
AF 140 345.1  69.9 016.6  08.5 3.44E-06 002.9 231.2  64.5 0.013734 0.011338 0.003704 hargrave 2024-04-11 17:52:03 
AF 150 332.1  73.6 016.6  13.9 3.26E-06 002.6 219.0  63.4 0.012269 0.009005 0.002618 hargrave 2024-04-11 17:53:23 
AF 160 342.1  73.3 018.2  11.6 3.32E-06 002.9 223.2  65.6 0.013286 0.010436 0.003340 hargrave 2024-04-11 17:54:44 
AF 170 328.7  70.3 013.1  12.9 3.04E-06 002.8 223.0  60.4 0.012548 0.009313 0.002576 hargrave 2024-04-11 17:56:05 
AF 180 337.4  73.4 017.4  12.6 3.27E-06 002.5 221.3  64.5 0.011856 0.009229 0.003063 hargrave 2024-04-11 17:57:25 
AF 190 343.4  71.5 017.2  10.0 2.85E-06 003.0 227.5  64.9 0.011807 0.009782 0.003023 hargrave 2024-04-11 17:58:46 
AF 200 347.6  75.3 020.7  12.0 2.98E-06 002.5 220.6  67.8 0.009943 0.009272 0.003033 hargrave 2024-04-11 18:00:10 
AF 220 357.7  76.4 023.4  11.4 2.71E-06 002.9 219.9  70.4 0.010623 0.009641 0.002568 hargrave 2024-04-11 18:01:31 
AF 240 343.6  77.1 021.3  14.0 2.45E-06 002.7 215.1  67.6 0.009213 0.007934 0.001623 hargrave 2024-04-11 18:02:51 
AF 260 327.2  77.3 019.1  17.0 2.57E-06 002.5 210.6  64.5 0.009679 0.007321 0.001634 hargrave 2024-04-11 18:04:12 
AF 280 346.5  74.5 019.9  11.6 2.28E-06 002.8 222.2  67.2 0.008922 0.007688 0.001688 hargrave 2024-04-11 18:05:32 
AF 300 345.1  68.6 015.7  07.5 2.33E-06 002.9 233.5  63.7 0.008898 0.008377 0.002899 hargrave 2024-04-11 18:06:52 
AF 320 349.2  70.3 017.9  07.8 2.19E-06 003.5 232.4  65.8 0.010419 0.009317 0.001721 hargrave 2024-04-11 18:08:13 
AF 340 349.5  67.1 016.0  05.2 2.20E-06 002.9 238.7  64.0 0.008795 0.007980 0.002244 hargrave 2024-04-11 18:09:34 
AF 360 318.7  70.4 011.6  15.9 1.73E-06 003.0 218.1  58.2 0.007539 0.005974 0.001282 hargrave 2024-04-11 18:10:54 
AF 380 318.2  67.0 008.3  14.7 1.48E-06 003.8 221.7  55.4 0.008034 0.006344 0.001637 hargrave 2024-04-11 18:12:15 
AF 400 309.4  72.6 012.7  19.4 1.65E-06 002.8 211.1  58.0 0.006841 0.005240 0.001298 hargrave 2024-04-11 18:13:36 
AF 420 332.8  79.7 021.8  17.3 1.88E-06 003.2 206.9  66.7 0.008329 0.006968 0.001508 hargrave 2024-04-11 18:14:56 
AF 440 285.8  68.0 007.0  26.9 1.52E-06 002.4 203.3  50.0 0.006051 0.003922 0.001512 hargrave 2024-04-11 18:16:17 
AF 460 269.3  65.9 006.3  33.6 2.05E-06 002.7 195.1  46.1 0.009900 0.005343 0.000687 hargrave 2024-04-11 18:17:37 
AF 480 259.5  67.7 010.3  36.4 1.20E-06 002.6 189.1  47.1 0.005011 0.003935 0.000611 hargrave 2024-04-11 18:19:01 
AF 500 264.1  62.0 002.9  37.2 1.46E-06 002.5 193.1  41.9 0.006146 0.004033 0.000782 hargrave 2024-04-11 18:20:21 
AF 520 268.9  66.6 007.2  33.6 1.34E-06 003.0 194.6  46.8 0.006454 0.004613 0.000790 hargrave 2024-04-11 18:21:42 
AF 540 215.4  66.9 028.5  46.0 1.24E-06 002.3 164.4  47.3 0.005320 0.003828 0.001285 hargrave 2024-04-11 18:23:02 
AF 560 271.1  47.3 343.8  36.7 1.22E-06 003.1 201.2  28.2 0.006599 0.003705 0.001952 hargrave 2024-04-11 18:24:22 
AF 580 249.4  55.3 359.7  47.1 1.51E-06 002.0 184.3  34.3 0.005891 0.003395 0.001339 hargrave 2024-04-11 18:25:43 
AF 600 291.9  67.5 006.4  24.6 9.71E-07 002.3 207.0  50.5 0.003489 0.002639 0.001064 hargrave 2024-04-11 18:27:03 
AF 650 306.6  34.4 334.9  08.4 1.01E-06 004.2 233.5  23.3 0.007296 0.004807 0.001101 hargrave 2024-04-11 18:28:23 
AF 700 308.1  43.2 343.6  10.6 9.01E-07 004.0 231.1  31.9 0.004710 0.003620 0.002545 hargrave 2024-04-11 18:29:43 
AF 750 313.2  32.4 335.3  02.6 9.29E-07 003.4 239.9  23.4 0.004950 0.003437 0.001560 hargrave 2024-04-11 18:31:03 
AF 800 283.1  31.6 326.2  26.5 1.32E-06 003.1 214.4  14.8 0.007211 0.003926 0.001912 hargrave 2024-04-11 18:32:24 
AF 850 331.8  46.6 354.8 -02.3 1.09E-06 003.5 248.1  42.3 0.005391 0.004834 0.001369 hargrave 2024-04-11 18:33:44 
AF 900 339.8  61.7 009.3  04.1 1.41E-06 003.7 240.7  57.4 0.006950 0.005466 0.002568 hargrave 2024-04-11 18:35:05 
AF 950 069.7  34.5 064.7 -21.8 6.79E-07 004.4 009.6  55.3 0.002593 0.004073 0.001907 hargrave 2024-04-11 18:36:26 
AF1000 035.8  70.9 032.6  04.0 5.74E-07 005.2 245.9  80.5 0.003246 0.004068 0.000738 hargrave 2024-04-11 18:37:47 
