MF16- 12a sun compass orientation
   82.7 188.3  53.0 301.0  67.0   1.0
NRM    337.3  68.7 013.8  09.6 1.31E-05 002.1 199.9  24.3 0.048161 0.027610 0.012026 hargrave 2023-11-22 14:22:33 
AF  10 337.3  68.4 013.5  09.4 1.27E-05 002.0 200.2  24.1 0.047009 0.023949 0.011551 hargrave 2023-11-22 14:23:54 
AF  20 338.9  68.2 013.8  08.8 1.22E-05 002.0 200.8  24.4 0.043360 0.023610 0.011490 hargrave 2023-11-22 14:25:14 
AF  30 339.3  67.9 013.6  08.4 1.18E-05 002.1 201.2  24.3 0.044743 0.022407 0.011014 hargrave 2023-11-22 14:26:35 
AF  40 339.0  67.4 013.2  08.2 1.13E-05 002.1 201.5  23.9 0.043586 0.021738 0.010286 hargrave 2023-11-22 14:27:55 
AF  50 336.4  67.6 012.7  09.1 1.08E-05 002.1 200.6  23.3 0.042059 0.021023 0.009774 hargrave 2023-11-22 14:29:16 
AF  60 335.8  68.1 012.9  09.6 1.03E-05 002.0 200.1  23.5 0.038384 0.019948 0.009791 hargrave 2023-11-22 14:30:36 
AF  70 334.7  68.2 012.7  10.0 9.91E-06 002.1 199.7  23.2 0.038618 0.020068 0.009236 hargrave 2023-11-22 14:31:57 
AF  80 333.7  68.2 012.5  10.3 9.64E-06 002.1 199.4  23.0 0.039018 0.018792 0.009386 hargrave 2023-11-22 14:33:18 
AF  90 336.0  68.7 013.4  09.9 9.26E-06 002.2 199.7  23.9 0.037746 0.018756 0.008872 hargrave 2023-11-22 14:34:38 
AF 100 332.8  67.0 011.3  09.8 8.50E-06 002.2 200.1  21.9 0.035736 0.017459 0.008388 hargrave 2023-11-22 14:35:58 
AF 110 329.9  67.0 010.6  10.7 8.47E-06 002.2 199.2  21.1 0.035679 0.017383 0.008024 hargrave 2023-11-22 14:37:19 
AF 120 330.1  67.1 010.8  10.7 8.31E-06 002.2 199.1  21.3 0.035021 0.016735 0.008498 hargrave 2023-11-22 14:38:39 
AF 130 327.1  67.6 010.5  11.9 7.55E-06 002.2 197.9  20.8 0.032961 0.015794 0.007390 hargrave 2023-11-22 14:40:00 
AF 140 326.6  67.8 010.6  12.2 7.36E-06 002.2 197.6  20.9 0.032252 0.015020 0.007285 hargrave 2023-11-22 14:41:20 
AF 150 327.1  65.6 008.8  10.9 7.08E-06 002.3 199.2  19.3 0.031479 0.014964 0.007357 hargrave 2023-11-22 14:42:40 
AF 160 328.1  64.2 007.8  09.7 6.75E-06 002.3 200.6  18.5 0.030909 0.014478 0.006485 hargrave 2023-11-22 14:44:01 
AF 170 321.8  64.8 006.9  12.4 6.66E-06 002.2 197.9  17.3 0.030547 0.014415 0.006634 hargrave 2023-11-22 14:45:21 
AF 180 327.2  65.2 008.5  10.6 6.22E-06 002.3 199.5  19.1 0.028998 0.013341 0.006295 hargrave 2023-11-22 14:46:42 
AF 190 321.8  66.7 008.6  13.3 5.47E-06 002.3 196.7  18.9 0.026302 0.012108 0.005676 hargrave 2023-11-22 14:48:03 
AF 200 326.0  65.4 008.4  11.1 5.63E-06 002.3 199.0  18.9 0.026430 0.012398 0.006022 hargrave 2023-11-22 14:49:23 
AF 220 325.9  61.2 004.8  09.0 5.42E-06 002.4 201.7  15.6 0.025319 0.012150 0.006558 hargrave 2023-11-22 14:50:44 
AF 240 329.7  62.7 007.0  08.3 5.10E-06 002.4 202.1  17.9 0.023732 0.011349 0.006033 hargrave 2023-11-22 14:52:04 
AF 260 328.7  65.2 008.9  10.1 4.65E-06 002.5 200.0  19.5 0.022102 0.010535 0.005828 hargrave 2023-11-22 14:53:25 
AF 280 335.9  69.7 014.2  10.6 4.24E-06 002.5 198.8  24.6 0.020014 0.009797 0.005598 hargrave 2023-11-22 14:54:46 
AF 300 334.6  65.0 010.2  08.0 4.10E-06 002.6 202.1  21.0 0.019893 0.009684 0.005143 hargrave 2023-11-22 14:56:06 
AF 320 337.8  57.7 005.7  02.1 3.63E-06 002.9 208.7  17.0 0.018178 0.009726 0.005315 hargrave 2023-11-22 14:57:27 
AF 340 319.4  62.5 004.4  12.3 3.01E-06 002.7 198.3  14.9 0.017522 0.008788 0.003605 hargrave 2023-11-22 14:58:51 
AF 360 334.1  61.0 006.9  05.6 3.12E-06 002.9 204.9  18.0 0.016740 0.008839 0.003870 hargrave 2023-11-22 15:00:12 
AF 380 349.9  70.8 018.4  08.1 3.02E-06 002.9 200.9  29.1 0.015594 0.008297 0.003121 hargrave 2023-11-22 15:01:33 
AF 400 335.1  63.8 009.3  07.0 2.94E-06 002.8 203.2  20.3 0.015403 0.008312 0.002947 hargrave 2023-11-22 15:02:54 
AF 420 329.6  63.3 007.5  08.7 2.70E-06 002.7 201.6  18.3 0.014337 0.007348 0.002902 hargrave 2023-11-22 15:04:15 
AF 440 351.7  64.2 015.0  02.4 2.86E-06 002.9 207.7  26.2 0.014158 0.007862 0.003340 hargrave 2023-11-22 15:05:35 
AF 460 338.1  66.4 012.2  07.8 2.41E-06 002.9 202.1  23.0 0.012466 0.006755 0.003618 hargrave 2023-11-22 15:06:56 
AF 480 327.2  67.6 010.6  11.9 2.41E-06 002.8 197.9  20.9 0.012723 0.006723 0.003372 hargrave 2023-11-22 15:08:17 
AF 500 314.5  52.8 354.3  10.5 2.27E-06 002.7 201.0  05.2 0.012710 0.006531 0.003249 hargrave 2023-11-22 15:09:37 
AF 520 338.6  53.5 002.8 -01.2 2.52E-06 003.1 212.3  14.3 0.012743 0.007078 0.005413 hargrave 2023-11-22 15:11:01 
AF 540 304.1  54.0 353.2  16.6 2.32E-06 002.2 194.9  03.7 0.011799 0.005739 0.002361 hargrave 2023-11-22 15:12:22 
AF 560 325.7  51.1 356.1  03.6 2.27E-06 002.9 207.8  07.4 0.011421 0.006190 0.004548 hargrave 2023-11-22 15:13:42 
AF 580 308.7  55.9 356.0  14.7 2.36E-06 002.5 196.6  06.5 0.012226 0.006170 0.004285 hargrave 2023-11-22 15:15:03 
AF 600 293.6  55.4 353.3  22.9 2.57E-06 001.8 188.6  03.3 0.014798 0.005540 0.003300 hargrave 2023-11-22 15:16:27 
