MF16- 18a sun compass orientation
  152.9 169.8  51.0 301.0  67.0   1.0
NRM    344.2  78.8 022.6  15.2 3.34E-05 000.9 194.0  37.1 0.048191 0.022943 0.024969 hargrave 2023-11-22 20:35:18 
AF  10 339.9  78.1 021.4  15.3 3.11E-05 001.7 194.6  36.0 0.091470 0.045922 0.028347 hargrave 2023-11-22 20:36:39 
AF  20 340.9  77.9 021.4  15.0 2.91E-05 001.7 194.8  36.2 0.098101 0.048144 0.027431 hargrave 2023-11-22 20:37:59 
AF  30 342.8  78.8 022.4  15.3 2.70E-05 001.9 193.9  36.8 0.098099 0.048848 0.025716 hargrave 2023-11-22 20:39:20 
AF  40 346.0  78.3 022.5  14.5 2.46E-05 002.0 194.7  37.3 0.092594 0.046292 0.024720 hargrave 2023-11-22 20:40:41 
AF  50 346.2  76.5 021.3  13.2 2.21E-05 001.8 196.9  36.9 0.065958 0.040772 0.025780 hargrave 2023-11-22 20:42:02 
AF  60 357.2  75.9 023.1  11.1 2.03E-05 001.9 198.2  39.4 0.060716 0.036369 0.015922 hargrave 2023-11-22 20:43:22 
AF  70 350.3  75.7 021.6  11.9 1.78E-05 001.9 198.1  37.7 0.054643 0.032821 0.014872 hargrave 2023-11-22 20:44:43 
AF  80 352.9  75.2 021.8  11.1 1.61E-05 001.9 198.9  38.3 0.049117 0.030017 0.014031 hargrave 2023-11-22 20:46:04 
AF  90 348.0  76.6 021.7  13.0 1.41E-05 002.0 196.9  37.3 0.046165 0.026455 0.013155 hargrave 2023-11-22 20:47:25 
AF 100 351.3  77.8 023.0  13.4 1.31E-05 002.0 195.6  38.3 0.043885 0.024626 0.012418 hargrave 2023-11-22 20:48:46 
AF 110 002.0  75.6 023.9  10.2 1.20E-05 002.1 198.7  40.6 0.041089 0.022480 0.010143 hargrave 2023-11-22 20:50:06 
AF 120 005.2  75.8 024.8  10.1 1.10E-05 002.1 198.3  41.4 0.037865 0.020721 0.010702 hargrave 2023-11-22 20:51:27 
AF 130 000.1  81.2 026.3  15.4 9.69E-06 002.0 191.4  40.0 0.034107 0.018021 0.010087 hargrave 2023-11-22 20:52:47 
AF 140 340.9  69.9 015.5  09.4 9.26E-06 002.3 204.0  33.3 0.035624 0.020302 0.009904 hargrave 2023-11-22 20:54:08 
AF 150 015.8  70.7 026.0  04.3 7.90E-06 002.2 204.8  45.0 0.027301 0.015976 0.009684 hargrave 2023-11-22 20:55:29 
AF 160 010.7  59.9 020.9 -05.4 8.17E-06 002.4 219.9  43.1 0.028290 0.018228 0.010213 hargrave 2023-11-22 20:56:49 
AF 170 002.8  62.2 018.3 -01.9 6.58E-06 002.6 216.2  39.7 0.024570 0.016320 0.010223 hargrave 2023-11-22 20:58:11 
AF 180 012.4  61.2 022.2 -04.4 7.28E-06 002.4 218.2  44.1 0.025037 0.016448 0.010313 hargrave 2023-11-22 20:59:32 
AF 190 347.7  65.3 014.3  04.3 6.32E-06 002.7 210.3  34.0 0.025217 0.015851 0.009230 hargrave 2023-11-22 21:00:52 
AF 200 008.6  64.3 021.5 -01.0 5.50E-06 002.5 213.9  42.5 0.020047 0.012905 0.008562 hargrave 2023-11-22 21:02:13 
AF 220 031.7  73.1 031.2  06.1 5.25E-06 002.2 199.2  48.9 0.018495 0.010454 0.006964 hargrave 2023-11-22 21:03:34 
AF 240 026.4  57.5 028.5 -09.4 5.10E-06 002.2 223.6  51.2 0.016371 0.011406 0.004963 hargrave 2023-11-22 21:04:54 
AF 260 029.5  64.3 030.3 -02.7 5.68E-06 002.4 212.4  51.5 0.020608 0.012368 0.006889 hargrave 2023-11-22 21:06:15 
AF 280 009.0  58.9 019.8 -06.1 4.58E-06 002.8 221.1  42.1 0.019545 0.012605 0.005372 hargrave 2023-11-22 21:07:36 
AF 300 006.0  65.6 020.9  00.6 3.59E-06 002.9 212.0  41.5 0.014614 0.012497 0.005684 hargrave 2023-11-22 21:08:59 
AF 320 346.8  74.3 019.9  11.4 2.85E-06 002.1 199.6  36.5 0.010254 0.006001 0.005433 hargrave 2023-11-22 21:10:21 
AF 340 294.1  59.7 358.0  23.1 2.79E-06 002.8 196.9  12.7 0.013467 0.008611 0.005966 hargrave 2023-11-22 21:11:41 
AF 360 298.2  51.0 349.2  19.4 2.58E-06 002.9 203.2  06.1 0.010552 0.009255 0.005269 hargrave 2023-11-22 21:13:05 
AF 380 002.9  67.6 020.7  03.0 1.91E-06 002.9 209.2  40.5 0.006701 0.006146 0.004086 hargrave 2023-11-22 21:14:26 
AF 400 056.1  46.9 048.6 -16.5 2.08E-06 001.6 237.6  71.0 0.003306 0.004552 0.004578 hargrave 2023-11-22 21:15:47 
AF 420 331.6  33.8 344.4 -09.9 1.15E-06 004.2 233.0  08.5 0.004892 0.005815 0.004314 hargrave 2023-11-22 21:17:07 
AF 440 056.5  08.9 071.9 -49.4 3.13E-06 001.4 319.1  53.4 0.005083 0.007020 0.004834 hargrave 2023-11-22 21:18:28 
AF 460 351.2  53.4 008.4 -06.2 3.11E-06 003.0 224.1  31.1 0.010490 0.010251 0.006926 hargrave 2023-11-22 21:19:49 
AF 480 006.3  18.3 358.7 -42.2 3.76E-06 001.3 265.4  24.0 0.006303 0.012168 0.003107 hargrave 2023-11-22 21:21:10 
AF 500 038.0  53.6 035.2 -13.1 3.69E-06 001.8 228.6  58.2 0.007944 0.007199 0.005822 hargrave 2023-11-22 21:22:31 
AF 520 026.3  33.7 026.4 -33.2 2.96E-06 001.8 259.9  47.2 0.004969 0.008867 0.003785 hargrave 2023-11-22 21:23:53 
AF 540 017.0  16.4 010.6 -48.3 2.93E-06 001.3 273.8  31.3 0.004325 0.009148 0.000957 hargrave 2023-11-22 21:25:13 
AF 560 063.6  10.7 078.0 -43.6 3.59E-06 001.5 328.6  58.2 0.007433 0.007372 0.002915 hargrave 2023-11-22 21:26:34 
AF 580 101.0  69.7 050.7  14.9 3.75E-06 001.6 166.5  57.3 0.011605 0.002545 0.003960 hargrave 2023-11-22 21:27:55 
AF 600 062.9  51.0 050.8 -10.9 4.83E-06 001.2 219.2  73.1 0.007791 0.005940 0.003526 hargrave 2023-11-22 21:29:15 
