MF16- 66a sun compass orientation
      0 166.5  33.0 301.0  67.0   1.0
NRM    000.7  69.9 021.0  05.4 7.45E-06 002.2 217.1  56.4 0.026930 0.017481 0.000907 hargrave 2024-04-10 21:59:26 
AF  10 001.1  69.8 021.0  05.2 7.05E-06 002.3 217.4  56.6 0.026043 0.017741 0.000686 hargrave 2024-04-10 22:00:47 
AF  20 001.0  69.4 020.8  04.9 6.60E-06 002.3 218.0  56.4 0.024598 0.016985 0.000537 hargrave 2024-04-10 22:02:07 
AF  30 003.0  69.6 021.6  04.8 6.33E-06 002.3 218.0  57.1 0.022777 0.015996 0.000450 hargrave 2024-04-10 22:03:28 
AF  40 002.5  70.4 021.7  05.6 6.04E-06 002.3 216.4  57.2 0.020597 0.017242 0.000529 hargrave 2024-04-10 22:04:52 
AF  50 000.8  71.8 021.9  07.0 5.83E-06 002.2 213.9  57.0 0.020687 0.014442 0.000721 hargrave 2024-04-10 22:06:13 
AF  60 008.2  69.9 023.3  04.3 5.50E-06 002.4 218.3  58.9 0.019090 0.016040 0.000931 hargrave 2024-04-10 22:07:37 
AF  70 013.5  68.9 024.8  02.7 5.37E-06 002.2 220.9  60.6 0.018039 0.013174 0.001058 hargrave 2024-04-10 22:08:58 
AF  80 014.7  70.3 025.6  04.0 4.94E-06 002.3 218.1  61.2 0.015955 0.014322 0.001761 hargrave 2024-04-10 22:10:22 
AF  90 012.8  69.6 024.7  03.5 4.51E-06 002.3 219.4  60.5 0.016207 0.012187 0.002177 hargrave 2024-04-10 22:11:43 
AF 100 013.3  65.7 023.8 -00.3 4.47E-06 002.4 227.2  59.9 0.014819 0.013701 0.002065 hargrave 2024-04-10 22:13:07 
AF 110 010.9  66.0 022.9  00.3 4.06E-06 002.1 226.1  59.0 0.013402 0.010690 0.001925 hargrave 2024-04-10 22:14:28 
AF 120 005.5  64.1 020.2 -00.6 3.41E-06 002.4 228.0  56.3 0.013188 0.010705 0.002118 hargrave 2024-04-10 22:15:48 
AF 130 008.7  64.7 021.7 -00.7 3.32E-06 002.4 228.0  57.8 0.012442 0.010381 0.002284 hargrave 2024-04-10 22:17:09 
AF 140 000.6  65.6 018.9  01.6 3.03E-06 002.4 224.2  54.9 0.011703 0.009435 0.001850 hargrave 2024-04-10 22:18:30 
AF 150 007.9  65.0 021.5 -00.2 3.05E-06 002.3 227.3  57.6 0.011064 0.008586 0.002132 hargrave 2024-04-10 22:19:51 
AF 160 003.1  61.5 018.1 -02.6 2.74E-06 002.0 231.5  54.2 0.008722 0.007567 0.002617 hargrave 2024-04-10 22:21:11 
AF 170 016.3  57.9 023.2 -08.1 2.78E-06 002.2 242.4  58.7 0.008424 0.008420 0.002766 hargrave 2024-04-10 22:22:36 
AF 180 012.0  60.1 021.6 -05.5 2.55E-06 002.5 237.0  57.5 0.009227 0.008500 0.002592 hargrave 2024-04-10 22:23:56 
AF 190 023.8  61.4 027.5 -05.4 2.85E-06 002.2 238.3  63.4 0.009032 0.008804 0.003264 hargrave 2024-04-10 22:25:17 
AF 200 026.4  58.1 028.5 -08.8 2.95E-06 002.3 246.3  63.7 0.009359 0.009142 0.003431 hargrave 2024-04-10 22:26:38 
AF 220 016.1  59.5 023.5 -06.6 2.57E-06 002.3 239.6  59.2 0.008888 0.007617 0.002754 hargrave 2024-04-10 22:27:58 
AF 240 020.9  60.8 026.1 -05.8 2.38E-06 002.3 238.7  61.9 0.008077 0.007547 0.002724 hargrave 2024-04-10 22:29:19 
AF 260 001.2  63.8 018.3 -00.1 2.25E-06 002.5 227.2  54.4 0.008642 0.007532 0.002058 hargrave 2024-04-10 22:30:40 
AF 280 017.5  59.4 024.1 -06.8 2.53E-06 002.4 240.3  59.9 0.008686 0.008304 0.002905 hargrave 2024-04-10 22:32:01 
AF 300 018.3  57.8 024.2 -08.5 1.87E-06 002.3 243.6  59.6 0.006057 0.006701 0.003472 hargrave 2024-04-10 22:33:25 
AF 320 004.4  66.8 020.8  02.0 1.94E-06 002.3 223.2  56.8 0.007064 0.006600 0.003226 hargrave 2024-04-10 22:34:46 
AF 340 021.6  57.1 025.8 -09.5 1.74E-06 002.6 246.2  61.0 0.006295 0.007118 0.004466 hargrave 2024-04-10 22:36:07 
AF 360 033.0  51.4 032.3 -15.6 2.27E-06 002.0 263.9  64.4 0.005015 0.006246 0.003627 hargrave 2024-04-10 22:37:31 
AF 380 052.9  44.4 047.5 -19.7 1.37E-06 002.5 300.5  70.6 0.001739 0.005575 0.006130 hargrave 2024-04-10 22:38:52 
AF 400 042.4  48.7 038.9 -17.6 2.00E-06 002.2 277.6  68.1 0.003769 0.006959 0.005831 hargrave 2024-04-10 22:40:17 
AF 420 029.5  26.9 029.2 -40.1 1.85E-06 002.7 291.9  45.3 0.003920 0.007322 0.005840 hargrave 2024-04-10 22:41:37 
AF 440 028.0  33.6 028.0 -33.3 1.70E-06 002.5 284.5  49.9 0.003656 0.006817 0.005553 hargrave 2024-04-10 22:42:58 
AF 460 025.4  38.3 026.0 -28.5 1.64E-06 002.5 277.1  52.0 0.003635 0.006702 0.005395 hargrave 2024-04-10 22:44:19 
AF 480 065.1  26.3 066.8 -30.7 2.14E-06 002.8 340.3  58.2 0.002451 0.009003 0.007748 hargrave 2024-04-10 22:45:39 
AF 500 056.7  40.1 052.1 -22.5 1.27E-06 003.0 314.4  68.8 0.002435 0.005916 0.003456 hargrave 2024-04-10 22:47:00 
AF 520 035.9  38.4 035.4 -28.5 1.61E-06 002.7 287.6  57.6 0.004174 0.006480 0.003644 hargrave 2024-04-10 22:48:24 
AF 540 041.5  46.2 038.7 -20.1 1.77E-06 002.6 281.7  66.1 0.004141 0.006704 0.004465 hargrave 2024-04-10 22:49:45 
AF 560 042.2  27.0 043.9 -38.9 2.36E-06 002.6 306.4  51.4 0.004854 0.008520 0.006286 hargrave 2024-04-10 22:51:06 
AF 580 049.5  23.9 053.2 -39.7 2.22E-06 002.2 318.1  51.6 0.002878 0.007116 0.006084 hargrave 2024-04-10 22:52:26 
AF 600 026.8  22.2 025.5 -44.6 1.42E-06 003.0 292.7  40.0 0.004190 0.005088 0.003701 hargrave 2024-04-10 22:53:47 
AF 650 053.3  40.1 049.4 -23.5 1.06E-06 002.2 308.3  67.4 0.002174 0.003333 0.002828 hargrave 2024-04-10 22:55:07 
AF 700 023.4  37.3 024.1 -29.2 1.18E-06 002.6 276.3  50.2 0.003890 0.003873 0.001349 hargrave 2024-04-10 22:56:28 
AF 750 006.3  19.5 359.4 -41.1 2.54E-06 002.2 275.5  27.0 0.007007 0.004149 0.005630 hargrave 2024-04-10 22:57:48 
AF 800 017.9 -12.9 337.9 -74.0 1.55E-06 001.8 303.4  05.1 0.002534 0.005339 0.002546 hargrave 2024-04-10 22:59:09 
AF 850 050.6 -25.7 133.6 -71.9 9.58E-07 002.7 336.8  04.5 0.001680 0.003983 0.002603 hargrave 2024-04-10 23:00:30 
AF 900 351.9  02.9 330.0 -44.0 8.42E-07 001.8 273.0  05.4 0.002122 0.002203 0.001380 hargrave 2024-04-10 23:01:51 
AF 950 027.1 -06.4 017.6 -72.9 1.20E-06 001.9 308.6  15.0 0.001587 0.003096 0.002694 hargrave 2024-04-10 23:03:12 
AF1000 022.0 -08.2 359.3 -72.9 1.52E-06 002.0 304.8  11.1 0.002379 0.004542 0.003395 hargrave 2024-04-10 23:04:33 
