MF16- 69a mag compass orientation (IGRF corrected)
      0 131.1  25.0 301.0  67.0   1.0
NRM    004.3  71.8 022.9  06.5 1.07E-05 002.2 227.1  75.2 0.033543 0.022884 0.010345 hargrave 2024-04-11 18:39:15 
AF  10 005.2  71.4 023.0  06.0 1.02E-05 002.1 228.5  75.5 0.030984 0.021783 0.010094 hargrave 2024-04-11 18:40:35 
AF  20 007.0  71.1 023.4  05.6 9.79E-06 002.1 229.1  76.1 0.029189 0.020436 0.009653 hargrave 2024-04-11 18:41:55 
AF  30 009.1  70.7 023.9  05.0 9.33E-06 002.1 230.3  76.9 0.027889 0.019493 0.010050 hargrave 2024-04-11 18:43:15 
AF  40 012.0  69.9 024.6  03.9 8.91E-06 002.1 233.2  77.9 0.025655 0.018749 0.009536 hargrave 2024-04-11 18:44:35 
AF  50 015.9  69.4 025.7  03.0 8.60E-06 002.1 234.6  79.4 0.024726 0.018853 0.008958 hargrave 2024-04-11 18:45:55 
AF  60 018.6  68.7 026.5  02.2 8.27E-06 002.1 237.1  80.5 0.023633 0.018494 0.008845 hargrave 2024-04-11 18:47:15 
AF  70 020.8  68.0 027.2  01.3 7.57E-06 002.2 240.8  81.4 0.022014 0.017871 0.008564 hargrave 2024-04-11 18:48:35 
AF  80 022.2  68.6 027.8  01.8 7.44E-06 002.1 235.7  81.8 0.021330 0.016733 0.007630 hargrave 2024-04-11 18:49:55 
AF  90 020.2  68.9 027.1  02.2 7.06E-06 002.1 235.4  81.0 0.019367 0.016191 0.007036 hargrave 2024-04-11 18:51:17 
AF 100 022.0  69.6 027.9  02.9 6.80E-06 002.1 229.2  81.4 0.019449 0.014453 0.006448 hargrave 2024-04-11 18:52:37 
AF 110 023.9  70.9 028.7  04.0 6.49E-06 002.0 220.0  81.3 0.018507 0.012838 0.006206 hargrave 2024-04-11 18:53:57 
AF 120 026.5  70.9 029.5  04.0 6.24E-06 002.0 216.1  82.0 0.017455 0.012606 0.005919 hargrave 2024-04-11 18:55:17 
AF 130 025.2  71.6 029.2  04.7 6.13E-06 001.9 214.5  81.2 0.016834 0.012251 0.005555 hargrave 2024-04-11 18:56:37 
AF 140 029.5  72.2 030.5  05.2 5.99E-06 001.9 205.3  81.7 0.016253 0.011307 0.004827 hargrave 2024-04-11 18:57:58 
AF 150 032.9  69.7 031.7  02.7 5.61E-06 001.9 210.2  84.4 0.014996 0.011027 0.005807 hargrave 2024-04-11 18:59:18 
AF 160 026.7  67.4 029.3  00.4 5.26E-06 002.0 241.4  83.7 0.014441 0.010486 0.005636 hargrave 2024-04-11 19:00:38 
AF 170 023.8  66.6 028.2 -00.2 5.18E-06 001.9 249.1  82.7 0.013677 0.009965 0.006121 hargrave 2024-04-11 19:01:58 
AF 180 022.9  72.0 028.5  05.2 5.15E-06 001.9 215.2  80.4 0.014386 0.009436 0.006244 hargrave 2024-04-11 19:03:18 
AF 190 031.9  71.1 031.3  04.1 5.31E-06 001.7 205.1  83.0 0.013102 0.009596 0.004949 hargrave 2024-04-11 19:04:39 
AF 200 036.8  74.0 032.6  07.1 5.07E-06 001.7 187.4  80.9 0.012501 0.008140 0.005214 hargrave 2024-04-11 19:05:59 
AF 220 038.2  61.8 034.4 -05.0 4.52E-06 001.6 337.2  86.5 0.009591 0.007865 0.006294 hargrave 2024-04-11 19:07:19 
AF 240 019.2  65.5 026.1 -01.0 4.63E-06 001.6 256.8  80.9 0.010244 0.006785 0.005845 hargrave 2024-04-11 19:08:39 
AF 260 034.9  67.0 032.5  00.1 4.15E-06 001.9 228.5  86.8 0.011111 0.007821 0.004550 hargrave 2024-04-11 19:09:59 
AF 280 049.2  69.6 037.3  03.5 3.56E-06 001.6 149.3  84.5 0.008003 0.005987 0.003311 hargrave 2024-04-11 19:11:19 
AF 300 075.4  66.7 047.2  05.6 3.53E-06 001.2 112.3  76.0 0.006378 0.004224 0.002766 hargrave 2024-04-11 19:12:40 
AF 320 045.4  60.9 038.0 -05.3 3.48E-06 001.5 027.5  85.5 0.006244 0.006116 0.003524 hargrave 2024-04-11 19:14:00 
AF 340 058.8  67.3 041.4  02.6 3.44E-06 001.5 115.7  82.5 0.007465 0.005529 0.002363 hargrave 2024-04-11 19:15:21 
AF 360 060.5  64.9 043.1  00.8 3.21E-06 001.4 097.8  81.8 0.006210 0.004858 0.002992 hargrave 2024-04-11 19:16:42 
AF 380 056.2  63.3 042.0 -01.4 3.31E-06 001.4 082.5  83.2 0.005920 0.005476 0.002777 hargrave 2024-04-11 19:18:02 
AF 400 044.0  63.3 036.8 -03.1 3.64E-06 001.5 037.5  87.9 0.007358 0.006192 0.002929 hargrave 2024-04-11 19:19:23 
AF 420 042.4  65.9 035.6 -00.7 3.96E-06 001.5 150.0  88.9 0.007450 0.006774 0.003130 hargrave 2024-04-11 19:20:43 
AF 440 060.0  65.4 042.6  01.2 3.97E-06 001.3 101.5  82.1 0.006759 0.005832 0.003090 hargrave 2024-04-11 19:22:04 
AF 460 036.9  68.3 033.2  01.4 3.73E-06 001.4 205.3  86.3 0.006988 0.006048 0.003196 hargrave 2024-04-11 19:23:24 
AF 480 047.2  60.3 039.0 -05.7 3.48E-06 001.3 033.2  84.5 0.005864 0.005171 0.002690 hargrave 2024-04-11 19:24:45 
AF 500 037.3  74.7 032.7  07.8 3.44E-06 001.3 186.0  80.2 0.007065 0.003571 0.001870 hargrave 2024-04-11 19:26:06 
AF 520 073.5  65.5 047.3  04.2 3.55E-06 001.2 106.8  76.6 0.005202 0.005136 0.004423 hargrave 2024-04-11 19:27:26 
AF 540 074.0  50.7 056.8 -07.1 3.22E-06 001.0 065.7  67.8 0.004307 0.003124 0.004626 hargrave 2024-04-11 19:28:47 
AF 560 046.5  60.6 038.6 -05.5 2.96E-06 001.2 031.4  84.9 0.004678 0.003796 0.002867 hargrave 2024-04-11 19:30:07 
AF 580 073.3  58.9 051.3 -01.0 3.01E-06 001.5 082.9  73.9 0.005314 0.004589 0.005480 hargrave 2024-04-11 19:31:28 
AF 600 040.2  68.3 034.4  01.6 2.71E-06 001.5 186.0  86.7 0.005700 0.004053 0.002479 hargrave 2024-04-11 19:32:48 
AF 650 065.5  49.0 053.3 -11.7 2.72E-06 001.0 050.7  69.5 0.003611 0.003026 0.003713 hargrave 2024-04-11 19:34:09 
AF 700 053.0  45.7 047.0 -18.5 3.07E-06 001.4 024.5  69.6 0.003548 0.005721 0.003929 hargrave 2024-04-11 19:35:29 
AF 750 066.1  46.0 055.3 -14.0 2.34E-06 001.0 047.8  66.6 0.003314 0.002471 0.004054 hargrave 2024-04-11 19:36:50 
AF 800 131.9  44.2 081.0  23.4 9.18E-07 000.6 113.0  38.9 0.001327 0.002208 0.002126 hargrave 2024-04-11 19:38:10 
AF 850 098.2  47.4 069.7  02.7 1.90E-06 000.9 087.8  55.3 0.002476 0.002578 0.001562 hargrave 2024-04-11 19:39:31 
AF 900 102.3  40.7 077.0  01.8 1.61E-06 001.4 085.2  48.2 0.002956 0.002762 0.001952 hargrave 2024-04-11 19:40:52 
AF 950 097.3  57.8 060.5  07.6 1.71E-06 001.9 101.3  63.1 0.004651 0.003787 0.001630 hargrave 2024-04-11 19:42:13 
AF1000 100.7  12.7 100.9 -13.0 1.74E-06 001.2 067.2  24.1 0.002816 0.002967 0.001869 hargrave 2024-04-11 19:43:34 
