MF16- 28b sun compass orientation
      0 170.3  36.0 301.0  67.0   1.0
NRM    347.7  72.4 018.9  09.8 2.65E-05 002.6 207.8  49.8 0.120976 0.041240 0.024000 hargrave 2024-04-12 19:36:02 
TT  55 349.5  71.3 018.6  08.6 2.59E-05 001.4 209.8  49.8 0.072182 0.028467 0.023210 hargrave 2024-04-15 10:27:46 
TT 100 351.1  69.2 017.7  06.6 2.28E-05 001.5 213.1  49.4 0.052175 0.029362 0.021983 hargrave 2024-04-15 12:56:13 
TT 125 349.7  67.9 016.5  05.9 1.99E-05 001.3 214.5  48.3 0.043804 0.025188 0.014232 hargrave 2024-04-15 15:38:04 
TT 150 346.1  69.4 016.5  07.8 1.74E-05 001.3 211.6  47.9 0.035855 0.023929 0.012685 hargrave 2024-04-15 18:56:18 
TT 200 344.5  68.4 015.4  07.5 1.54E-05 001.2 212.4  46.9 0.030350 0.021603 0.010810 hargrave 2024-04-16 10:28:12 
TT 250 336.6  71.4 015.7  11.5 7.86E-06 002.3 206.6  46.3 0.030611 0.016625 0.005638 hargrave 2024-04-16 12:46:47 
TT 300 088.7  80.7 039.2  17.8 5.47E-06 002.2 177.0  63.2 0.017323 0.014736 0.001333 hargrave 2024-04-16 15:43:15 
TT 325 005.3  67.5 021.4  02.5 3.51E-06 002.8 218.5  53.7 0.013669 0.012925 0.001386 hargrave 2024-04-16 18:48:07 
TT 350 127.8  70.4 052.3  23.9 3.67E-06 002.3 146.3  63.5 0.011296 0.011086 0.003805 hargrave 2024-04-17 11:12:55 
TT 375 184.5  52.9 058.2  54.0 2.79E-06 001.5 135.2  33.9 0.006969 0.006464 0.005257 hargrave 2024-04-17 14:21:39 
TT 400 270.5  24.2 315.1  35.9 2.53E-06 001.4 189.4 -11.3 0.008054 0.004250 0.002931 hargrave 2024-04-18 11:21:11 
TT 420 248.0 -29.3 247.0  26.7 3.41E-06 001.2 155.1 -63.8 0.005670 0.005265 0.005677 hargrave 2024-04-18 15:13:42 
TT 430 253.8 -14.3 263.5  33.9 4.45E-06 000.8 170.1 -50.0 0.006222 0.005811 0.007075 hargrave 2024-04-19 09:45:55 
