MF16- 7a sun compass orientation
   36.7 125.9  35.0 301.0  67.0   1.0
NRM    001.2  68.5 020.5  04.1 3.25E-05 001.5 216.0  69.2 0.072599 0.041941 0.014587 hargrave 2023-11-22 10:39:03 
AF  10 359.0  68.5 019.8  04.5 3.10E-05 001.4 216.8  68.5 0.069387 0.040083 0.026496 hargrave 2023-11-22 10:40:23 
AF  20 357.2  68.1 019.0  04.4 2.96E-05 001.6 218.4  68.0 0.066419 0.054349 0.024810 hargrave 2023-11-22 10:41:47 
AF  30 356.9  67.5 018.6  04.0 2.81E-05 001.5 220.1  68.0 0.062826 0.048168 0.024074 hargrave 2023-11-22 10:43:11 
AF  40 357.0  66.9 018.3  03.5 2.60E-05 001.6 221.5  68.2 0.059156 0.045413 0.023804 hargrave 2023-11-22 10:44:35 
AF  50 356.5  67.0 018.2  03.7 2.41E-05 001.5 221.4  68.0 0.056894 0.033392 0.022709 hargrave 2023-11-22 10:45:55 
AF  60 357.1  66.4 018.1  03.0 2.23E-05 001.5 222.9  68.4 0.052551 0.031427 0.022488 hargrave 2023-11-22 10:47:15 
AF  70 354.3  65.9 016.9  03.2 2.06E-05 001.6 224.6  67.4 0.050039 0.031324 0.021247 hargrave 2023-11-22 10:48:37 
AF  80 353.3  64.7 015.8  02.4 1.91E-05 001.6 227.9  67.1 0.046744 0.029277 0.021431 hargrave 2023-11-22 10:49:57 
AF  90 352.1  64.3 015.2  02.4 1.79E-05 001.6 229.0  66.6 0.045447 0.028711 0.021379 hargrave 2023-11-22 10:51:17 
AF 100 353.1  64.4 015.6  02.2 1.66E-05 001.6 228.6  67.0 0.042103 0.026861 0.021040 hargrave 2023-11-22 10:52:37 
AF 110 354.0  64.3 015.9  01.9 1.50E-05 001.6 228.8  67.4 0.038251 0.024526 0.022586 hargrave 2023-11-22 10:53:57 
AF 120 356.9  65.0 017.3  01.8 1.44E-05 001.7 226.8  68.6 0.033896 0.029248 0.006623 hargrave 2023-11-22 10:55:21 
AF 130 359.5  66.6 019.0  02.7 1.29E-05 001.7 221.7  69.2 0.032417 0.020452 0.006454 hargrave 2023-11-22 10:56:40 
AF 140 353.7  64.3 015.8  02.0 1.22E-05 001.7 229.0  67.3 0.031137 0.020725 0.006551 hargrave 2023-11-22 10:58:00 
AF 150 356.8  63.2 016.3  00.3 1.13E-05 001.7 231.6  68.7 0.027537 0.019366 0.006331 hargrave 2023-11-22 10:59:20 
AF 160 357.7  60.1 015.1 -02.6 1.08E-05 001.6 240.3  69.2 0.025023 0.019107 0.006058 hargrave 2023-11-22 11:00:40 
AF 170 352.5  65.9 016.3  03.6 1.01E-05 001.9 225.0  66.6 0.025788 0.023219 0.006457 hargrave 2023-11-22 11:02:04 
AF 180 348.5  62.5 012.8  01.9 1.01E-05 001.9 233.4  65.0 0.027302 0.019484 0.005937 hargrave 2023-11-22 11:03:24 
AF 190 002.0  62.2 017.9 -01.7 9.17E-06 001.7 233.7  71.2 0.021865 0.016876 0.005849 hargrave 2023-11-22 11:04:44 
AF 200 009.7  58.9 020.1 -06.2 8.13E-06 001.5 243.9  75.3 0.016294 0.014313 0.004708 hargrave 2023-11-22 11:06:04 
AF 220 002.8  61.9 018.1 -02.2 8.06E-06 001.7 234.7  71.6 0.019433 0.015152 0.004436 hargrave 2023-11-22 11:07:24 
AF 240 359.3  63.2 017.3 -00.3 7.65E-06 002.0 231.4  69.8 0.019371 0.018324 0.004004 hargrave 2023-11-22 11:08:48 
AF 260 019.1  64.3 025.9 -02.2 6.29E-06 001.8 215.3  77.5 0.015861 0.011223 0.002984 hargrave 2023-11-22 11:10:07 
AF 280 025.8  65.4 028.8 -01.5 6.88E-06 001.4 201.5  78.5 0.014182 0.009956 0.003009 hargrave 2023-11-22 11:11:28 
AF 300 029.2  54.3 029.9 -12.7 5.01E-06 001.4 277.3  86.1 0.009244 0.008270 0.000237 hargrave 2023-11-22 11:12:47 
AF 320 011.2  66.4 023.2  00.6 4.85E-06 001.7 216.4  73.6 0.012270 0.008670 0.001096 hargrave 2023-11-22 11:14:07 
AF 340 076.8  70.9 044.8  09.1 4.08E-06 001.9 147.6  66.3 0.011798 0.007617 0.001449 hargrave 2023-11-22 11:15:28 
AF 360 032.1  58.5 031.6 -08.5 4.15E-06 001.9 209.7  85.9 0.009348 0.009873 0.001898 hargrave 2023-11-22 11:16:48 
AF 380 038.3  60.3 034.7 -06.5 4.15E-06 001.6 167.1  84.6 0.007950 0.008125 0.001006 hargrave 2023-11-22 11:18:08 
AF 400 045.9  50.1 040.9 -15.8 3.00E-06 001.4 054.8  82.2 0.004557 0.005546 0.002802 hargrave 2023-11-22 11:19:28 
AF 420 032.5  56.5 031.9 -10.5 2.63E-06 001.2 231.0  87.6 0.003605 0.004390 0.001535 hargrave 2023-11-22 11:20:48 
AF 440 060.4  72.3 039.6  07.4 2.76E-06 001.6 158.5  69.9 0.007463 0.003756 0.001111 hargrave 2023-11-22 11:22:08 
AF 460 048.3  48.3 043.0 -17.1 4.38E-06 001.3 053.8  79.8 0.007324 0.006964 0.002083 hargrave 2023-11-22 11:23:31 
AF 480 046.0  66.4 037.0  00.1 3.93E-06 001.5 160.8  77.6 0.008896 0.004938 0.002110 hargrave 2023-11-22 11:24:51 
AF 500 325.9  43.9 350.2 -00.5 2.11E-06 002.7 253.9  45.2 0.007839 0.007392 0.001847 hargrave 2023-11-22 11:26:11 
AF 520 335.6  61.6 007.8  05.4 3.35E-06 002.5 233.0  58.8 0.012788 0.009061 0.001157 hargrave 2023-11-22 11:27:32 
AF 540 018.8  66.6 026.2  00.0 2.29E-06 002.2 208.6  75.8 0.007711 0.004902 0.001875 hargrave 2023-11-22 11:28:52 
AF 560 259.3  82.2 024.4  28.1 3.01E-06 002.0 188.2  49.0 0.013043 0.004263 0.002270 hargrave 2023-11-22 11:30:12 
AF 580 096.3  54.5 063.0  05.5 2.85E-06 001.2 114.8  56.3 0.004416 0.003649 0.002762 hargrave 2023-11-22 11:31:32 
AF 600 329.2  72.3 015.0  13.9 2.56E-06 002.1 212.0  58.1 0.008535 0.005682 0.002807 hargrave 2023-11-22 11:33:00 
