MF16- 67a mag compass orientation (IGRF corrected)
      0 166.1  22.0 301.0  67.0   1.0
NRM    358.0  71.1 020.8  06.9 8.12E-06 002.4 227.3  64.5 0.028139 0.019911 0.006726 hargrave 2024-04-10 23:06:01 
AF  10 359.4  71.2 021.2  06.8 7.70E-06 002.4 227.6  64.9 0.026492 0.018979 0.006433 hargrave 2024-04-10 23:07:21 
AF  20 000.9  71.7 021.9  06.9 7.34E-06 002.3 227.2  65.5 0.023796 0.017814 0.006126 hargrave 2024-04-10 23:08:42 
AF  30 000.1  70.9 021.3  06.4 7.05E-06 002.4 228.5  65.0 0.023640 0.017600 0.005823 hargrave 2024-04-10 23:10:03 
AF  40 002.7  71.1 022.1  06.2 6.68E-06 002.5 229.1  65.8 0.023039 0.017416 0.005862 hargrave 2024-04-10 23:11:23 
AF  50 004.0  70.0 022.1  05.0 6.37E-06 002.5 231.9  65.6 0.021979 0.016764 0.005396 hargrave 2024-04-10 23:12:44 
AF  60 005.1  70.8 022.7  05.5 6.14E-06 002.5 230.8  66.3 0.020711 0.016400 0.005530 hargrave 2024-04-10 23:14:04 
AF  70 002.1  71.1 022.0  06.2 5.84E-06 002.5 228.9  65.6 0.019903 0.015827 0.005382 hargrave 2024-04-10 23:15:24 
AF  80 007.5  71.3 023.6  05.7 5.46E-06 002.6 230.5  67.2 0.019094 0.014988 0.005327 hargrave 2024-04-10 23:16:45 
AF  90 006.4  71.0 023.2  05.5 5.24E-06 002.4 230.8  66.8 0.017242 0.013031 0.004542 hargrave 2024-04-10 23:18:05 
AF 100 010.0  69.2 023.7  03.5 5.02E-06 002.6 236.3  67.0 0.017329 0.013741 0.004565 hargrave 2024-04-10 23:19:25 
AF 110 006.4  69.7 022.7  04.4 4.93E-06 002.5 233.6  66.2 0.016477 0.013176 0.004829 hargrave 2024-04-10 23:20:46 
AF 120 006.5  68.0 022.0  02.7 4.49E-06 002.5 237.3  65.3 0.014849 0.011756 0.005471 hargrave 2024-04-10 23:22:07 
AF 130 005.4  67.4 021.4  02.4 4.37E-06 002.6 237.9  64.6 0.015458 0.012302 0.004766 hargrave 2024-04-10 23:23:27 
AF 140 000.8  67.7 020.0  03.4 4.13E-06 002.6 235.0  63.4 0.014818 0.011058 0.004802 hargrave 2024-04-10 23:24:47 
AF 150 003.2  65.3 019.8  00.9 4.02E-06 002.4 240.4  62.7 0.012646 0.009863 0.004507 hargrave 2024-04-10 23:26:12 
AF 160 006.5  69.2 022.5  03.9 3.77E-06 002.6 234.8  65.9 0.013714 0.010367 0.003626 hargrave 2024-04-10 23:27:32 
AF 170 007.9  66.2 021.9  00.9 3.76E-06 002.6 241.5  64.7 0.013596 0.010340 0.003858 hargrave 2024-04-10 23:28:52 
AF 180 004.5  63.5 019.5 -01.1 3.54E-06 002.7 244.2  61.9 0.013195 0.010087 0.004248 hargrave 2024-04-10 23:30:12 
AF 190 016.0  65.7 024.9 -00.6 3.39E-06 002.7 247.0  67.2 0.012184 0.009852 0.004089 hargrave 2024-04-10 23:31:32 
AF 200 022.7  64.5 027.4 -02.3 3.29E-06 002.8 253.9  68.9 0.011685 0.009742 0.004442 hargrave 2024-04-10 23:32:53 
AF 220 011.6  67.3 023.6  01.5 2.91E-06 002.7 241.2  66.6 0.010408 0.008901 0.002763 hargrave 2024-04-10 23:34:16 
AF 240 011.7  60.8 021.7 -04.8 2.47E-06 002.7 253.4  62.6 0.008654 0.008053 0.001968 hargrave 2024-04-10 23:35:37 
AF 260 028.6  62.8 029.9 -04.2 2.38E-06 002.7 262.2  70.1 0.008275 0.007227 0.003190 hargrave 2024-04-10 23:36:57 
AF 280 024.1  65.4 028.1 -01.5 2.38E-06 002.8 252.7  69.9 0.008498 0.007886 0.002291 hargrave 2024-04-10 23:38:17 
AF 300 026.0  68.3 029.1  01.4 1.96E-06 002.7 245.5  71.9 0.006980 0.005937 0.002178 hargrave 2024-04-10 23:39:37 
AF 320 023.9  59.9 027.4 -06.9 2.05E-06 002.8 264.3  66.5 0.007191 0.006526 0.002276 hargrave 2024-04-10 23:40:57 
AF 340 029.9  42.8 030.1 -24.2 1.85E-06 002.7 292.2  55.1 0.005955 0.006110 0.001938 hargrave 2024-04-10 23:42:17 
AF 360 019.3  52.7 023.7 -13.6 1.71E-06 002.6 271.1  59.5 0.005479 0.005210 0.001652 hargrave 2024-04-10 23:43:37 
AF 380 028.9  53.7 029.7 -13.3 1.82E-06 002.7 279.3  63.9 0.006146 0.005836 0.002129 hargrave 2024-04-10 23:44:57 
AF 400 025.9  36.9 026.3 -30.0 1.34E-06 002.6 292.2  48.4 0.003845 0.004439 0.002137 hargrave 2024-04-10 23:46:17 
AF 420 032.8  37.5 032.6 -29.5 1.60E-06 002.9 299.4  51.3 0.005166 0.006340 0.002038 hargrave 2024-04-10 23:47:37 
AF 440 016.6  50.5 021.5 -15.4 1.30E-06 003.1 271.0  56.8 0.005008 0.004912 0.001770 hargrave 2024-04-10 23:48:58 
AF 460 042.6  36.3 041.7 -29.7 1.41E-06 002.8 312.0  53.2 0.004410 0.005407 0.001793 hargrave 2024-04-10 23:50:18 
AF 480 031.2  47.2 031.2 -19.8 1.00E-06 003.4 289.7  59.4 0.003824 0.004802 0.000994 hargrave 2024-04-10 23:51:38 
AF 500 040.9  53.5 037.0 -13.1 8.95E-07 003.9 293.6  68.0 0.004099 0.004437 0.000803 hargrave 2024-04-10 23:52:58 
AF 520 016.2  32.6 016.3 -32.6 1.24E-06 002.8 284.6  41.2 0.003700 0.004718 0.002200 hargrave 2024-04-10 23:54:19 
AF 540 016.4  49.6 021.2 -16.2 1.28E-06 003.0 271.8  56.0 0.004531 0.005408 0.000749 hargrave 2024-04-10 23:55:39 
AF 560 355.1  47.2 006.9 -12.7 9.24E-07 003.1 255.3  46.0 0.003742 0.003703 0.001059 hargrave 2024-04-10 23:57:00 
AF 580 001.1  40.9 007.3 -20.3 1.28E-06 003.2 265.0  42.9 0.004620 0.005616 0.002447 hargrave 2024-04-10 23:58:20 
AF 600 004.3  34.9 006.6 -26.8 1.25E-06 003.7 271.7  38.8 0.005639 0.006099 0.002681 hargrave 2024-04-10 23:59:41 
AF 650 019.2  32.0 018.9 -33.8 1.28E-06 003.4 288.0  41.7 0.004365 0.005076 0.003958 hargrave 2024-04-11 00:01:03 
AF 700 027.8  30.6 027.5 -36.3 1.07E-06 004.3 297.9  43.3 0.005073 0.005979 0.002619 hargrave 2024-04-11 00:02:24 
AF 750 021.9  45.4 024.2 -21.1 1.48E-06 002.6 281.3  54.5 0.004481 0.004486 0.002030 hargrave 2024-04-11 00:03:49 
AF 800 011.7  35.7 013.2 -28.6 1.45E-06 002.9 278.3  42.2 0.004346 0.005926 0.002396 hargrave 2024-04-11 00:05:11 
AF 850 008.7  39.5 012.3 -24.2 1.21E-06 003.7 273.0  44.5 0.005423 0.005568 0.002304 hargrave 2024-04-11 00:06:33 
AF 900 033.0  31.7 033.1 -35.2 1.02E-06 004.1 303.1  46.1 0.004183 0.006094 0.002101 hargrave 2024-04-11 00:07:55 
AF 950 081.2  48.3 061.9 -05.8 8.83E-07 002.9 010.0  70.1 0.002620 0.003451 0.001182 hargrave 2024-04-11 00:09:17 
AF1000 076.0  64.3 048.9  04.0 8.28E-07 003.4 359.4  86.3 0.002816 0.003963 0.001176 hargrave 2024-04-11 00:10:39 
