MF16- 22b sun compass orientation
      0 180.8  38.0 301.0  67.0   1.0
NRM    347.0  66.0 014.5  05.0 1.69E-04 001.7 211.7  41.3 0.421570 0.292840 0.164313 hargrave 2024-04-12 19:25:41 
TT  55 342.0  69.1 015.2  08.6 1.61E-04 001.8 206.9  41.7 0.398032 0.300296 0.173459 hargrave 2024-04-15 10:20:37 
TT 100 340.2  68.2 014.1  08.5 1.37E-04 001.6 207.2  40.6 0.317859 0.225288 0.143575 hargrave 2024-04-15 12:49:07 
TT 125 342.2  67.3 014.0  07.3 1.22E-04 001.7 208.8  40.6 0.326625 0.185199 0.109116 hargrave 2024-04-15 15:30:56 
TT 150 342.1  68.3 014.7  08.0 9.73E-05 001.4 207.7  41.2 0.214840 0.132431 0.083545 hargrave 2024-04-15 18:49:07 
TT 200 342.6  67.7 014.4  07.5 8.45E-05 001.4 208.5  41.0 0.198798 0.094921 0.071102 hargrave 2024-04-16 10:21:06 
TT 250 332.6  71.4 014.8  12.5 5.70E-05 001.2 201.8  40.8 0.114694 0.045109 0.059334 hargrave 2024-04-16 12:39:42 
TT 300 312.7  56.7 357.6  13.0 3.20E-05 001.6 203.6  24.0 0.077953 0.028190 0.051891 hargrave 2024-04-16 15:36:09 
TT 325 302.5  66.2 005.5  20.4 2.63E-05 001.5 194.3  30.6 0.075574 0.028086 0.029099 hargrave 2024-04-16 18:41:07 
TT 350 286.6  66.7 005.6  26.7 1.64E-05 002.3 187.1  29.3 0.074997 0.036820 0.021810 hargrave 2024-04-17 11:05:49 
TT 375 279.4  66.6 005.8  29.5 1.40E-05 002.3 183.9  28.7 0.061557 0.025265 0.024401 hargrave 2024-04-17 14:13:44 
TT 400 286.7  45.4 341.8  26.0 9.98E-06 002.3 191.2  08.4 0.044404 0.023050 0.025612 hargrave 2024-04-18 11:10:36 
TT 420 194.4  06.7 164.0  67.2 3.66E-06 002.1 104.8 -03.0 0.008799 0.006915 0.012079 hargrave 2024-04-18 15:02:56 
TT 430 205.7  40.6 043.9  71.8 9.50E-06 000.7 133.5  18.4 0.010822 0.013120 0.006964 hargrave 2024-04-19 09:34:49 
