MF16- 50b sun compass orientation
      0 167.8  24.0 301.0  67.0   1.0
NRM    000.2  68.1 020.0  03.9 1.08E-05 002.4 230.2  61.7 0.034592 0.029500 0.009852 hargrave 2024-04-12 20:11:46 
TT  50 005.4  67.1 021.3  02.1 9.32E-06 002.6 234.2  62.8 0.032014 0.026184 0.008299 hargrave 2024-04-15 11:09:05 
TT 100 018.9  63.7 025.7 -02.8 5.98E-06 002.5 247.8  65.8 0.019486 0.018311 0.003910 hargrave 2024-04-15 14:00:13 
TT 125 023.2  63.7 027.6 -03.1 4.35E-06 002.4 250.2  67.4 0.012911 0.013121 0.002699 hargrave 2024-04-15 17:11:49 
TT 150 031.3  59.1 031.2 -07.9 3.64E-06 002.5 266.0  68.1 0.010560 0.011306 0.003567 hargrave 2024-04-15 19:47:42 
TT 200 042.4  55.3 037.6 -11.1 2.57E-06 002.5 285.2  70.0 0.007021 0.009147 0.001872 hargrave 2024-04-16 11:17:59 
TT 250 117.4  67.3 055.2  19.7 1.92E-06 002.8 112.7  74.5 0.005601 0.006618 0.004006 hargrave 2024-04-16 13:45:24 
TT 300 094.4  23.0 088.7 -13.2 2.16E-06 002.1 022.1  45.7 0.006497 0.004716 0.001958 hargrave 2024-04-16 16:51:32 
TT 325 078.5  27.6 075.7 -21.7 1.67E-06 002.8 001.1  51.6 0.004909 0.006126 0.002492 hargrave 2024-04-17 09:14:14 
TT 350 129.3  30.2 095.2  18.1 1.62E-06 002.4 067.0  42.7 0.005925 0.001477 0.005495 hargrave 2024-04-17 12:20:59 
TT 375 152.0  29.4 100.7  37.2 1.95E-06 002.4 088.8  33.0 0.007199 0.004277 0.002652 hargrave 2024-04-17 15:30:29 
TT 400 162.4  14.0 123.3  43.2 2.85E-06 002.1 090.9  14.9 0.008904 0.002582 0.005310 hargrave 2024-04-18 11:36:44 
TT 420 170.8  43.2 079.8  51.3 3.14E-06 001.7 113.3  37.5 0.007644 0.005329 0.004714 hargrave 2024-04-18 15:32:56 
TT 430 161.4  47.7 076.1  43.7 2.71E-06 002.3 109.2  44.9 0.009425 0.007751 0.003200 hargrave 2024-04-19 10:04:44 
TT 440 168.1  33.5 095.7  51.1 2.01E-06 001.5 105.3  30.1 0.006266 0.005552 0.002456 hargrave 2024-04-19 13:36:56 
