MF16- 26a sun compass orientation
      0 167.9  37.0 301.0  67.0   1.0
NRM    357.7  68.9 019.6  05.0 6.19E-05 001.6 214.8  51.4 0.138651 0.080042 0.072611 hargrave 2024-04-01 09:19:50 
AF  10 354.5  68.1 018.1  04.9 5.82E-05 001.6 215.3  50.1 0.125335 0.079000 0.072664 hargrave 2024-04-01 09:21:11 
AF  20 353.9  67.4 017.5  04.5 5.47E-05 001.6 216.1  49.6 0.112951 0.073798 0.068370 hargrave 2024-04-01 09:22:32 
AF  30 351.9  66.7 016.5  04.4 5.10E-05 001.5 216.6  48.6 0.096474 0.071991 0.066469 hargrave 2024-04-01 09:23:52 
AF  40 351.7  66.6 016.4  04.3 4.65E-05 001.9 216.7  48.5 0.119219 0.080293 0.060197 hargrave 2024-04-01 09:25:14 
AF  50 350.3  66.1 015.7  04.3 4.35E-05 001.9 217.0  47.8 0.111531 0.082750 0.056672 hargrave 2024-04-01 09:26:35 
AF  60 352.7  65.5 016.1  03.2 3.88E-05 002.3 218.5  48.4 0.141357 0.057194 0.052084 hargrave 2024-04-01 09:27:55 
AF  70 351.8  64.5 015.2  02.6 3.58E-05 002.3 219.5  47.6 0.128607 0.066993 0.049506 hargrave 2024-04-01 09:29:19 
AF  80 349.5  64.5 014.4  03.2 3.29E-05 002.7 218.9  46.7 0.131801 0.080438 0.043564 hargrave 2024-04-01 09:30:40 
AF  90 357.7  65.6 017.9  02.2 2.92E-05 002.7 219.5  50.3 0.120628 0.067693 0.036657 hargrave 2024-04-01 09:32:01 
AF 100 354.6  65.9 017.0  03.1 2.61E-05 002.8 218.4  49.3 0.110953 0.060601 0.034327 hargrave 2024-04-01 09:33:21 
AF 110 351.3  64.8 015.2  03.0 2.45E-05 002.8 219.0  47.6 0.106223 0.056981 0.034878 hargrave 2024-04-01 09:34:42 
AF 120 357.7  63.8 016.9  00.6 2.26E-05 002.9 222.2  49.6 0.098297 0.055507 0.029627 hargrave 2024-04-01 09:36:03 
AF 130 359.6  61.2 016.4 -02.1 2.10E-05 002.9 226.4  49.3 0.090554 0.053294 0.028911 hargrave 2024-04-01 09:37:23 
AF 140 001.7  59.3 016.5 -04.3 1.84E-05 003.1 229.8  49.4 0.082817 0.050431 0.029552 hargrave 2024-04-01 09:38:44 
AF 150 001.3  63.4 018.2 -00.5 1.67E-05 003.3 223.7  51.0 0.080016 0.048196 0.028205 hargrave 2024-04-01 09:40:05 
AF 160 009.2  60.6 020.4 -04.5 1.48E-05 003.3 230.1  53.4 0.068013 0.047527 0.023342 hargrave 2024-04-01 09:41:25 
AF 170 017.0  63.3 024.8 -03.0 1.36E-05 003.3 227.2  57.7 0.062642 0.041515 0.021561 hargrave 2024-04-01 09:42:46 
AF 180 028.2  60.5 029.6 -06.5 1.16E-05 003.1 234.4  62.5 0.046865 0.038252 0.019613 hargrave 2024-04-01 09:44:07 
AF 190 026.1  63.3 028.8 -03.6 1.24E-05 003.1 228.2  61.7 0.052353 0.038125 0.016955 hargrave 2024-04-01 09:45:28 
AF 200 027.8  55.6 029.2 -11.3 1.05E-05 002.9 244.4  61.3 0.035593 0.037557 0.016635 hargrave 2024-04-01 09:46:48 
AF 220 027.3  53.6 028.7 -13.3 9.60E-06 002.9 248.2  60.4 0.027686 0.035047 0.021100 hargrave 2024-04-01 09:48:09 
AF 240 027.5  56.9 029.1 -10.1 9.35E-06 003.1 241.9  61.5 0.033352 0.033928 0.019811 hargrave 2024-04-01 09:49:33 
AF 260 055.9  67.6 040.2  02.5 6.75E-06 002.8 207.5  72.0 0.027837 0.018006 0.010536 hargrave 2024-04-01 09:50:54 
AF 280 041.2  64.2 035.4 -02.4 7.34E-06 002.8 224.6  68.3 0.028656 0.020264 0.013321 hargrave 2024-04-01 09:52:15 
AF 300 036.2  40.8 035.4 -26.0 4.50E-06 003.5 276.6  59.5 0.016321 0.020409 0.009690 hargrave 2024-04-01 09:53:36 
AF 320 077.2  56.6 054.4 -01.4 6.64E-06 002.1 186.4  86.4 0.020731 0.014188 0.006810 hargrave 2024-04-01 09:54:57 
AF 340 068.5  43.7 058.1 -15.0 5.82E-06 002.6 322.4  78.8 0.018595 0.017835 0.009268 hargrave 2024-04-01 09:56:18 
AF 360 098.7  28.6 085.9 -06.9 3.48E-06 003.7 040.3  61.1 0.012371 0.016726 0.012727 hargrave 2024-04-01 09:57:38 
AF 380 111.5  15.7 102.8 -02.3 5.50E-06 004.0 048.1  44.3 0.022946 0.029882 0.013002 hargrave 2024-04-01 09:58:59 
AF 400 093.3  30.0 082.1 -10.1 5.46E-06 003.6 032.2  64.4 0.025504 0.022919 0.010313 hargrave 2024-04-01 10:00:24 
AF 420 082.9  11.4 092.6 -28.7 4.33E-06 004.3 007.3  48.2 0.026028 0.017611 0.014459 hargrave 2024-04-01 10:01:44 
AF 440 039.3  08.9 046.3 -57.1 3.23E-06 004.8 310.4  36.0 0.017258 0.017034 0.013147 hargrave 2024-04-01 10:03:05 
AF 460 056.0  15.1 066.1 -44.7 3.19E-06 005.7 327.3  48.3 0.024220 0.018768 0.012363 hargrave 2024-04-01 10:04:25 
AF 480 127.5  24.1 100.7  14.8 3.49E-06 004.2 072.0  43.1 0.014634 0.024927 0.008843 hargrave 2024-04-01 10:05:47 
AF 500 121.2  50.6 072.8  17.7 5.27E-06 003.1 102.5  63.5 0.019267 0.024602 0.010758 hargrave 2024-04-01 10:07:07 
AF 520 156.0  07.6 128.1  35.1 4.58E-06 002.0 085.1  13.2 0.010011 0.030189 0.012421 hargrave 2024-04-01 10:08:28 
AF 540 124.6  12.8 110.5  08.2 5.26E-06 004.4 060.6  35.4 0.025569 0.034002 0.010439 hargrave 2024-04-01 10:09:49 
AF 560 075.6  47.1 060.0 -09.2 2.96E-06 006.5 345.3  83.9 0.022876 0.023738 0.010329 hargrave 2024-04-01 10:11:09 
AF 580 109.0  32.7 086.5  02.9 5.13E-06 003.3 060.2  59.9 0.020683 0.021836 0.010543 hargrave 2024-04-01 10:12:33 
AF 600 120.1  07.4 113.8  02.1 3.65E-06 005.3 052.6  33.0 0.022091 0.026551 0.009892 hargrave 2024-04-01 10:13:54 
