MF16- 24a sun compass orientation
      0 151.4  54.0 301.0  67.0   1.0
NRM    015.6  67.1 025.1  00.8 8.84E-05 001.7 205.5  49.5 0.211114 0.157227 0.078534 hargrave 2024-03-24 14:10:25 
AF  10 010.8  66.8 023.2  01.1 8.11E-05 001.7 207.0  47.9 0.182743 0.145971 0.075463 hargrave 2024-03-24 14:11:46 
AF  20 008.4  67.7 022.6  02.2 7.54E-05 003.4 206.3  46.8 0.375253 0.273513 0.071131 hargrave 2024-03-24 14:13:07 
AF  30 007.7  66.0 021.7  00.8 6.86E-05 001.9 208.7  47.0 0.191766 0.125339 0.066190 hargrave 2024-03-24 14:14:28 
AF  40 005.8  65.9 021.0  01.0 6.28E-05 001.6 209.1  46.3 0.156718 0.086679 0.061846 hargrave 2024-03-24 14:15:49 
AF  50 006.9  66.0 021.4  00.8 5.82E-05 001.9 208.9  46.7 0.179059 0.085673 0.056479 hargrave 2024-03-24 14:17:10 
AF  60 004.1  65.5 020.2  00.8 5.35E-05 001.9 210.1  45.8 0.167087 0.085986 0.051571 hargrave 2024-03-24 14:18:31 
AF  70 003.9  64.1 019.5 -00.4 4.88E-05 001.9 212.0  45.9 0.146277 0.082914 0.046803 hargrave 2024-03-24 14:19:51 
AF  80 004.9  63.8 019.8 -00.8 4.47E-05 002.0 212.3  46.4 0.130753 0.085259 0.042758 hargrave 2024-03-24 14:21:12 
AF  90 004.0  64.1 019.6 -00.4 4.18E-05 002.0 212.0  46.0 0.118617 0.085362 0.038698 hargrave 2024-03-24 14:22:33 
AF 100 000.6  63.1 017.8 -00.6 3.77E-05 001.3 213.7  44.6 0.058056 0.058693 0.036079 hargrave 2024-03-24 14:23:58 
AF 110 002.6  62.9 018.5 -01.2 3.55E-05 002.4 213.8  45.6 0.150660 0.057003 0.034375 hargrave 2024-03-24 14:25:19 
AF 120 360.0  61.6 016.8 -01.8 3.10E-05 002.7 215.9  44.5 0.136925 0.078321 0.036693 hargrave 2024-03-24 14:26:40 
AF 130 002.1  59.0 016.5 -04.6 2.87E-05 002.8 219.5  45.8 0.124192 0.077665 0.030840 hargrave 2024-03-24 14:28:05 
AF 140 005.2  59.4 018.2 -04.9 2.85E-05 002.8 218.5  47.3 0.130181 0.077508 0.026751 hargrave 2024-03-24 14:29:26 
AF 150 360.0  56.9 014.6 -05.9 2.65E-05 003.0 222.5  44.7 0.126419 0.073784 0.025837 hargrave 2024-03-24 14:30:47 
AF 160 359.2  56.1 013.8 -06.5 2.33E-05 003.1 223.6  44.3 0.114396 0.070457 0.022733 hargrave 2024-03-24 14:32:08 
AF 170 354.5  61.7 014.6 -00.4 2.22E-05 003.1 215.9  41.9 0.113756 0.065414 0.024937 hargrave 2024-03-24 14:33:28 
AF 180 350.2  55.5 009.2 -04.2 2.14E-05 003.1 223.8  39.2 0.110757 0.066242 0.021158 hargrave 2024-03-24 14:34:50 
AF 190 354.4  55.0 010.9 -06.0 2.14E-05 003.2 224.8  41.5 0.109224 0.068292 0.023420 hargrave 2024-03-24 14:36:10 
AF 200 003.0  60.8 017.7 -03.2 1.96E-05 003.2 216.8  46.1 0.102506 0.061384 0.019491 hargrave 2024-03-24 14:37:31 
AF 220 343.2  60.9 009.9  02.4 1.66E-05 003.3 216.2  36.4 0.090929 0.055089 0.023073 hargrave 2024-03-24 14:38:56 
AF 240 331.4  60.8 005.9  06.5 1.56E-05 003.3 214.7  30.8 0.091181 0.048052 0.020843 hargrave 2024-03-24 14:40:17 
AF 260 000.5  66.0 019.1  02.0 1.58E-05 003.3 209.7  44.2 0.090115 0.050316 0.016505 hargrave 2024-03-24 14:41:41 
AF 280 002.4  51.0 013.0 -11.8 1.51E-05 003.6 230.9  45.9 0.087136 0.055435 0.010336 hargrave 2024-03-24 14:43:02 
AF 300 347.6  60.4 011.2  00.6 1.24E-05 003.7 217.3  38.5 0.081204 0.044878 0.012750 hargrave 2024-03-24 14:44:23 
AF 320 331.3  52.2 359.0  01.3 1.29E-05 003.7 223.8  27.6 0.083732 0.048424 0.013089 hargrave 2024-03-24 14:45:44 
AF 340 353.3  52.2 008.8 -07.9 1.49E-05 003.7 228.3  40.5 0.089412 0.061242 0.016674 hargrave 2024-03-24 14:47:05 
AF 360 339.7  49.3 000.3 -04.5 1.19E-05 003.8 229.1  31.5 0.074974 0.049342 0.009217 hargrave 2024-03-24 14:48:26 
AF 380 339.9  43.2 356.0 -08.8 1.38E-05 003.5 235.7  29.3 0.080083 0.054364 0.011805 hargrave 2024-03-24 14:49:46 
AF 400 334.5  45.7 355.3 -04.3 1.42E-05 003.5 231.3  26.8 0.083454 0.048700 0.015336 hargrave 2024-03-24 14:51:07 
AF 420 350.6  49.6 005.8 -09.0 1.12E-05 003.8 231.3  38.3 0.069654 0.047083 0.008551 hargrave 2024-03-24 14:52:29 
AF 440 016.3  78.8 028.1  12.2 1.06E-05 003.1 190.9  43.4 0.070053 0.019651 0.011599 hargrave 2024-03-24 14:53:49 
AF 460 358.8  61.4 016.2 -01.7 9.10E-06 003.8 216.2  44.0 0.060304 0.033937 0.007052 hargrave 2024-03-24 14:55:10 
AF 480 350.6  57.8 010.8 -02.5 1.33E-05 003.5 220.9  39.7 0.078910 0.046088 0.008365 hargrave 2024-03-24 14:56:31 
AF 500 350.8  54.7 009.0 -05.0 1.09E-05 004.0 224.9  39.4 0.072306 0.043336 0.009110 hargrave 2024-03-24 14:57:51 
AF 520 345.9  62.4 011.8  02.6 8.81E-06 003.8 214.7  37.9 0.063919 0.027732 0.006733 hargrave 2024-03-24 14:59:12 
AF 540 348.0  52.9 006.6 -05.4 1.15E-05 004.0 226.7  37.4 0.074063 0.046915 0.006934 hargrave 2024-03-24 15:00:32 
AF 560 327.2  52.8 358.0  03.7 1.20E-05 004.0 222.0  25.6 0.082688 0.049756 0.012203 hargrave 2024-03-24 15:01:53 
AF 580 004.3  39.9 009.1 -22.4 8.10E-06 003.7 247.0  45.5 0.039622 0.039385 0.005223 hargrave 2024-03-24 15:03:14 
AF 600 068.8  58.4 049.8 -02.8 5.98E-06 003.5 170.0  67.1 0.033061 0.020264 0.010869 hargrave 2024-03-24 15:04:35 
