MF16- 35b sun compass orientation
      0 196.6  52.0 301.0  67.0   1.0
NRM    357.4  64.7 017.3  01.4 4.79E-05 001.6 206.8  26.5 0.131293 0.039086 0.086280 hargrave 2024-04-12 19:46:08 
TT  55 010.9  59.0 020.8 -06.3 4.56E-05 001.5 216.0  29.2 0.115619 0.040747 0.088147 hargrave 2024-04-15 10:39:16 
TT 100 315.3  77.3 017.9  19.3 2.02E-08 005.0 186.8  26.5 0.000215 0.000137 0.000153 hargrave 2024-04-15 13:10:05 
TT 100 352.5  61.6 013.8  00.1 3.84E-05 001.4 208.1  22.9 0.092949 0.019089 0.066565 hargrave 2024-04-15 13:42:14 
TT 125 144.0  83.1 038.0  25.5 2.40E-08 007.7 174.3  43.2 0.000220 0.000314 0.000161 hargrave 2024-04-15 15:51:14 
TT 125 002.1  53.6 014.1 -09.4 3.39E-05 002.1 218.4  22.2 0.100115 0.056706 0.062979 hargrave 2024-04-15 16:50:04 
TT 150 357.7  58.3 014.2 -04.2 2.67E-05 001.4 212.7  22.9 0.050718 0.021999 0.049565 hargrave 2024-04-15 19:07:44 
TT 200 165.6  76.5 042.3  32.1 1.83E-08 014.7 163.9  43.7 0.000245 0.000489 0.000191 hargrave 2024-04-16 10:41:21 
TT 200 000.1  61.4 016.7 -02.0 2.30E-05 001.9 210.6  25.7 0.063185 0.030014 0.044682 hargrave 2024-04-16 11:01:45 
TT 250 107.8  83.5 037.8  21.4 2.25E-08 007.1 179.8  44.3 0.000179 0.000215 0.000169 hargrave 2024-04-16 13:00:37 
TT 250 336.5  63.7 009.7  06.5 1.66E-05 002.1 201.0  19.1 0.059144 0.029273 0.033269 hargrave 2024-04-16 13:18:54 
TT 300 138.0  82.6 038.8  25.0 2.15E-08 004.3 174.6  44.0 0.000144 0.000071 0.000118 hargrave 2024-04-16 15:56:19 
TT 325 346.7  56.1 008.1 -02.4 1.06E-05 002.5 210.3  17.0 0.044204 0.017755 0.025102 hargrave 2024-04-16 18:58:42 
TT 350 189.0  84.5 033.3  28.1 1.94E-08 009.2 173.0  38.3 0.000271 0.000268 0.000148 hargrave 2024-04-17 11:27:35 
TT 350 352.5  59.4 012.5 -01.8 7.47E-06 002.3 210.0  21.5 0.027605 0.011586 0.016055 hargrave 2024-04-17 12:01:43 
TT 375 318.2  46.1 349.3  05.3 5.36E-06 002.0 201.3 -01.3 0.016201 0.008476 0.012375 hargrave 2024-04-17 14:33:04 
TT 400 248.1  73.4 018.7  35.8 1.56E-08 010.9 168.7  24.3 0.000187 0.000104 0.000230 hargrave 2024-04-18 11:28:02 
TT 400 318.4  26.0 331.7 -04.4 3.72E-06 002.1 210.2 -19.4 0.012191 0.007086 0.012008 hargrave 2024-04-18 12:08:51 
TT 420 137.6  71.9 050.6  26.9 3.23E-08 031.4 164.7  52.6 0.001314 0.001839 0.000296 hargrave 2024-04-18 15:21:54 
TT 420 282.5  33.8 328.5  27.4 2.29E-06 001.3 176.4 -18.1 0.005640 0.004097 0.004625 hargrave 2024-04-18 17:16:07 
TT 430 097.4  77.0 043.4  17.3 2.14E-08 007.1 183.3  50.6 0.000168 0.000099 0.000265 hargrave 2024-04-19 09:52:35 
