MF16- 67b mag compass orientation (IGRF corrected)
      0 166.1  22.0 301.0  67.0   1.0
NRM    338.7  66.2 012.2  07.5 7.42E-06 002.4 225.7  55.9 0.025638 0.019834 0.004728 hargrave 2024-04-12 20:42:48 
TT  50 338.9  62.5 009.6  04.9 5.97E-06 002.1 229.9  53.2 0.018778 0.015017 0.003069 hargrave 2024-04-15 11:40:35 
TT 100 336.1  56.8 004.4  02.1 3.63E-06 002.2 233.3  47.7 0.012526 0.011390 0.002944 hargrave 2024-04-15 14:30:19 
TT 125 338.9  51.8 001.8 -02.4 2.55E-06 002.3 239.1  44.4 0.008885 0.008816 0.002997 hargrave 2024-04-15 17:42:32 
TT 150 331.5  48.2 355.9 -01.2 1.98E-06 002.0 236.0  38.9 0.005733 0.006711 0.002807 hargrave 2024-04-15 20:17:38 
TT 200 330.2  35.2 344.9 -08.1 1.56E-06 002.2 241.7  26.7 0.005453 0.007377 0.002566 hargrave 2024-04-16 11:48:36 
TT 250 300.6  44.9 343.4  16.3 1.09E-06 002.1 214.1  27.7 0.003343 0.002502 0.001391 hargrave 2024-04-16 14:15:14 
TT 300 277.1  39.2 333.9  32.4 1.51E-06 001.6 197.1  18.4 0.003866 0.002521 0.002629 hargrave 2024-04-16 17:19:46 
TT 325 258.1  11.2 294.5  43.7 9.88E-07 001.4 182.0 -10.8 0.002762 0.001369 0.001921 hargrave 2024-04-17 09:45:40 
TT 350 269.1 -07.2 280.1  25.7 1.06E-06 002.4 194.7 -28.6 0.001952 0.002555 0.003885 hargrave 2024-04-17 12:52:35 
TT 375 267.9  09.7 297.2  34.1 2.02E-06 002.0 191.9 -11.9 0.006473 0.005144 0.003136 hargrave 2024-04-17 15:51:46 
TT 400 304.8  44.9 344.4  13.5 1.55E-06 002.4 217.3  28.6 0.004246 0.002733 0.004254 hargrave 2024-04-18 11:47:51 
TT 420 339.5  68.1 013.8  08.6 1.89E-06 002.4 223.7  57.6 0.007297 0.004498 0.002484 hargrave 2024-04-18 15:44:23 
TT 430 270.5  44.9 340.8  37.3 2.10E-06 001.6 191.1  23.4 0.007025 0.003257 0.002047 hargrave 2024-04-19 10:15:39 
