MF16- 59b sun compass orientation
      0 154.1  33.0 301.0  67.0   1.0
NRM    340.4  75.5 019.6  13.5 1.21E-05 002.7 206.2  55.8 0.047748 0.033312 0.014205 hargrave 2024-04-12 20:29:20 
TT  50 335.1  72.8 016.4  12.7 1.17E-05 002.6 209.8  53.5 0.047189 0.030321 0.010783 hargrave 2024-04-15 11:25:19 
TT 100 317.3  74.2 015.0  17.8 7.97E-06 002.7 203.9  49.8 0.034441 0.021212 0.008708 hargrave 2024-04-15 14:15:03 
TT 125 319.1  65.9 007.4  13.9 4.50E-06 003.0 213.9  45.1 0.019301 0.014562 0.007840 hargrave 2024-04-15 17:27:19 
TT 150 313.4  67.5 008.1  16.6 4.40E-06 003.1 210.1  44.5 0.020476 0.014713 0.007071 hargrave 2024-04-15 20:03:10 
TT 200 294.0  67.6 006.6  23.8 3.12E-06 003.4 202.4  39.9 0.015650 0.011108 0.006782 hargrave 2024-04-16 11:35:04 
TT 250 204.5  85.5 031.6  27.5 2.00E-06 003.7 175.2  53.4 0.009324 0.008500 0.004155 hargrave 2024-04-16 14:01:40 
TT 300 033.2  58.2 032.2 -08.8 1.93E-06 003.1 252.8  73.5 0.007177 0.006700 0.003866 hargrave 2024-04-16 17:06:13 
TT 325 023.5  57.2 026.9 -09.6 8.36E-07 007.1 252.3  68.3 0.004104 0.007686 0.006286 hargrave 2024-04-17 09:30:31 
TT 350 024.1  60.2 027.5 -06.7 1.37E-06 003.3 244.5  69.2 0.005174 0.004164 0.005324 hargrave 2024-04-17 12:37:19 
TT 375 313.0  42.0 343.9  06.8 1.19E-06 004.3 229.7  24.5 0.002345 0.002154 0.008558 hargrave 2024-04-17 15:37:26 
TT 400 068.8  00.8 093.3 -46.2 8.99E-07 004.0 005.6  33.7 0.004536 0.003381 0.004343 hargrave 2024-04-18 11:40:01 
TT 420 091.9 -06.1 115.0 -29.1 1.17E-06 004.5 030.2  22.9 0.006496 0.004069 0.005277 hargrave 2024-04-18 15:36:43 
TT 430 056.8  30.5 056.9 -31.1 1.65E-06 003.4 346.0  63.0 0.003173 0.008180 0.005789 hargrave 2024-04-19 10:07:46 
