MF16- 4a sun compass orientation
    9.4 182.3  28.0 301.0  67.0   1.0
NRM    012.2  63.0 022.6 -02.7 7.09E-06 001.9 232.0  55.4 0.020505 0.012729 0.003915 hargrave 2023-11-21 20:52:04 
AF  10 011.9  62.6 022.3 -03.1 6.82E-06 001.8 232.5  55.0 0.018699 0.012053 0.003600 hargrave 2023-11-21 20:53:25 
AF  20 012.7  62.8 022.7 -03.0 6.48E-06 001.9 232.6  55.5 0.017961 0.011591 0.003423 hargrave 2023-11-21 20:54:46 
AF  30 013.0  61.9 022.6 -03.9 6.01E-06 001.9 234.0  55.1 0.016449 0.010998 0.003391 hargrave 2023-11-21 20:56:06 
AF  40 013.2  61.8 022.7 -04.0 5.74E-06 001.9 234.2  55.1 0.015892 0.010750 0.003352 hargrave 2023-11-21 20:57:27 
AF  50 014.0  61.7 023.0 -04.2 5.40E-06 001.9 234.7  55.4 0.014734 0.010205 0.003490 hargrave 2023-11-21 20:58:48 
AF  60 012.5  61.4 022.2 -04.3 5.13E-06 001.9 234.4  54.6 0.014129 0.009745 0.003334 hargrave 2023-11-21 21:00:09 
AF  70 010.3  61.1 021.1 -04.3 4.81E-06 001.9 233.8  53.6 0.013771 0.009361 0.002733 hargrave 2023-11-21 21:01:29 
AF  80 014.3  62.1 023.2 -03.9 4.55E-06 001.9 234.3  55.7 0.012344 0.008681 0.002931 hargrave 2023-11-21 21:02:50 
AF  90 015.1  63.1 023.9 -03.0 4.31E-06 001.8 233.2  56.6 0.011421 0.008085 0.002944 hargrave 2023-11-21 21:04:11 
AF 100 011.1  62.2 021.8 -03.4 4.05E-06 001.9 232.7  54.5 0.011366 0.008004 0.002938 hargrave 2023-11-21 21:05:31 
AF 110 010.4  60.6 021.0 -04.8 3.84E-06 001.9 234.4  53.3 0.010713 0.007534 0.002513 hargrave 2023-11-21 21:06:52 
AF 120 012.9  65.6 023.6 -00.3 3.66E-06 001.9 228.4  57.1 0.010270 0.006656 0.002525 hargrave 2023-11-21 21:08:13 
AF 130 017.1  63.4 024.8 -02.9 3.61E-06 001.8 233.7  57.5 0.009048 0.006612 0.002671 hargrave 2023-11-21 21:09:34 
AF 140 016.9  61.5 024.3 -04.7 3.43E-06 001.8 236.4  56.4 0.008544 0.006509 0.002190 hargrave 2023-11-21 21:10:55 
AF 150 015.2  63.1 023.9 -03.0 3.27E-06 001.8 233.2  56.6 0.008514 0.006157 0.002594 hargrave 2023-11-21 21:12:15 
AF 160 011.8  59.1 021.2 -06.4 3.13E-06 001.9 237.1  52.9 0.008518 0.006395 0.002471 hargrave 2023-11-21 21:13:36 
AF 170 006.4  63.0 020.1 -01.8 3.05E-06 002.0 229.2  53.3 0.009104 0.006068 0.002586 hargrave 2023-11-21 21:14:56 
AF 180 014.8  62.1 023.5 -03.9 2.88E-06 001.8 234.5  55.9 0.007562 0.005570 0.002174 hargrave 2023-11-21 21:16:17 
AF 190 012.8  66.1 023.7  00.2 2.74E-06 001.9 227.6  57.3 0.007657 0.005026 0.002126 hargrave 2023-11-21 21:17:38 
AF 200 011.8  66.7 023.5  00.8 2.66E-06 001.9 226.3  57.3 0.007528 0.005014 0.002341 hargrave 2023-11-21 21:18:58 
AF 220 002.7  67.4 020.5  02.9 2.60E-06 002.0 221.7  54.8 0.008048 0.004804 0.001999 hargrave 2023-11-21 21:20:19 
AF 240 010.7  65.5 022.7 -00.2 2.34E-06 001.9 227.7  56.3 0.006865 0.004277 0.001301 hargrave 2023-11-21 21:21:40 
AF 260 028.6  65.4 030.0 -01.6 2.20E-06 001.6 234.8  62.8 0.005146 0.003802 0.001797 hargrave 2023-11-21 21:23:00 
AF 280 037.8  60.8 034.3 -06.0 1.70E-06 001.4 248.0  64.7 0.003144 0.003163 0.001530 hargrave 2023-11-21 21:24:21 
AF 300 010.7  63.6 022.1 -01.9 2.06E-06 002.0 230.4  55.2 0.005772 0.004169 0.002033 hargrave 2023-11-21 21:25:42 
AF 320 019.4  59.6 025.1 -06.9 1.64E-06 001.8 240.6  56.3 0.004065 0.003517 0.001513 hargrave 2023-11-21 21:27:02 
AF 340 026.4  63.2 028.9 -03.7 1.82E-06 001.6 238.0  61.0 0.004035 0.003453 0.001670 hargrave 2023-11-21 21:28:23 
AF 360 028.0  61.9 029.6 -05.1 1.71E-06 001.7 241.2  61.0 0.003983 0.003529 0.001356 hargrave 2023-11-21 21:29:43 
AF 380 045.1  61.1 037.8 -05.1 2.00E-06 001.4 251.1  68.0 0.003506 0.003779 0.001354 hargrave 2023-11-21 21:31:04 
AF 400 049.7  53.9 042.1 -11.4 1.73E-06 001.3 270.6  66.5 0.002205 0.003934 0.001713 hargrave 2023-11-21 21:32:25 
AF 420 043.5  61.4 036.9 -05.0 1.54E-06 001.5 249.6  67.4 0.002928 0.003087 0.001203 hargrave 2023-11-21 21:33:46 
AF 440 059.0  66.4 041.9  01.8 1.07E-06 001.4 238.7  75.1 0.001917 0.002045 0.001292 hargrave 2023-11-21 21:35:06 
AF 460 013.8  65.5 023.9 -00.5 1.27E-06 001.9 228.9  57.3 0.003625 0.002815 0.001045 hargrave 2023-11-21 21:36:27 
AF 480 025.1  62.5 028.3 -04.4 1.32E-06 001.7 238.8  60.1 0.002944 0.002739 0.001419 hargrave 2023-11-21 21:37:48 
AF 500 047.6  64.0 038.2 -02.0 1.32E-06 001.5 244.5  70.0 0.002438 0.002568 0.000763 hargrave 2023-11-21 21:39:08 
AF 520 022.1  58.6 026.4 -08.0 1.20E-06 002.3 243.4  56.8 0.003575 0.003507 0.001013 hargrave 2023-11-21 21:40:29 
AF 540 096.8  68.7 050.8  13.1 1.18E-06 001.2 166.6  83.0 0.001565 0.001751 0.001406 hargrave 2023-11-21 21:41:50 
AF 560 076.4  69.1 045.9  07.7 1.28E-06 001.5 216.0  80.4 0.002273 0.002409 0.001367 hargrave 2023-11-21 21:43:11 
AF 580 102.5  70.5 050.2  15.7 1.39E-06 001.1 158.8  80.6 0.002109 0.001660 0.000890 hargrave 2023-11-21 21:44:32 
AF 600 059.1  34.5 056.8 -26.6 1.15E-06 001.6 307.3  55.4 0.001950 0.003037 0.000470 hargrave 2023-11-21 21:45:52 
AF 650 074.8  37.4 066.0 -16.9 9.06E-07 001.8 328.0  63.1 0.001530 0.002607 0.000812 hargrave 2023-11-22 23:57:07 
AF 700 112.5  66.7 055.3  17.7 7.17E-07 001.5 127.0  80.2 0.001119 0.001475 0.000449 hargrave 2023-11-22 23:58:27 
AF 750 098.3  28.7 085.6 -07.1 1.02E-06 002.0 009.6  56.5 0.002832 0.002499 0.000950 hargrave 2023-11-22 23:59:48 
AF 800 095.0  48.9 067.2  01.7 9.94E-07 001.4 007.8  76.8 0.001258 0.002071 0.000948 hargrave 2023-11-23 00:01:10 
AF 850 123.0  38.1 085.7  15.5 6.20E-07 002.2 052.6  59.6 0.001324 0.001786 0.000855 hargrave 2023-11-23 00:02:31 
AF 900 061.2  09.3 076.9 -46.2 4.44E-07 003.3 322.8  32.6 0.001810 0.002364 0.000260 hargrave 2023-11-23 00:03:53 
AF 950 010.1 -37.6 257.2 -66.9 1.78E-07 004.0 295.9 -29.2 0.000599 0.001539 0.000402 hargrave 2023-11-23 00:05:15 
AF1000 106.1  24.3 092.9 -03.2 1.11E-06 002.3 020.3  51.1 0.003371 0.002908 0.001346 hargrave 2023-11-23 00:06:38 
