MF16- 51a sun compass orientation
      0 138.1  23.0 301.0  67.0   1.0
NRM    321.8  73.7 015.1  16.5 1.10E-05 003.5 218.0  62.9 0.054813 0.042110 0.003945 hargrave 2024-04-05 19:26:18 
AF  10 324.4  72.9 014.8  15.4 1.05E-05 003.5 220.4  63.2 0.051373 0.041665 0.004099 hargrave 2024-04-05 19:27:38 
AF  20 326.9  72.8 015.0  14.7 1.01E-05 003.4 221.4  63.8 0.048266 0.039996 0.003555 hargrave 2024-04-05 19:28:58 
AF  30 328.2  71.9 014.5  13.9 9.66E-06 003.4 223.6  63.7 0.045601 0.039249 0.003905 hargrave 2024-04-05 19:30:19 
AF  40 329.1  71.2 014.0  13.3 9.31E-06 003.4 225.3  63.6 0.044054 0.036891 0.004301 hargrave 2024-04-05 19:31:40 
AF  50 331.6  70.5 013.9  12.2 8.78E-06 003.4 227.6  63.9 0.039400 0.036113 0.004297 hargrave 2024-04-05 19:33:00 
AF  60 330.9  68.6 012.2  11.3 8.37E-06 003.4 230.8  62.7 0.036857 0.034621 0.005088 hargrave 2024-04-05 19:34:20 
AF  70 331.9  68.7 012.5  11.1 8.08E-06 003.4 231.2  63.0 0.035742 0.034006 0.005106 hargrave 2024-04-05 19:35:40 
AF  80 331.4  69.4 013.0  11.6 7.72E-06 003.4 229.6  63.3 0.034264 0.032085 0.005534 hargrave 2024-04-05 19:37:00 
AF  90 330.7  67.6 011.3  10.8 7.42E-06 003.5 232.6  62.1 0.032817 0.032531 0.006047 hargrave 2024-04-05 19:38:20 
AF 100 331.6  69.0 012.6  11.3 6.79E-06 003.5 230.5  63.1 0.029995 0.030417 0.004176 hargrave 2024-04-05 19:39:40 
AF 110 330.8  65.2 009.4  09.4 6.91E-06 003.5 236.5  60.7 0.029499 0.032026 0.006322 hargrave 2024-04-05 19:41:00 
AF 120 326.3  62.0 005.5  09.2 6.85E-06 003.6 238.7  57.0 0.030023 0.032615 0.006835 hargrave 2024-04-05 19:42:20 
AF 130 322.6  62.7 005.3  11.1 6.36E-06 003.8 235.5  56.3 0.029775 0.031300 0.006850 hargrave 2024-04-05 19:43:40 
AF 140 323.7  59.3 002.5  08.9 6.35E-06 003.8 240.3  54.2 0.027482 0.034122 0.007551 hargrave 2024-04-05 19:45:01 
AF 150 323.1  56.0 359.5  07.5 6.33E-06 003.8 243.4  51.4 0.028576 0.033859 0.007474 hargrave 2024-04-05 19:46:21 
AF 160 319.0  60.1 002.1  11.3 6.12E-06 003.9 236.4  53.3 0.030195 0.032025 0.004719 hargrave 2024-04-05 19:47:41 
AF 170 312.4  61.5 002.1  14.8 5.68E-06 004.0 230.9  52.2 0.030467 0.028456 0.004336 hargrave 2024-04-05 19:49:01 
AF 180 319.8  56.7 359.2  09.4 5.25E-06 003.8 240.4  50.9 0.025087 0.027630 0.003980 hargrave 2024-04-05 19:50:22 
AF 190 319.1  57.2 359.5  10.0 5.13E-06 003.8 239.4  51.1 0.024755 0.026112 0.003708 hargrave 2024-04-05 19:51:42 
AF 200 319.8  52.3 355.2  07.3 4.57E-06 003.9 244.4  47.3 0.021526 0.026326 0.003558 hargrave 2024-04-05 19:53:02 
AF 220 320.4  51.6 354.8  06.6 5.02E-06 003.8 245.5  47.0 0.023089 0.028466 0.003852 hargrave 2024-04-05 19:54:22 
AF 240 323.5  43.5 348.9  00.8 4.63E-06 003.9 254.1  41.3 0.019888 0.029234 0.007075 hargrave 2024-04-05 19:55:43 
AF 260 312.9  52.8 353.9  11.3 4.80E-06 004.0 239.0  45.4 0.024584 0.025831 0.005729 hargrave 2024-04-05 19:57:03 
AF 280 320.4  43.8 348.0  02.9 4.33E-06 003.8 251.3  40.4 0.018706 0.026200 0.006824 hargrave 2024-04-05 19:58:23 
AF 300 311.2  54.4 355.0  12.9 4.08E-06 004.1 236.6  46.1 0.021579 0.022256 0.003610 hargrave 2024-04-05 19:59:43 
AF 320 318.0  50.3 353.0  07.4 3.49E-06 004.0 244.7  45.1 0.016630 0.021028 0.003880 hargrave 2024-04-05 20:01:04 
AF 340 321.5  59.3 001.9  09.9 3.30E-06 004.2 238.9  53.4 0.016154 0.019462 0.003685 hargrave 2024-04-05 20:02:24 
AF 360 347.3  61.5 011.7  01.4 3.30E-06 003.5 252.9  64.1 0.011369 0.017502 0.003831 hargrave 2024-04-05 20:03:44 
AF 380 327.1  63.9 007.4  10.0 2.73E-06 004.0 236.4  58.6 0.011872 0.014665 0.004862 hargrave 2024-04-05 20:05:05 
AF 400 307.9  48.7 348.8  12.7 3.07E-06 004.3 238.3  40.2 0.017018 0.019608 0.003303 hargrave 2024-04-05 20:06:25 
AF 420 316.4  56.4 358.1  11.0 2.72E-06 004.3 238.4  49.5 0.014238 0.016486 0.003366 hargrave 2024-04-05 20:07:45 
AF 440 341.5  76.1 020.2  13.7 2.13E-06 003.9 217.0  68.6 0.009345 0.011338 0.002421 hargrave 2024-04-05 20:09:06 
AF 460 320.4  46.5 350.4  04.2 2.92E-06 003.9 249.4  42.7 0.013232 0.017981 0.004365 hargrave 2024-04-05 20:10:26 
AF 480 298.2  56.8 355.2  20.6 2.52E-06 004.6 225.9  44.2 0.016236 0.014819 0.002653 hargrave 2024-04-05 20:11:47 
AF 500 305.2  35.1 335.1  09.8 2.38E-06 004.3 243.7  27.2 0.013121 0.015703 0.005251 hargrave 2024-04-05 20:13:07 
AF 520 271.2  47.8 344.4  36.6 1.40E-06 005.4 211.8  29.3 0.011100 0.008802 0.004627 hargrave 2024-04-05 20:14:27 
AF 540 296.6  35.2 332.9  16.4 2.33E-06 004.7 236.6  24.4 0.016261 0.014241 0.002612 hargrave 2024-04-05 20:15:48 
AF 560 267.1  61.7 001.9  36.0 2.02E-06 004.7 203.6  41.8 0.016045 0.009973 0.003136 hargrave 2024-04-05 20:17:08 
AF 580 279.9  52.4 349.5  30.8 1.70E-06 004.7 216.1  35.6 0.012395 0.007210 0.004342 hargrave 2024-04-05 20:18:28 
AF 600 222.9  30.6 339.0  76.9 9.64E-07 003.6 175.5  07.7 0.009193 0.004074 0.003162 hargrave 2024-04-05 20:19:48 
AF 650 253.5  25.4 313.4  51.3 1.69E-06 003.7 202.9  04.3 0.014844 0.005939 0.004447 hargrave 2024-04-05 20:21:09 
AF 700 190.9  40.6 070.2  65.6 1.94E-06 004.0 150.5  21.2 0.014809 0.007895 0.002013 hargrave 2024-04-05 20:22:29 
AF 750 252.2  60.6 004.8  42.9 1.11E-06 005.0 194.9  38.8 0.008545 0.006954 0.001643 hargrave 2024-04-05 20:23:49 
AF 800 244.6  31.9 325.0  59.1 1.18E-06 005.5 194.1  09.7 0.012544 0.007700 0.006001 hargrave 2024-04-05 20:25:11 
AF 850 233.5  13.9 281.8  66.8 1.05E-06 002.7 185.4 -09.0 0.008825 0.002007 0.005370 hargrave 2024-04-05 20:26:31 
AF 900 222.4  32.5 346.8  76.2 1.17E-06 003.3 175.1  09.6 0.011069 0.003193 0.003756 hargrave 2024-04-05 20:27:51 
AF 950 257.2 -24.0 257.7  25.0 5.86E-07 003.4 217.7 -43.4 0.002964 0.003230 0.005975 hargrave 2024-04-05 20:29:12 
AF1000 244.6 -29.4 244.3  28.5 2.52E-06 002.6 203.2 -51.1 0.011507 0.005486 0.006340 hargrave 2024-04-05 20:30:32 
