MF16- 42a sun compass orientation
      0 169.1  31.0 301.0  67.0   1.0
NRM    333.0  73.4 016.6  13.6 1.08E-05 003.4 206.0  51.3 0.062499 0.031160 0.007311 hargrave 2024-04-03 21:38:55 
AF  10 331.1  73.5 016.3  14.1 9.87E-06 003.3 205.4  51.0 0.056816 0.026379 0.006751 hargrave 2024-04-03 21:40:15 
AF  20 328.2  73.2 015.6  14.6 9.10E-06 003.3 204.9  50.1 0.053472 0.023977 0.006372 hargrave 2024-04-03 21:41:36 
AF  30 321.2  74.3 015.6  16.8 8.60E-06 003.3 201.6  49.5 0.051601 0.020896 0.005944 hargrave 2024-04-03 21:42:56 
AF  40 312.0  73.7 014.0  19.0 7.85E-06 003.3 199.3  47.3 0.048965 0.016990 0.006239 hargrave 2024-04-03 21:44:16 
AF  50 301.7  72.7 012.3  21.7 7.44E-06 003.3 196.5  44.9 0.047895 0.015500 0.006775 hargrave 2024-04-03 21:45:37 
AF  60 300.0  71.7 011.2  22.1 6.89E-06 003.3 196.5  43.7 0.045316 0.014492 0.006435 hargrave 2024-04-03 21:46:57 
AF  70 301.4  73.5 013.2  21.9 6.68E-06 003.3 195.8  45.5 0.043486 0.013756 0.006049 hargrave 2024-04-03 21:48:17 
AF  80 300.0  71.9 011.4  22.1 6.53E-06 003.3 196.4  43.9 0.043539 0.013317 0.006885 hargrave 2024-04-03 21:49:38 
AF  90 304.5  70.4 010.1  20.4 6.40E-06 003.4 199.2  43.3 0.042570 0.014063 0.006645 hargrave 2024-04-03 21:50:58 
AF 100 295.2  68.3 007.4  23.4 5.70E-06 003.4 196.5  40.0 0.039574 0.012230 0.007210 hargrave 2024-04-03 21:52:18 
AF 110 302.4  68.3 007.7  20.8 5.21E-06 003.5 199.6  41.2 0.035741 0.011844 0.005881 hargrave 2024-04-03 21:53:38 
AF 120 298.1  68.2 007.3  22.3 4.79E-06 003.5 197.9  40.3 0.033611 0.011635 0.005945 hargrave 2024-04-03 21:54:58 
AF 130 289.9  66.7 005.5  25.4 4.79E-06 003.3 194.9  37.7 0.033937 0.010055 0.005715 hargrave 2024-04-03 21:56:18 
AF 140 289.9  68.1 007.1  25.4 4.65E-06 003.3 194.2  39.1 0.033088 0.009163 0.006457 hargrave 2024-04-03 21:57:39 
AF 150 314.7  71.9 012.6  17.7 4.53E-06 003.3 201.8  46.4 0.028988 0.009814 0.004122 hargrave 2024-04-03 21:58:59 
AF 160 318.7  70.7 011.9  16.1 3.94E-06 003.4 204.3  46.3 0.024733 0.009614 0.003795 hargrave 2024-04-03 22:00:19 
AF 170 298.4  72.2 011.7  22.6 4.02E-06 003.3 195.6  44.0 0.027245 0.007725 0.004282 hargrave 2024-04-03 22:01:39 
AF 180 315.8  71.5 012.3  17.2 3.69E-06 003.3 202.6  46.3 0.023108 0.008240 0.002816 hargrave 2024-04-03 22:02:59 
AF 190 279.8  65.5 004.6  29.6 3.40E-06 003.0 190.4  35.5 0.024411 0.006775 0.004413 hargrave 2024-04-03 22:04:20 
AF 200 283.6  70.2 009.6  27.4 3.16E-06 003.0 190.6  40.3 0.021796 0.006163 0.004399 hargrave 2024-04-03 22:05:40 
AF 220 311.1  70.0 010.3  18.2 3.43E-06 003.3 202.0  44.2 0.022266 0.008055 0.003634 hargrave 2024-04-03 22:07:01 
AF 240 298.5  59.1 357.7  20.8 2.54E-06 003.6 202.6  32.0 0.018393 0.007677 0.004013 hargrave 2024-04-03 22:08:21 
AF 260 283.1  62.3 000.7  28.5 2.71E-06 003.0 193.0  32.7 0.020433 0.006215 0.004238 hargrave 2024-04-03 22:09:41 
AF 280 324.8  62.8 005.9  10.3 2.45E-06 003.5 213.9  41.7 0.014320 0.007982 0.003978 hargrave 2024-04-03 22:11:01 
AF 300 302.3  63.3 002.5  19.8 1.97E-06 003.6 202.6  36.6 0.013888 0.005795 0.005209 hargrave 2024-04-03 22:12:21 
AF 320 317.4  71.5 012.5  16.8 2.50E-06 003.2 203.1  46.6 0.015017 0.006328 0.004385 hargrave 2024-04-03 22:13:41 
AF 340 252.6  69.2 013.7  37.6 1.71E-06 002.6 177.1  38.2 0.011603 0.003346 0.005760 hargrave 2024-04-03 22:15:01 
AF 360 344.0  76.6 021.0  13.6 1.21E-06 003.3 203.9  55.4 0.006387 0.003331 0.004427 hargrave 2024-04-03 22:16:21 
AF 380 239.4  72.4 020.5  38.1 1.80E-06 002.7 172.1  42.1 0.011484 0.003114 0.005816 hargrave 2024-04-03 22:17:41 
AF 400 277.1  71.7 011.8  29.2 2.16E-06 002.9 187.4  41.3 0.014812 0.004756 0.004295 hargrave 2024-04-03 22:19:01 
AF 420 224.3  55.3 017.3  56.3 1.65E-06 002.7 158.5  27.6 0.011263 0.003974 0.005746 hargrave 2024-04-03 22:20:20 
AF 440 284.4  47.0 343.4  27.7 9.64E-07 004.8 197.9  18.0 0.008263 0.004356 0.004480 hargrave 2024-04-03 22:21:40 
AF 460 230.1  53.8 010.8  56.0 1.20E-06 003.4 161.6  25.2 0.008488 0.004035 0.006641 hargrave 2024-04-03 22:23:00 
AF 480 217.9  11.4 241.8  76.7 1.39E-06 004.3 138.7 -12.1 0.008101 0.005151 0.006966 hargrave 2024-04-03 22:24:20 
AF 500 218.5  18.8 271.2  81.9 1.19E-06 004.7 141.7 -05.4 0.007039 0.005964 0.006507 hargrave 2024-04-03 22:25:40 
AF 520 196.8  21.3 125.7  76.7 9.50E-07 005.6 124.0  05.1 0.004912 0.003795 0.008088 hargrave 2024-04-03 22:27:00 
AF 540 218.5  26.3 328.7  82.4 1.44E-06 004.3 144.3  01.7 0.009153 0.006025 0.008099 hargrave 2024-04-03 22:28:20 
AF 560 189.8  16.0 136.4  68.9 1.47E-06 004.2 115.8  03.5 0.004798 0.007999 0.008404 hargrave 2024-04-03 22:29:41 
AF 580 246.4  11.0 287.5  54.2 1.50E-06 003.9 166.8 -19.2 0.010172 0.006705 0.006732 hargrave 2024-04-03 22:31:00 
AF 600 220.7 -04.6 231.2  60.8 1.56E-06 004.7 135.4 -28.1 0.007531 0.007277 0.009203 hargrave 2024-04-03 22:32:20 
AF 650 237.4  50.5 000.8  55.7 1.69E-06 002.9 165.4  20.9 0.012562 0.004951 0.007678 hargrave 2024-04-03 22:33:40 
AF 700 196.1  08.9 163.4  69.9 1.48E-06 004.6 117.8 -05.7 0.005870 0.007228 0.008832 hargrave 2024-04-03 22:34:59 
AF 750 215.6 -03.4 221.1  63.2 1.79E-06 004.2 130.6 -25.1 0.007382 0.009037 0.007410 hargrave 2024-04-03 22:36:19 
AF 800 180.1  10.3 139.1  57.8 1.27E-06 003.9 104.6  03.2 0.003735 0.005483 0.007640 hargrave 2024-04-03 22:37:39 
AF 850 196.9  05.1 171.6  67.6 1.57E-06 004.1 116.8 -09.4 0.005703 0.007806 0.007649 hargrave 2024-04-03 22:38:59 
AF 900 259.8 -07.6 274.2  33.4 1.43E-06 003.4 180.8 -38.6 0.008130 0.004649 0.005358 hargrave 2024-04-03 22:40:19 
AF 950 249.7 -05.6 268.7  42.6 1.47E-06 004.1 168.4 -36.1 0.009197 0.005838 0.007353 hargrave 2024-04-03 22:41:39 
AF1000 200.4 -39.3 201.8  26.9 1.28E-06 004.8 091.6 -48.6 0.005418 0.005851 0.007990 hargrave 2024-04-03 22:43:00 
