MF16- 32b sun compass orientation
      0 177.8  53.0 301.0  67.0   1.0
NRM    010.7  75.1 025.8  09.0 1.69E-05 001.3 198.8  38.9 0.040823 0.019348 0.018700 hargrave 2024-04-12 19:43:10 
TT  55 015.5  72.5 026.4  06.1 1.62E-05 002.3 202.0  40.3 0.065379 0.023779 0.020634 hargrave 2024-04-15 10:36:15 
TT 100 011.5  75.4 026.1  09.1 1.36E-05 002.2 198.4  39.1 0.054442 0.017715 0.017702 hargrave 2024-04-15 13:05:30 
TT 125 003.0  74.4 023.7  09.1 1.20E-05 002.2 199.5  36.8 0.050316 0.015522 0.014674 hargrave 2024-04-15 15:47:27 
TT 150 011.8  74.2 025.8  08.0 9.26E-06 002.2 199.9  39.2 0.037708 0.013405 0.010774 hargrave 2024-04-15 19:04:47 
TT 200 343.5  76.4 020.7  13.5 7.39E-06 002.1 195.7  32.6 0.030132 0.009411 0.010481 hargrave 2024-04-16 10:37:34 
TT 250 011.4  66.7 023.4  00.9 5.03E-06 002.3 209.6  38.8 0.019932 0.007472 0.006716 hargrave 2024-04-16 12:56:04 
TT 300 059.3  41.2 053.4 -20.7 3.04E-06 002.7 250.5  67.6 0.008913 0.010945 0.003921 hargrave 2024-04-16 15:51:44 
TT 325 060.4  21.2 066.1 -37.4 3.02E-06 002.0 296.0  61.4 0.005373 0.009968 0.001833 hargrave 2024-04-16 18:55:45 
TT 350 043.2  10.9 051.7 -54.1 2.68E-06 001.8 291.4  42.2 0.003756 0.008370 0.004181 hargrave 2024-04-17 11:23:00 
TT 375 045.1  00.6 063.1 -62.7 2.58E-06 000.9 302.6  36.4 0.001915 0.005807 0.005637 hargrave 2024-04-17 14:27:55 
TT 400 018.3  16.8 012.5 -48.3 3.18E-06 001.8 268.1  26.2 0.006151 0.009658 0.004695 hargrave 2024-04-18 11:24:17 
TT 420 011.8  13.4 001.8 -49.0 2.59E-06 001.4 267.3  19.1 0.003181 0.005804 0.004254 hargrave 2024-04-18 15:16:35 
TT 430 027.4  76.3 030.1  09.3 1.52E-08 055.8 196.3  42.4 0.001733 0.001348 0.000308 hargrave 2024-04-19 09:48:49 
TT 430 018.1  30.4 017.4 -35.2 1.03E-06 001.7 254.5  32.9 0.002690 0.002100 0.000683 hargrave 2024-04-19 12:00:55 
TT 440 110.0  18.3 099.9 -02.5 4.05E-07 004.6 052.2  62.9 0.002999 0.001882 0.000775 hargrave 2024-04-19 13:35:29 
