MF16- 51b sun compass orientation
      0 138.1  23.0 301.0  67.0   1.0
NRM    351.1  70.8 018.7  07.9 9.92E-06 002.3 233.4  70.0 0.030585 0.023509 0.009829 hargrave 2024-04-12 20:13:17 
TT  50 352.9  68.8 018.0  05.9 8.87E-06 002.2 239.6  69.9 0.027106 0.020944 0.008053 hargrave 2024-04-15 11:10:33 
TT 100 357.6  61.3 015.7 -01.6 5.78E-06 002.3 260.7  67.9 0.016746 0.014858 0.008011 hargrave 2024-04-15 14:01:45 
TT 125 359.8  58.2 015.1 -04.8 4.24E-06 002.3 268.7  66.8 0.011606 0.010595 0.007633 hargrave 2024-04-15 17:13:16 
TT 150 002.6  58.4 016.5 -05.3 3.43E-06 001.9 270.8  68.0 0.007584 0.007013 0.006776 hargrave 2024-04-15 19:49:13 
TT 200 003.1  53.0 014.4 -10.2 2.56E-06 001.9 280.6  64.4 0.005223 0.005431 0.005231 hargrave 2024-04-16 11:19:28 
TT 250 343.6  55.6 006.4 -01.7 1.53E-06 002.3 259.0  58.7 0.005427 0.003291 0.000786 hargrave 2024-04-16 13:46:53 
TT 300 312.1 -06.9 298.9 -12.8 1.28E-06 002.5 267.1 -08.7 0.003186 0.001852 0.004909 hargrave 2024-04-16 16:52:59 
TT 325 234.9  74.0 022.9  37.4 1.43E-06 001.9 183.0  51.1 0.004522 0.002125 0.001907 hargrave 2024-04-17 09:15:41 
TT 350 243.2  23.3 308.0  60.5 1.51E-06 001.9 193.8  01.0 0.006253 0.003360 0.001545 hargrave 2024-04-17 12:22:30 
