MF16- 33a sun compass orientation
      0 188.3  52.0 301.0  67.0   1.0
NRM    009.1  60.2 020.3 -04.9 2.34E-05 003.1 216.2  32.7 0.118606 0.053572 0.038955 hargrave 2024-04-02 16:53:08 
AF  10 007.6  59.3 019.2 -05.4 2.25E-05 003.1 216.8  31.6 0.111961 0.052259 0.038246 hargrave 2024-04-02 16:54:29 
AF  20 005.7  58.1 017.9 -06.2 2.12E-05 003.3 217.6  30.3 0.107109 0.066074 0.037259 hargrave 2024-04-02 16:55:53 
AF  30 005.4  57.4 017.4 -06.8 2.01E-05 003.2 218.3  29.8 0.103551 0.048212 0.033627 hargrave 2024-04-02 16:57:14 
AF  40 005.7  56.8 017.4 -07.4 1.83E-05 003.3 219.1  29.7 0.097505 0.046589 0.030968 hargrave 2024-04-02 16:58:34 
AF  50 005.0  54.8 016.2 -09.0 1.70E-05 003.4 220.9  28.5 0.090893 0.047807 0.027915 hargrave 2024-04-02 16:59:56 
AF  60 006.7  53.2 016.5 -10.9 1.54E-05 003.5 223.0  28.7 0.086196 0.042389 0.025802 hargrave 2024-04-02 17:01:16 
AF  70 011.8  52.8 019.2 -12.4 1.33E-05 003.7 224.9  31.3 0.077696 0.040615 0.022162 hargrave 2024-04-02 17:02:37 
AF  80 010.2  50.2 017.4 -14.6 1.21E-05 003.8 227.3  29.3 0.071075 0.042097 0.019557 hargrave 2024-04-02 17:03:58 
AF  90 011.7  48.7 017.9 -16.3 1.14E-05 004.0 229.3  29.6 0.069661 0.039248 0.017932 hargrave 2024-04-02 17:05:19 
AF 100 012.9  47.8 018.4 -17.3 1.00E-05 004.0 230.5  29.9 0.058909 0.037823 0.015207 hargrave 2024-04-02 17:06:40 
AF 110 016.2  47.3 020.5 -18.4 9.74E-06 004.0 232.1  31.7 0.057473 0.035169 0.015123 hargrave 2024-04-02 17:08:01 
AF 120 021.0  47.3 023.8 -19.1 9.74E-06 003.8 233.6  34.8 0.054749 0.034491 0.014976 hargrave 2024-04-02 17:09:22 
AF 130 025.7  46.7 027.2 -20.2 8.90E-06 003.8 235.7  37.6 0.049367 0.032705 0.013805 hargrave 2024-04-02 17:10:42 
AF 140 019.8  47.8 023.1 -18.5 7.82E-06 004.0 232.7  34.2 0.044808 0.030681 0.012623 hargrave 2024-04-02 17:12:03 
AF 150 027.6  45.6 028.4 -21.3 7.39E-06 003.8 237.5  38.5 0.039324 0.030033 0.010250 hargrave 2024-04-02 17:13:24 
AF 160 020.5  41.3 022.3 -24.9 7.16E-06 003.9 240.1  32.1 0.038785 0.028757 0.011950 hargrave 2024-04-02 17:14:45 
AF 170 025.4  40.7 026.2 -26.1 6.68E-06 003.9 242.5  35.2 0.035629 0.028476 0.009802 hargrave 2024-04-02 17:16:06 
AF 180 022.7  41.5 024.1 -25.1 6.21E-06 004.1 240.7  33.7 0.036406 0.027531 0.007528 hargrave 2024-04-02 17:17:26 
AF 190 019.5  39.1 021.0 -26.9 5.80E-06 004.0 242.0  30.5 0.032406 0.024389 0.009339 hargrave 2024-04-02 17:18:47 
AF 200 033.4  47.1 032.8 -19.9 5.97E-06 003.8 237.1  42.8 0.033333 0.022363 0.008417 hargrave 2024-04-02 17:20:08 
AF 220 041.9  36.2 041.1 -29.9 5.71E-06 003.3 254.2  45.7 0.023661 0.023384 0.008603 hargrave 2024-04-02 17:21:29 
AF 240 027.2  40.2 027.8 -26.7 4.85E-06 003.7 243.7  36.4 0.024196 0.019439 0.007744 hargrave 2024-04-02 17:22:50 
AF 260 028.7  36.9 028.8 -30.0 4.76E-06 003.7 248.0  36.1 0.023217 0.019128 0.010502 hargrave 2024-04-02 17:24:11 
AF 280 015.5  22.8 011.7 -41.8 4.27E-06 003.5 255.7  19.3 0.020334 0.018838 0.007994 hargrave 2024-04-02 17:25:31 
AF 300 019.9  19.7 015.9 -46.0 4.33E-06 003.1 260.8  20.9 0.018228 0.020912 0.005843 hargrave 2024-04-02 17:26:52 
AF 320 043.4  31.0 043.9 -34.7 4.37E-06 003.5 261.6  44.9 0.018948 0.017179 0.009892 hargrave 2024-04-02 17:28:12 
AF 340 028.0  18.7 026.7 -48.2 3.66E-06 002.9 266.4  26.6 0.012513 0.016019 0.008017 hargrave 2024-04-02 17:29:33 
AF 360 035.3  32.4 035.5 -34.5 3.58E-06 003.5 256.1  39.2 0.015433 0.015839 0.006567 hargrave 2024-04-02 17:30:53 
AF 380 062.9  26.8 064.5 -31.4 3.26E-06 003.5 280.1  58.3 0.014217 0.013946 0.005142 hargrave 2024-04-02 17:32:14 
AF 400 043.1  26.9 044.9 -38.7 3.73E-06 003.2 266.6  42.8 0.013774 0.016030 0.007291 hargrave 2024-04-02 17:33:35 
AF 420 051.5  10.5 064.0 -50.9 2.66E-06 003.5 290.6  40.0 0.009375 0.011973 0.007983 hargrave 2024-04-02 17:34:56 
AF 440 027.5  12.4 025.1 -54.5 2.78E-06 003.1 271.8  22.7 0.010204 0.014267 0.006613 hargrave 2024-04-02 17:36:16 
AF 460 024.1  10.1 018.8 -56.2 2.98E-06 003.1 271.6  18.6 0.011292 0.016241 0.006610 hargrave 2024-04-02 17:37:37 
AF 480 050.6  10.6 062.8 -51.3 3.28E-06 003.9 289.8  39.4 0.014370 0.016758 0.008812 hargrave 2024-04-02 17:38:58 
AF 500 059.4  27.0 061.3 -32.9 2.75E-06 003.1 277.0  55.7 0.009067 0.008589 0.009000 hargrave 2024-04-02 17:40:18 
AF 520 033.6  18.6 034.8 -48.3 2.35E-06 003.4 269.9  31.1 0.008869 0.011283 0.006668 hargrave 2024-04-02 17:41:39 
AF 540 077.7  19.5 081.8 -27.7 2.08E-06 003.9 310.2  64.3 0.009863 0.009323 0.004480 hargrave 2024-04-02 17:43:04 
AF 560 094.4  11.5 098.9 -19.1 2.15E-06 003.9 351.4  63.3 0.010028 0.010498 0.003220 hargrave 2024-04-02 17:44:24 
AF 580 103.5  07.0 107.4 -13.1 2.96E-06 003.7 010.0  58.7 0.012116 0.014351 0.004496 hargrave 2024-04-02 17:45:45 
AF 600 076.9  11.0 088.9 -33.6 2.96E-06 003.2 319.0  56.9 0.011213 0.012402 0.003034 hargrave 2024-04-02 17:47:06 
AF 650 088.4 -13.2 121.4 -34.9 2.50E-06 003.6 347.7  37.9 0.012689 0.011416 0.005688 hargrave 2024-04-02 17:48:27 
AF 700 063.8 -14.0 110.7 -57.7 2.56E-06 003.6 321.2  28.7 0.011587 0.010548 0.006440 hargrave 2024-04-02 17:49:48 
AF 750 097.7  13.4 098.8 -15.3 1.33E-06 005.0 358.5  65.4 0.008833 0.008245 0.001854 hargrave 2024-04-02 17:51:12 
AF 800 091.3  37.6 074.9 -07.0 2.08E-06 003.4 272.1  84.5 0.008955 0.008694 0.001928 hargrave 2024-04-02 17:52:36 
AF 850 099.8 -44.3 160.1 -30.7 1.62E-06 004.2 001.1  07.7 0.011821 0.009685 0.005916 hargrave 2024-04-02 17:53:57 
AF 900 050.4  06.7 065.9 -54.8 1.55E-06 005.2 293.3  36.6 0.011138 0.011360 0.002588 hargrave 2024-04-02 17:55:18 
AF 950 117.2  20.4 100.7  04.5 3.45E-06 003.1 048.3  66.0 0.011020 0.015075 0.004884 hargrave 2024-04-02 17:56:39 
AF1000 134.0 -46.4 168.2 -08.1 7.42E-07 005.2 023.7 -00.2 0.005018 0.004810 0.004151 hargrave 2024-04-02 17:58:01 
