MF16- 40b sun compass orientation
      0 163.4  45.0 301.0  67.0   1.0
NRM    334.3  68.2 012.6  10.1 1.12E-05 002.3 207.7  37.9 0.047229 0.018179 0.013604 hargrave 2024-04-12 19:56:18 
TT  55 341.1  70.2 015.7  09.6 9.41E-06 002.2 206.7  40.9 0.035975 0.013342 0.012087 hargrave 2024-04-15 10:46:47 
TT 100 005.8  72.1 023.4  06.6 4.75E-06 002.4 205.7  49.1 0.018416 0.008229 0.005215 hargrave 2024-04-15 13:17:35 
TT 125 354.1  75.0 021.9  10.7 3.94E-06 002.1 201.4  45.8 0.015424 0.004910 0.003031 hargrave 2024-04-15 15:58:49 
TT 150 350.3  77.4 022.6  13.3 3.05E-06 002.1 197.9  45.1 0.011905 0.004658 0.003132 hargrave 2024-04-15 19:15:17 
TT 200 301.1  69.4 008.8  21.4 1.83E-06 002.1 197.4  29.6 0.007147 0.002013 0.003117 hargrave 2024-04-16 10:48:51 
TT 250 026.3  00.9 019.5 -65.7 1.28E-06 003.1 302.7  29.5 0.004079 0.005717 0.002727 hargrave 2024-04-16 13:08:04 
TT 300 004.0 -50.4 241.7 -55.5 1.63E-06 002.1 319.7 -22.7 0.002274 0.004458 0.005856 hargrave 2024-04-16 16:03:48 
TT 325 331.7  33.5 344.2 -10.2 1.77E-06 002.5 238.1  15.7 0.004699 0.001938 0.006142 hargrave 2024-04-16 19:06:04 
TT 350 067.5  17.4 075.7 -36.1 1.28E-06 002.4 348.0  61.9 0.004659 0.002750 0.001444 hargrave 2024-04-17 11:35:01 
TT 375 321.3  25.7 332.7 -06.8 1.61E-06 002.2 236.8  03.9 0.005155 0.002331 0.003483 hargrave 2024-04-17 14:40:29 
