MF16- 52a sun compass orientation
      0 172.9  32.0 301.0  67.0   1.0
NRM    342.6  63.2 011.3  04.2 1.23E-05 003.7 219.3  45.6 0.073154 0.041744 0.013903 hargrave 2024-04-05 20:33:02 
AF  10 340.5  62.3 009.9  04.2 1.14E-05 003.7 219.4  44.2 0.068492 0.038934 0.012735 hargrave 2024-04-05 20:34:21 
AF  20 339.5  61.9 009.3  04.3 1.07E-05 003.8 219.3  43.7 0.065540 0.036776 0.012415 hargrave 2024-04-05 20:35:41 
AF  30 336.5  61.2 007.8  04.9 9.79E-06 003.9 218.5  42.2 0.061677 0.034366 0.011107 hargrave 2024-04-05 20:37:02 
AF  40 336.9  61.4 008.1  04.9 9.00E-06 004.0 218.6  42.4 0.058476 0.032389 0.011251 hargrave 2024-04-05 20:38:22 
AF  50 335.6  58.2 005.2  03.2 8.29E-06 004.1 220.8  39.6 0.054758 0.031528 0.011441 hargrave 2024-04-05 20:39:42 
AF  60 328.5  55.6 000.8  04.7 7.63E-06 004.3 219.0  35.1 0.054550 0.029979 0.011490 hargrave 2024-04-05 20:41:02 
AF  70 327.9  52.0 357.6  03.0 7.48E-06 004.4 221.1  32.0 0.053370 0.031296 0.011441 hargrave 2024-04-05 20:42:22 
AF  80 333.6  52.6 000.2  00.6 7.25E-06 004.3 224.1  34.6 0.049749 0.030755 0.011523 hargrave 2024-04-05 20:43:43 
AF  90 328.3  48.9 355.3  01.0 6.65E-06 004.6 223.4  29.6 0.048684 0.029955 0.011434 hargrave 2024-04-05 20:45:03 
AF 100 330.7  48.1 355.6 -00.8 6.18E-06 004.6 225.4  29.9 0.044340 0.028451 0.010807 hargrave 2024-04-05 20:46:23 
AF 110 330.7  49.8 356.9  00.2 5.69E-06 004.4 224.3  31.3 0.039482 0.024869 0.009068 hargrave 2024-04-05 20:47:43 
AF 120 329.1  42.3 350.2 -03.3 6.20E-06 004.6 228.0  24.4 0.043855 0.029823 0.009437 hargrave 2024-04-05 20:49:02 
AF 130 337.7  42.8 354.6 -07.9 5.71E-06 004.4 233.5  28.3 0.035994 0.028144 0.010400 hargrave 2024-04-05 20:50:23 
AF 140 334.3  34.2 346.2 -11.4 5.16E-06 004.5 236.3  19.7 0.032499 0.027875 0.010329 hargrave 2024-04-05 20:51:43 
AF 150 331.2  40.9 350.0 -05.4 4.79E-06 004.6 230.2  24.0 0.031799 0.022794 0.010936 hargrave 2024-04-05 20:53:03 
AF 160 336.2  43.0 354.0 -07.0 5.19E-06 004.6 232.4  27.8 0.034296 0.025837 0.011123 hargrave 2024-04-05 20:54:23 
AF 170 356.3  39.1 003.0 -19.9 4.82E-06 003.7 249.1  34.0 0.020519 0.024530 0.010960 hargrave 2024-04-05 20:55:43 
AF 180 327.1  40.5 347.9 -03.1 4.38E-06 004.7 227.6  22.1 0.029948 0.020309 0.009968 hargrave 2024-04-05 20:57:03 
AF 190 329.2  44.3 351.9 -02.2 4.46E-06 004.5 226.9  26.1 0.030090 0.021096 0.007710 hargrave 2024-04-05 20:58:22 
AF 200 337.3  35.7 348.9 -12.4 4.61E-06 004.2 237.7  22.3 0.025771 0.023835 0.008526 hargrave 2024-04-05 20:59:42 
AF 220 317.7  14.1 320.7 -09.3 3.92E-06 004.5 232.7 -05.2 0.026007 0.020992 0.011355 hargrave 2024-04-05 21:01:02 
AF 240 323.3  07.8 317.5 -17.1 3.64E-06 004.0 240.5 -08.3 0.020089 0.020659 0.010082 hargrave 2024-04-05 21:02:23 
AF 260 309.2  13.0 316.2 -02.3 4.01E-06 004.6 225.6 -09.5 0.027571 0.018980 0.011366 hargrave 2024-04-05 21:03:43 
AF 280 315.0  26.9 331.0 -01.3 3.47E-06 004.7 225.0  05.3 0.023894 0.016334 0.010457 hargrave 2024-04-05 21:05:03 
AF 300 295.7  20.4 318.1  12.4 3.16E-06 004.4 210.8 -07.0 0.025114 0.011249 0.011704 hargrave 2024-04-05 21:06:23 
AF 320 317.0  23.0 328.4 -04.6 2.72E-06 004.9 228.3  02.6 0.017869 0.012728 0.011384 hargrave 2024-04-05 21:07:42 
AF 340 317.2  14.4 320.8 -08.7 2.97E-06 004.6 232.2 -05.0 0.018333 0.014568 0.011281 hargrave 2024-04-05 21:09:02 
AF 360 284.7 -05.5 289.4  12.7 2.21E-06 003.7 206.8 -34.8 0.014725 0.006495 0.012317 hargrave 2024-04-05 21:10:22 
AF 380 303.2  25.2 325.1  07.7 2.64E-06 004.8 215.8 -00.3 0.021110 0.010362 0.010163 hargrave 2024-04-05 21:11:42 
AF 400 318.1  21.1 327.2 -06.4 3.01E-06 004.4 230.0  01.4 0.019587 0.015853 0.006341 hargrave 2024-04-05 21:13:02 
AF 420 294.0  15.8 313.1  12.4 2.42E-06 004.3 210.5 -11.8 0.019139 0.008626 0.007843 hargrave 2024-04-05 21:14:22 
AF 440 322.3  22.0 329.9 -09.4 3.15E-06 004.5 233.1  03.9 0.019103 0.016939 0.010738 hargrave 2024-04-05 21:15:42 
AF 460 295.1  05.1 303.4  07.5 2.98E-06 004.0 214.8 -21.8 0.022279 0.012198 0.006400 hargrave 2024-04-05 21:17:02 
AF 480 294.8 -08.6 290.6  02.3 3.66E-06 003.5 219.5 -34.9 0.021292 0.012929 0.011845 hargrave 2024-04-05 21:18:22 
AF 500 320.0 -04.6 304.2 -19.3 3.15E-06 003.6 243.5 -20.8 0.016046 0.017774 0.009035 hargrave 2024-04-05 21:19:42 
AF 520 332.8  09.2 323.7 -24.6 3.78E-06 003.3 248.1 -02.5 0.017133 0.023986 0.003957 hargrave 2024-04-05 21:21:02 
AF 540 330.1  31.8 342.0 -10.1 2.59E-06 004.3 234.5  15.8 0.015372 0.014727 0.003790 hargrave 2024-04-05 21:22:22 
AF 560 291.7 -05.5 292.3  06.4 3.29E-06 003.7 214.8 -32.9 0.020916 0.012005 0.005534 hargrave 2024-04-05 21:23:42 
AF 580 309.6  01.3 305.5 -07.4 3.14E-06 004.1 230.8 -20.2 0.018565 0.015956 0.005419 hargrave 2024-04-05 21:25:02 
AF 600 300.0 -09.8 291.6 -02.9 5.65E-06 003.6 225.8 -34.1 0.031581 0.024152 0.011836 hargrave 2024-04-05 21:26:22 
AF 650 284.8 -10.7 284.6  10.3 4.31E-06 003.2 208.6 -39.9 0.026551 0.012176 0.009088 hargrave 2024-04-05 21:27:42 
AF 700 286.3 -06.1 289.5  11.0 4.86E-06 003.5 208.8 -35.0 0.031587 0.015181 0.005835 hargrave 2024-04-05 21:29:02 
AF 750 293.4 -16.7 282.7  00.3 4.22E-06 003.3 221.6 -43.0 0.021983 0.015481 0.006595 hargrave 2024-04-05 21:30:22 
AF 800 301.0 -34.4 268.8 -12.7 2.84E-06 002.5 243.7 -55.4 0.010549 0.010534 0.005148 hargrave 2024-04-05 21:31:42 
AF 850 285.5 -09.3 286.2  10.3 1.83E-06 003.1 208.9 -38.2 0.012871 0.005725 0.006190 hargrave 2024-04-05 21:33:02 
AF 900 268.1 -05.3 281.5  27.5 5.27E-06 002.5 186.5 -37.1 0.035603 0.008377 0.004842 hargrave 2024-04-05 21:34:22 
AF 950 248.0 -24.1 250.7  30.8 4.49E-06 002.1 156.1 -54.5 0.018884 0.005407 0.005129 hargrave 2024-04-05 21:35:43 
AF1000 271.8 -22.5 267.7  15.4 5.00E-06 002.3 194.0 -54.0 0.023107 0.008012 0.009154 hargrave 2024-04-05 21:37:04 
