MF16- 21b sun compass orientation
      0 176.9  40.0 301.0  67.0   1.0
NRM    350.1  69.7 017.8  07.2 6.62E-05 002.1 208.5  43.8 0.235086 0.109906 0.077683 hargrave 2024-04-12 19:24:09 
TT  55 340.0  76.5 020.2  14.2 6.33E-05 001.9 198.2  44.5 0.182101 0.108201 0.077053 hargrave 2024-04-15 10:19:08 
TT 100 350.2  71.1 018.7  08.3 5.38E-05 001.9 206.8  44.5 0.172430 0.064806 0.069918 hargrave 2024-04-15 12:47:37 
TT 125 349.8  69.1 017.3  06.8 4.83E-05 001.6 209.2  43.4 0.143081 0.060217 0.055035 hargrave 2024-04-15 15:29:25 
TT 150 346.7  73.0 019.0  10.4 3.84E-05 002.0 203.8  44.4 0.139410 0.056471 0.040731 hargrave 2024-04-15 18:47:38 
TT 200 348.0  73.4 019.6  10.5 3.42E-05 002.1 203.4  44.9 0.122384 0.057740 0.032522 hargrave 2024-04-16 10:19:36 
TT 250 354.2  71.1 019.7  07.5 2.19E-05 002.3 207.6  45.6 0.093347 0.040818 0.023577 hargrave 2024-04-16 12:38:13 
TT 300 052.1  68.3 038.7  02.7 1.38E-05 003.2 210.0  65.1 0.061664 0.047689 0.012276 hargrave 2024-04-16 15:34:39 
TT 325 031.8  58.4 031.4 -08.6 9.44E-06 004.0 233.4  57.7 0.050170 0.041297 0.016188 hargrave 2024-04-16 18:39:39 
TT 350 069.4  59.4 049.4 -01.7 1.24E-05 003.4 220.0  76.3 0.053099 0.051604 0.010481 hargrave 2024-04-17 11:04:19 
TT 375 098.1  54.6 063.5  06.4 7.12E-06 003.9 128.2  81.8 0.033040 0.036022 0.009001 hargrave 2024-04-17 14:10:08 
TT 400 051.8 -45.4 178.9 -61.9 3.73E-06 002.5 335.8 -10.1 0.010044 0.017416 0.003726 hargrave 2024-04-18 11:09:08 
TT 420 144.1 -41.1 167.1  00.9 3.31E-06 004.1 040.8 -13.9 0.017262 0.017535 0.007511 hargrave 2024-04-18 15:01:28 
TT 430 075.3  09.8 088.8 -35.7 2.01E-06 003.6 342.5  48.7 0.011950 0.010159 0.006351 hargrave 2024-04-19 09:33:17 
