MF16- 16a sun compass orientation
  129.5 184.7  28.0 301.0  67.0   1.0
NRM    041.8  66.4 035.3 -00.2 1.34E-05 002.0 235.7  67.3 0.039882 0.020955 0.013976 hargrave 2023-11-22 18:43:18 
AF  10 040.0  66.5 034.6 -00.2 1.27E-05 002.0 235.0  66.6 0.037469 0.020563 0.013125 hargrave 2023-11-22 18:44:39 
AF  20 035.1  68.0 032.6  01.0 1.21E-05 002.1 230.4  65.2 0.037904 0.018188 0.012195 hargrave 2023-11-22 18:46:00 
AF  30 037.0  69.4 033.1  02.5 1.19E-05 002.0 227.3  66.2 0.037159 0.017752 0.010664 hargrave 2023-11-22 18:47:20 
AF  40 035.5  71.0 032.5  04.0 1.17E-05 002.0 223.4  65.9 0.035458 0.015425 0.010481 hargrave 2023-11-22 18:48:41 
AF  50 035.7  72.2 032.4  05.3 1.13E-05 002.0 220.3  66.1 0.034777 0.014589 0.009338 hargrave 2023-11-22 18:50:03 
AF  60 031.6  70.1 031.2  03.1 1.09E-05 002.1 224.9  64.5 0.033594 0.020253 0.008892 hargrave 2023-11-22 18:51:26 
AF  70 023.7  72.7 028.8  05.9 9.99E-06 002.0 217.7  62.7 0.033444 0.012627 0.006765 hargrave 2023-11-22 18:52:47 
AF  80 022.3  74.1 028.6  07.3 9.33E-06 002.1 214.6  62.6 0.032402 0.011639 0.005786 hargrave 2023-11-22 18:54:08 
AF  90 020.1  76.8 028.5  10.0 9.13E-06 002.1 208.7  62.6 0.032318 0.010915 0.005227 hargrave 2023-11-22 18:55:28 
AF 100 009.9  74.9 025.6  08.9 8.98E-06 002.1 210.9  59.7 0.032094 0.011328 0.007036 hargrave 2023-11-22 18:56:49 
AF 110 005.0  77.9 025.6  12.0 8.65E-06 002.0 204.6  59.8 0.031163 0.010619 0.004566 hargrave 2023-11-22 18:58:10 
AF 120 010.9  77.9 026.8  11.6 7.75E-06 002.1 205.4  60.9 0.028792 0.009259 0.004974 hargrave 2023-11-22 18:59:30 
AF 130 017.1  81.5 028.9  14.7 7.67E-06 002.1 198.3  62.6 0.028699 0.009115 0.004298 hargrave 2023-11-22 19:00:51 
AF 140 013.5  77.7 027.3  11.2 8.12E-06 002.1 206.1  61.4 0.028386 0.012510 0.005934 hargrave 2023-11-22 19:02:14 
AF 150 022.7  74.2 028.7  07.4 8.01E-06 002.1 214.4  62.8 0.027180 0.009765 0.007487 hargrave 2023-11-22 19:03:34 
AF 160 024.7  73.7 029.2  06.8 7.37E-06 002.3 215.8  63.2 0.027086 0.014024 0.005044 hargrave 2023-11-22 19:04:58 
AF 170 013.8  69.4 025.0  03.2 9.21E-06 001.9 221.7  58.5 0.026903 0.009492 0.013352 hargrave 2023-11-22 19:06:19 
AF 180 018.2  76.1 027.9  09.4 7.47E-06 002.1 209.8  62.1 0.023552 0.011019 0.009001 hargrave 2023-11-22 19:07:43 
AF 190 018.5  72.6 027.3  06.0 6.69E-06 002.1 217.1  61.2 0.023742 0.008555 0.005599 hargrave 2023-11-22 19:09:03 
AF 200 022.2  70.9 028.1  04.2 6.72E-06 002.1 221.1  61.7 0.022386 0.007882 0.006712 hargrave 2023-11-22 19:10:24 
AF 220 017.7  67.4 025.9  01.0 7.27E-06 001.8 226.3  58.8 0.018435 0.007223 0.013014 hargrave 2023-11-22 19:11:45 
AF 240 357.5  60.1 015.0 -02.6 5.74E-06 002.2 227.0  47.4 0.018865 0.007564 0.009676 hargrave 2023-11-22 19:13:05 
AF 260 005.2  65.4 020.5  00.6 4.37E-06 002.3 224.5  53.5 0.015726 0.005021 0.005958 hargrave 2023-11-22 19:14:26 
AF 280 353.4  53.2 009.4 -07.1 4.62E-06 002.2 230.7  40.7 0.014034 0.006606 0.011805 hargrave 2023-11-22 19:15:47 
AF 300 019.7  47.0 022.8 -19.2 5.78E-06 001.6 254.1  46.8 0.011469 0.007727 0.010938 hargrave 2023-11-22 19:17:08 
AF 320 005.1  45.6 012.3 -17.5 5.75E-06 001.9 244.7  39.3 0.014446 0.009612 0.010725 hargrave 2023-11-22 19:18:29 
AF 340 357.7  47.8 008.8 -13.1 4.72E-06 002.1 237.8  38.0 0.013099 0.008143 0.010766 hargrave 2023-11-22 19:19:49 
AF 360 352.6  48.7 006.3 -10.5 4.41E-06 002.3 233.7  36.7 0.013568 0.006941 0.010899 hargrave 2023-11-22 19:21:10 
AF 380 011.0  54.7 019.4 -10.4 4.12E-06 001.9 240.3  48.6 0.010328 0.004864 0.010142 hargrave 2023-11-22 19:22:30 
AF 400 011.9  68.5 024.1  02.6 3.52E-06 001.9 222.5  57.5 0.009455 0.001947 0.009672 hargrave 2023-11-22 19:23:51 
AF 420 039.5  73.6 033.4  06.8 1.57E-06 004.0 216.9  67.3 0.007476 0.005001 0.008401 hargrave 2023-11-22 19:25:12 
AF 440 002.7  75.2 024.0  09.9 3.34E-06 001.7 208.9  58.2 0.008714 0.001854 0.007672 hargrave 2023-11-22 19:26:32 
AF 460 085.4  61.8 053.7  05.2 3.06E-06 001.5 268.8  85.6 0.005845 0.005337 0.002826 hargrave 2023-11-22 19:27:53 
AF 480 118.2  43.5 079.2  13.7 3.05E-06 002.3 047.7  67.0 0.007790 0.010253 0.001514 hargrave 2023-11-22 19:29:15 
AF 500 107.4  41.3 078.2  05.4 2.32E-06 003.1 026.0  67.9 0.008054 0.009948 0.002344 hargrave 2023-11-22 19:30:35 
AF 520 134.0  65.6 057.7  26.2 3.08E-06 002.4 119.0  72.6 0.008641 0.009098 0.002046 hargrave 2023-11-22 19:31:55 
AF 540 069.8  72.3 042.1  08.8 2.96E-06 002.3 212.3  76.1 0.008882 0.007654 0.004889 hargrave 2023-11-22 19:33:16 
AF 560 097.2  63.6 055.5  10.7 4.13E-06 002.0 145.2  88.0 0.010802 0.009389 0.004495 hargrave 2023-11-22 19:34:36 
AF 580 095.8  40.8 074.3 -02.3 2.95E-06 002.1 002.3  68.8 0.007681 0.008771 0.001802 hargrave 2023-11-22 19:35:57 
AF 600 111.1  44.7 076.2  09.3 2.33E-06 003.1 036.4  70.3 0.007855 0.008685 0.005426 hargrave 2023-11-22 19:37:18 
