MF16- 47b sun compass orientation
      0 197.0  24.0 301.0  67.0   1.0
NRM    017.6  58.4 024.0 -07.8 8.99E-06 002.6 236.9  51.3 0.033456 0.021842 0.013745 hargrave 2024-04-12 20:04:05 
TT  50 014.7  60.8 023.1 -05.1 7.98E-06 002.4 232.5  52.1 0.028729 0.016748 0.011865 hargrave 2024-04-15 11:03:00 
TT 100 022.8  66.9 027.8  00.1 4.41E-06 002.7 229.2  58.9 0.017302 0.010896 0.007228 hargrave 2024-04-15 13:54:53 
TT 125 063.1  66.4 043.3  02.7 2.61E-06 002.5 248.5  72.7 0.007983 0.007281 0.005226 hargrave 2024-04-15 17:05:43 
TT 150 098.1  70.6 049.4  14.5 2.18E-06 002.6 211.4  84.3 0.007091 0.006942 0.004360 hargrave 2024-04-15 19:41:32 
TT 200 121.6  51.9 071.5  18.3 1.53E-06 002.9 034.6  74.2 0.004973 0.006237 0.003788 hargrave 2024-04-16 11:12:41 
TT 250 186.9  63.0 046.7  46.8 4.49E-07 001.8 123.0  57.8 0.000990 0.001919 0.002140 hargrave 2024-04-16 13:40:03 
TT 300 154.8 -12.7 148.1  24.4 1.22E-06 003.3 046.4  03.8 0.008884 0.001880 0.002038 hargrave 2024-04-16 16:46:15 
TT 325 030.0  69.8 030.6  02.8 1.11E-06 002.6 227.2  62.7 0.001507 0.004569 0.002369 hargrave 2024-04-17 09:07:21 
TT 350 152.9  74.3 046.4  30.5 3.71E-06 002.1 138.6  72.9 0.011321 0.008926 0.003831 hargrave 2024-04-17 12:14:04 
