MF16- 1a sun compass orientation
      0 182.0  43.0 301.0  67.0   1.0
NRM    213.5 -13.7 215.1  53.2 9.43E-06 001.3 104.2 -31.3 0.013015 0.020443 0.007739 hargrave 2023-11-21 18:05:35 
AF  10 214.0 -13.7 215.9  53.2 9.11E-06 001.3 104.6 -31.6 0.011555 0.019752 0.007971 hargrave 2023-11-21 18:06:55 
AF  20 214.8 -13.4 217.3  53.4 8.68E-06 001.3 105.6 -32.0 0.011396 0.019012 0.007948 hargrave 2023-11-21 18:08:16 
AF  30 215.6 -12.0 218.8  54.7 8.23E-06 001.5 107.3 -31.4 0.007728 0.026256 0.007935 hargrave 2023-11-21 18:09:40 
AF  40 215.9 -10.3 219.6  56.3 7.60E-06 001.4 108.8 -30.3 0.010989 0.017067 0.007434 hargrave 2023-11-21 18:11:02 
AF  50 216.3 -10.0 220.6  56.6 7.19E-06 001.4 109.5 -30.3 0.010265 0.016134 0.006943 hargrave 2023-11-21 18:12:24 
AF  60 216.2 -08.9 220.7  57.7 6.84E-06 001.5 110.2 -29.5 0.010707 0.015980 0.007169 hargrave 2023-11-21 18:13:45 
AF  70 216.4 -07.8 221.4  58.8 6.46E-06 001.5 111.2 -28.7 0.010079 0.015253 0.006895 hargrave 2023-11-21 18:15:05 
AF  80 218.3 -06.0 225.7  60.1 6.17E-06 001.6 114.1 -28.6 0.010396 0.014635 0.006388 hargrave 2023-11-21 18:16:26 
AF  90 218.3 -04.6 226.4  61.5 5.97E-06 001.6 115.1 -27.5 0.010152 0.014174 0.006346 hargrave 2023-11-21 18:17:46 
AF 100 220.0 -01.7 231.8  63.8 5.67E-06 001.7 118.7 -26.2 0.006999 0.019272 0.005818 hargrave 2023-11-21 18:19:10 
AF 110 217.9 -02.2 226.9  64.0 5.39E-06 001.7 116.5 -25.3 0.009527 0.013694 0.005433 hargrave 2023-11-21 18:20:31 
AF 120 218.5  01.9 231.1  67.7 5.21E-06 001.7 119.7 -22.4 0.010317 0.012780 0.005550 hargrave 2023-11-21 18:21:51 
AF 130 220.8  04.1 239.0  68.8 5.09E-06 001.8 123.0 -22.0 0.010872 0.012710 0.004930 hargrave 2023-11-21 18:23:12 
AF 140 222.3  03.3 241.6  67.5 4.52E-06 001.9 123.9 -23.4 0.009581 0.012050 0.004476 hargrave 2023-11-21 18:24:32 
AF 150 221.3  03.5 239.6  68.1 4.39E-06 001.8 123.1 -22.7 0.009451 0.010956 0.004264 hargrave 2023-11-21 18:25:53 
AF 160 223.6  04.4 246.2  67.8 4.25E-06 001.9 125.8 -23.3 0.010271 0.009533 0.004332 hargrave 2023-11-21 18:27:14 
AF 170 225.4  04.0 249.5  66.4 4.16E-06 001.9 127.2 -24.6 0.010007 0.010070 0.004223 hargrave 2023-11-21 18:28:34 
AF 180 226.6  08.9 260.1  69.5 3.87E-06 002.0 131.0 -21.1 0.010121 0.009735 0.003854 hargrave 2023-11-21 18:29:55 
AF 190 221.9  14.3 262.9  76.5 3.68E-06 002.0 130.0 -14.1 0.010004 0.009226 0.004221 hargrave 2023-11-21 18:31:15 
AF 200 222.1  12.9 259.0  75.4 4.03E-06 001.9 129.3 -15.4 0.008202 0.013491 0.004234 hargrave 2023-11-21 18:32:39 
AF 220 225.9  12.7 267.4  72.4 3.61E-06 001.9 132.5 -17.5 0.010110 0.008576 0.003717 hargrave 2023-11-21 18:33:59 
AF 240 220.9  12.9 255.4  76.2 3.43E-06 002.0 128.3 -14.7 0.008973 0.008779 0.003755 hargrave 2023-11-21 18:35:19 
AF 260 219.2  30.3 347.8  79.7 2.96E-06 001.9 136.5  00.8 0.009685 0.006785 0.004141 hargrave 2023-11-21 18:36:39 
AF 280 218.1  27.2 335.5  82.3 2.89E-06 002.0 134.0 -01.3 0.009127 0.007437 0.003642 hargrave 2023-11-21 18:38:00 
AF 300 209.1  23.7 099.2  88.1 2.97E-06 001.9 125.4  00.6 0.007684 0.008046 0.003732 hargrave 2023-11-21 18:39:20 
AF 320 210.7  23.1 098.7  89.7 2.66E-06 001.9 126.2 -00.8 0.007287 0.005901 0.003260 hargrave 2023-11-21 18:40:41 
AF 340 221.0  31.2 345.8  77.9 2.31E-06 002.0 138.4  00.7 0.008475 0.005163 0.003482 hargrave 2023-11-21 18:42:01 
AF 360 223.7  27.5 325.0  77.6 2.20E-06 002.0 138.4 -03.7 0.007188 0.006860 0.003329 hargrave 2023-11-21 18:43:25 
AF 380 219.7  31.3 349.9  78.6 2.28E-06 002.1 137.5  01.4 0.006332 0.007171 0.003369 hargrave 2023-11-21 18:44:49 
AF 400 213.6  27.2 002.0  85.1 2.31E-06 001.9 130.8  00.9 0.007027 0.005440 0.002304 hargrave 2023-11-21 18:46:10 
AF 420 213.3  26.0 356.5  86.3 2.11E-06 001.8 129.9  00.1 0.005939 0.004275 0.002121 hargrave 2023-11-21 18:47:30 
AF 440 211.5  39.2 029.7  73.8 2.02E-06 001.7 136.5  11.7 0.006760 0.004105 0.002146 hargrave 2023-11-21 18:48:51 
AF 460 213.9  39.5 023.2  73.3 2.00E-06 001.7 138.2  10.8 0.007089 0.003898 0.002000 hargrave 2023-11-21 18:50:11 
AF 480 226.6  38.5 354.0  69.6 1.92E-06 001.7 146.0  04.7 0.006349 0.005491 0.002245 hargrave 2023-11-21 18:51:36 
AF 500 223.0  29.3 333.9  77.5 1.88E-06 002.0 138.8 -01.8 0.006906 0.004170 0.002678 hargrave 2023-11-21 18:52:57 
AF 520 216.2  35.2 011.7  77.0 1.84E-06 001.8 137.2  06.2 0.006397 0.003780 0.001785 hargrave 2023-11-21 18:54:18 
AF 540 224.9  49.4 012.0  61.4 1.75E-06 001.6 150.4  14.7 0.007819 0.003153 0.002072 hargrave 2023-11-21 18:55:38 
AF 560 227.6  36.8 348.8  70.1 1.61E-06 001.5 145.9  02.8 0.006959 0.002169 0.001173 hargrave 2023-11-21 18:56:58 
AF 580 247.4  43.4 344.1  53.8 1.72E-06 001.4 162.3  03.0 0.008994 0.003856 0.002202 hargrave 2023-11-21 18:58:19 
AF 600 213.3  32.7 019.8  80.1 1.73E-06 001.8 133.7  05.6 0.005518 0.003073 0.001338 hargrave 2023-11-21 18:59:39 
AF 650 231.0  22.1 302.1  71.5 1.68E-06 002.1 141.6 -11.6 0.006421 0.003585 0.002007 hargrave 2023-11-22 23:22:16 
AF 700 217.5  39.8 014.3  72.3 2.13E-06 001.8 140.7  09.4 0.007742 0.004407 0.001836 hargrave 2023-11-22 23:23:37 
AF 750 216.3  39.2 016.6  73.1 1.13E-06 002.0 139.6  09.5 0.004288 0.002190 0.001268 hargrave 2023-11-22 23:24:58 
AF 800 211.1  46.0 030.7  67.0 1.48E-06 001.8 140.6  17.2 0.005335 0.002668 0.001505 hargrave 2023-11-22 23:26:19 
AF 850 209.4  35.9 036.9  77.0 1.40E-06 002.0 133.1  10.1 0.004157 0.003473 0.000455 hargrave 2023-11-22 23:27:40 
AF 900 168.5  34.2 094.5  51.3 1.22E-06 001.2 106.7  32.9 0.001520 0.002771 0.000192 hargrave 2023-11-22 23:29:01 
AF 950 189.5  41.5 070.1  64.2 9.01E-07 002.1 125.2  24.7 0.002394 0.001922 0.001472 hargrave 2023-11-22 23:30:23 
AF1000 210.6  13.3 208.6  80.3 8.03E-07 002.2 120.2 -08.6 0.001999 0.001847 0.001717 hargrave 2023-11-22 23:31:45 
