MF16- 72b mag compass orientation (IGRF corrected)
      0 154.1  25.0 301.0  67.0   1.0
NRM    349.2  62.0 012.8  01.3 7.60E-06 002.5 239.9  58.5 0.027003 0.019746 0.008072 hargrave 2024-04-12 20:54:53 
TT  50 350.8  60.8 012.6 -00.1 5.50E-06 002.5 242.6  58.3 0.018894 0.013337 0.007223 hargrave 2024-04-15 11:48:06 
TT 100 358.3  49.3 009.9 -12.0 3.29E-06 002.9 262.5  53.1 0.012776 0.010192 0.005205 hargrave 2024-04-15 14:37:54 
TT 125 354.9  49.1 007.8 -11.1 2.46E-06 002.9 259.9  51.5 0.009085 0.007811 0.003886 hargrave 2024-04-15 17:50:04 
TT 150 003.4  44.0 010.4 -18.4 1.85E-06 003.0 272.3  51.1 0.006179 0.007563 0.002923 hargrave 2024-04-15 20:25:15 
TT 200 349.7  24.8 348.4 -27.6 1.67E-06 003.3 272.9  28.9 0.006935 0.006488 0.004209 hargrave 2024-04-16 11:56:12 
TT 250 318.5  25.0 330.8 -04.9 6.90E-07 002.8 245.4  16.2 0.002079 0.001879 0.002665 hargrave 2024-04-16 14:22:46 
TT 300 197.5 -02.7 182.2  61.2 6.58E-07 001.0 129.7 -19.4 0.002340 0.001898 0.001649 hargrave 2024-04-16 17:27:16 
TT 325 256.9  15.4 299.6  46.1 1.25E-07 009.6 192.5 -09.0 0.001847 0.000910 0.001723 hargrave 2024-04-17 09:55:35 
TT 325 254.8  15.9 299.4  48.2 1.27E-07 011.6 190.4 -08.7 0.002492 0.001756 0.001582 hargrave 2024-04-17 10:30:52 
TT 350 009.4  03.9 350.2 -55.8 3.23E-07 002.9 301.2  17.8 0.001374 0.000464 0.001053 hargrave 2024-04-17 13:00:08 
TT 375 082.3  09.2 094.3 -30.3 7.08E-07 002.7 021.6  32.8 0.002788 0.002282 0.001157 hargrave 2024-04-17 15:57:24 
