MF16- 64a sun compass orientation
      0 161.7  33.0 301.0  67.0   1.0
NRM    352.2  63.8 014.9  01.9 1.15E-05 002.3 225.9  52.8 0.038693 0.025824 0.011836 hargrave 2024-04-10 19:45:48 
AF  10 352.0  64.1 015.0  02.2 1.08E-05 002.3 225.4  52.8 0.037862 0.022197 0.011763 hargrave 2024-04-10 19:47:09 
AF  20 351.8  64.0 014.9  02.2 1.02E-05 002.3 225.4  52.7 0.035377 0.020730 0.011232 hargrave 2024-04-10 19:48:29 
AF  30 351.5  63.8 014.7  02.1 9.63E-06 002.3 225.6  52.5 0.031752 0.021044 0.011033 hargrave 2024-04-10 19:49:53 
AF  40 351.0  63.5 014.4  02.0 9.08E-06 002.2 225.9  52.2 0.029212 0.019463 0.010272 hargrave 2024-04-10 19:51:17 
AF  50 348.7  62.7 013.0  02.0 8.55E-06 002.3 226.2  50.8 0.029498 0.016869 0.010557 hargrave 2024-04-10 19:52:38 
AF  60 345.4  61.6 011.1  02.1 8.12E-06 002.3 226.3  49.0 0.028396 0.015292 0.010495 hargrave 2024-04-10 19:53:58 
AF  70 346.3  61.2 011.2  01.6 7.75E-06 002.3 227.2  49.1 0.026377 0.013942 0.010560 hargrave 2024-04-10 19:55:18 
AF  80 347.3  61.8 011.9  01.7 7.26E-06 002.2 226.9  49.8 0.024309 0.013080 0.009893 hargrave 2024-04-10 19:56:39 
AF  90 344.0  60.8 010.1  02.0 6.90E-06 002.1 226.8  48.0 0.020763 0.012153 0.008785 hargrave 2024-04-10 19:58:04 
AF 100 341.8  61.1 009.5  03.0 6.74E-06 002.1 225.4  47.3 0.021599 0.010319 0.009323 hargrave 2024-04-10 19:59:24 
AF 110 345.1  61.4 010.9  02.1 6.41E-06 002.3 226.5  48.8 0.021822 0.011752 0.009076 hargrave 2024-04-10 20:00:44 
AF 120 344.3  60.3 009.9  01.6 6.07E-06 002.1 227.4  47.8 0.017986 0.010339 0.008637 hargrave 2024-04-10 20:02:09 
AF 130 340.0  59.9 008.1  02.8 5.58E-06 002.0 226.0  45.9 0.017061 0.008028 0.007614 hargrave 2024-04-10 20:03:29 
AF 140 340.2  60.4 008.5  03.0 5.37E-06 002.1 225.5  46.2 0.016823 0.008238 0.007465 hargrave 2024-04-10 20:04:50 
AF 150 332.4  59.1 004.9  05.1 5.29E-06 002.1 223.4  42.4 0.016711 0.007061 0.008236 hargrave 2024-04-10 20:06:10 
AF 160 332.5  59.1 004.9  05.1 5.19E-06 002.1 223.4  42.5 0.016846 0.007286 0.007427 hargrave 2024-04-10 20:07:31 
AF 170 328.6  60.4 004.8  07.4 4.74E-06 002.1 220.3  42.0 0.015493 0.005828 0.006831 hargrave 2024-04-10 20:08:52 
AF 180 343.4  62.9 011.3  03.7 4.23E-06 002.0 223.9  48.9 0.012548 0.005618 0.005634 hargrave 2024-04-10 20:10:12 
AF 190 334.3  60.9 006.9  05.5 4.17E-06 001.9 222.4  44.3 0.012803 0.004433 0.005676 hargrave 2024-04-10 20:11:33 
AF 200 337.5  63.5 009.9  06.1 4.35E-06 001.9 220.8  47.1 0.011836 0.005968 0.006511 hargrave 2024-04-10 20:12:57 
AF 220 325.2  57.5 001.4  07.3 4.01E-06 002.2 221.3  38.6 0.012945 0.004715 0.007229 hargrave 2024-04-10 20:14:18 
AF 240 324.7  60.8 004.1  09.2 3.49E-06 002.2 218.1  40.9 0.011542 0.004498 0.006179 hargrave 2024-04-10 20:15:39 
AF 260 326.4  65.6 008.7  11.1 3.46E-06 002.2 214.1  44.8 0.011584 0.004282 0.006343 hargrave 2024-04-10 20:16:59 
AF 280 318.3  55.4 357.6  09.6 3.52E-06 002.3 219.3  34.6 0.011956 0.004511 0.007120 hargrave 2024-04-10 20:18:20 
AF 300 339.9  56.4 005.5  00.3 3.05E-06 002.3 229.8  43.6 0.009850 0.004327 0.006477 hargrave 2024-04-10 20:19:41 
AF 320 336.0  57.5 004.9  02.6 2.58E-06 002.4 226.7  42.7 0.008502 0.003567 0.005960 hargrave 2024-04-10 20:21:01 
AF 340 343.5  63.3 011.6  04.0 3.17E-06 002.2 223.4  49.2 0.009786 0.004288 0.005959 hargrave 2024-04-10 20:22:22 
AF 360 339.9  55.0 004.5 -00.7 3.02E-06 002.5 231.2  42.6 0.010202 0.005288 0.007184 hargrave 2024-04-10 20:23:43 
AF 380 345.2  55.8 007.3 -02.1 2.87E-06 002.1 233.0  45.5 0.007963 0.003603 0.005823 hargrave 2024-04-10 20:25:04 
AF 400 348.9  58.6 010.5 -01.3 2.48E-06 002.1 231.6  48.7 0.007113 0.003907 0.004444 hargrave 2024-04-10 20:26:24 
AF 420 327.6  52.6 358.0  03.4 2.71E-06 001.9 226.7  35.8 0.007823 0.003548 0.004617 hargrave 2024-04-10 20:27:45 
AF 440 323.4  50.8 355.1  04.7 2.81E-06 002.1 225.5  32.8 0.009008 0.003242 0.005451 hargrave 2024-04-10 20:29:05 
AF 460 332.2  51.5 358.8  00.5 2.45E-06 002.2 230.2  36.9 0.007671 0.004227 0.004784 hargrave 2024-04-10 20:30:26 
AF 480 331.4  51.5 358.5  00.9 2.41E-06 002.0 229.7  36.5 0.006250 0.003297 0.005229 hargrave 2024-04-10 20:31:47 
AF 500 335.8  72.1 016.1  12.1 1.86E-06 002.0 209.3  51.4 0.006161 0.003527 0.001462 hargrave 2024-04-10 20:33:07 
AF 520 340.9  58.5 007.3  01.4 2.28E-06 002.1 228.0  45.3 0.007414 0.004696 0.001867 hargrave 2024-04-10 20:34:28 
AF 540 001.5  57.9 015.8 -05.4 2.05E-06 001.8 238.2  53.9 0.005119 0.002899 0.003588 hargrave 2024-04-10 20:35:49 
AF 560 005.0  48.3 013.4 -15.0 1.84E-06 001.5 253.0  50.3 0.002948 0.002104 0.003469 hargrave 2024-04-10 20:37:10 
AF 580 346.8  52.2 005.6 -05.5 2.29E-06 001.6 237.8  43.8 0.004727 0.003434 0.003970 hargrave 2024-04-10 20:38:30 
AF 600 323.9  54.3 358.3  06.2 1.78E-06 002.1 223.2  35.7 0.005059 0.001981 0.003788 hargrave 2024-04-10 20:39:51 
AF 650 017.8  67.9 026.1  01.4 1.81E-06 001.2 223.7  63.9 0.003311 0.002738 0.001171 hargrave 2024-04-10 20:41:11 
AF 700 330.9  60.2 005.3  06.4 1.77E-06 001.3 221.6  42.6 0.003442 0.001994 0.001622 hargrave 2024-04-10 20:42:32 
AF 750 314.5  38.8 341.5  04.4 1.40E-06 001.7 227.3  19.3 0.002094 0.002481 0.002860 hargrave 2024-04-10 20:43:52 
AF 800 296.5  59.0 357.4  21.9 1.60E-06 001.8 205.1  31.3 0.002389 0.002856 0.003841 hargrave 2024-04-10 20:45:13 
AF 850 339.4  44.8 356.9 -07.5 2.02E-06 001.3 240.1  35.1 0.003198 0.002034 0.002879 hargrave 2024-04-10 20:46:34 
AF 900 343.5  62.9 011.3  03.7 1.29E-06 001.2 223.9  49.0 0.001568 0.001359 0.002013 hargrave 2024-04-10 20:47:55 
AF 950 313.2  27.2 330.6  00.3 1.70E-06 001.6 232.3  08.7 0.003973 0.002241 0.001918 hargrave 2024-04-10 20:49:17 
AF1000 333.5  32.9 344.7 -11.7 1.17E-06 001.6 244.5  23.0 0.001760 0.001634 0.002543 hargrave 2024-04-10 20:50:38 
