MF16- 2a sun compass orientation
   0.05 175.2  42.0 301.0  67.0   1.0
NRM    357.3  63.6 016.7  00.5 6.04E-06 002.5 217.1  42.6 0.022047 0.017406 0.003135 hargrave 2023-11-21 19:01:13 
AF  10 356.8  63.3 016.4  00.4 5.78E-06 002.4 217.4  42.2 0.022484 0.011896 0.003162 hargrave 2023-11-21 19:02:35 
AF  20 358.1  62.6 016.5 -00.5 5.48E-06 002.4 218.5  42.5 0.020339 0.011658 0.002812 hargrave 2023-11-21 19:03:57 
AF  30 357.2  61.5 015.6 -01.3 5.26E-06 002.5 219.7  41.6 0.020536 0.011595 0.002851 hargrave 2023-11-21 19:05:17 
AF  40 356.3  61.1 015.0 -01.3 4.97E-06 002.5 219.8  41.1 0.019614 0.011089 0.002731 hargrave 2023-11-21 19:06:37 
AF  50 356.2  60.7 014.8 -01.7 4.75E-06 002.5 220.4  40.8 0.018864 0.010789 0.002454 hargrave 2023-11-21 19:07:58 
AF  60 356.8  61.0 015.2 -01.5 4.61E-06 002.5 220.1  41.2 0.018146 0.010349 0.002482 hargrave 2023-11-21 19:09:18 
AF  70 356.7  61.3 015.3 -01.3 4.31E-06 002.6 219.7  41.3 0.017608 0.009372 0.002415 hargrave 2023-11-21 19:10:42 
AF  80 356.4  61.4 015.2 -01.1 3.99E-06 002.5 219.5  41.2 0.015873 0.009078 0.002242 hargrave 2023-11-21 19:12:02 
AF  90 354.0  61.4 014.2 -00.5 3.84E-06 002.6 218.8  40.2 0.015601 0.008934 0.002458 hargrave 2023-11-21 19:13:23 
AF 100 353.3  62.0 014.3  00.2 3.59E-06 002.6 217.9  40.2 0.014755 0.008283 0.002164 hargrave 2023-11-21 19:14:43 
AF 110 351.4  60.7 012.8 -00.4 3.44E-06 002.6 218.8  38.8 0.013990 0.008213 0.002196 hargrave 2023-11-21 19:16:04 
AF 120 350.4  59.5 011.7 -01.0 3.34E-06 002.6 219.7  37.7 0.015099 0.007141 0.002340 hargrave 2023-11-21 19:17:28 
AF 130 355.4  61.2 014.7 -01.0 3.14E-06 002.6 219.4  40.7 0.012709 0.007395 0.001986 hargrave 2023-11-21 19:18:48 
AF 140 354.7  58.6 013.0 -03.0 3.05E-06 002.7 222.2  39.2 0.012408 0.007406 0.002126 hargrave 2023-11-21 19:20:09 
AF 150 347.8  60.2 011.1  00.3 2.91E-06 002.7 218.1  37.0 0.012297 0.007090 0.001835 hargrave 2023-11-21 19:21:29 
AF 160 351.3  63.5 014.4  01.9 2.78E-06 002.6 215.6  40.1 0.011525 0.006436 0.002246 hargrave 2023-11-21 19:22:49 
AF 170 347.9  64.0 013.5  03.3 2.64E-06 002.6 214.1  39.1 0.011047 0.006034 0.001736 hargrave 2023-11-21 19:24:10 
AF 180 341.1  64.2 011.4  05.4 2.61E-06 002.6 211.8  36.7 0.012500 0.005408 0.001951 hargrave 2023-11-21 19:25:34 
AF 190 343.3  63.0 011.3  03.8 2.47E-06 002.6 213.7  36.8 0.011666 0.005150 0.001669 hargrave 2023-11-21 19:26:58 
AF 200 344.0  65.4 013.2  05.4 2.23E-06 002.5 211.4  38.4 0.009243 0.004749 0.001782 hargrave 2023-11-21 19:28:19 
AF 220 345.6  64.7 013.2  04.4 2.06E-06 002.5 212.6  38.6 0.008078 0.004523 0.001978 hargrave 2023-11-21 19:29:40 
AF 240 344.4  65.0 013.0  05.0 1.95E-06 002.6 212.0  38.3 0.008798 0.004075 0.001691 hargrave 2023-11-21 19:31:05 
AF 260 349.5  63.5 013.8  02.4 2.27E-06 002.5 215.1  39.4 0.009362 0.004991 0.001540 hargrave 2023-11-21 19:32:25 
AF 280 351.2  66.6 016.2  04.4 2.03E-06 002.6 212.0  41.6 0.009240 0.003906 0.001358 hargrave 2023-11-21 19:33:49 
AF 300 353.5  71.2 019.6  07.7 2.08E-06 002.3 206.7  44.2 0.008336 0.003722 0.001494 hargrave 2023-11-21 19:35:10 
AF 320 336.2  68.2 013.1  09.6 1.92E-06 002.5 206.2  37.5 0.009366 0.003686 0.001367 hargrave 2023-11-21 19:36:34 
AF 340 346.5  63.1 012.5  03.0 1.74E-06 002.5 214.6  38.1 0.007356 0.003685 0.001430 hargrave 2023-11-21 19:37:54 
AF 360 349.3  74.8 020.8  11.4 1.85E-06 002.3 201.3  44.4 0.008481 0.002952 0.000905 hargrave 2023-11-21 19:39:18 
AF 380 329.8  67.1 010.7  10.8 1.62E-06 002.6 205.4  34.9 0.008286 0.003116 0.001223 hargrave 2023-11-21 19:40:42 
AF 400 323.4  68.1 010.3  13.4 1.48E-06 002.5 202.4  33.9 0.007200 0.002883 0.001331 hargrave 2023-11-21 19:42:03 
AF 420 295.5  69.0 008.2  23.4 1.29E-06 002.2 191.9  29.1 0.006673 0.002309 0.001247 hargrave 2023-11-21 19:43:24 
AF 440 315.1  67.1 007.9  15.8 1.52E-06 002.4 200.4  31.1 0.007420 0.003045 0.001141 hargrave 2023-11-21 19:44:44 
AF 460 325.0  66.9 009.5  12.3 1.36E-06 002.5 204.0  33.5 0.006759 0.002710 0.000937 hargrave 2023-11-21 19:46:05 
AF 480 306.8  65.6 005.3  18.5 1.15E-06 002.4 198.1  28.0 0.006031 0.002185 0.001099 hargrave 2023-11-21 19:47:25 
AF 500 319.0  63.7 005.4  13.0 1.32E-06 002.6 204.2  29.4 0.006836 0.002630 0.001038 hargrave 2023-11-21 19:48:45 
AF 520 339.5  64.7 011.3  06.2 9.74E-07 002.6 210.8  36.5 0.004287 0.002178 0.000905 hargrave 2023-11-21 19:50:05 
AF 540 315.1  64.7 005.6  14.9 1.23E-06 002.5 202.0  29.2 0.006202 0.002428 0.000915 hargrave 2023-11-21 19:51:26 
AF 560 316.6  65.6 006.7  14.7 1.15E-06 002.5 202.0  30.3 0.005764 0.002353 0.000852 hargrave 2023-11-21 19:52:46 
AF 580 016.8  73.0 026.8  06.4 1.14E-06 002.1 206.0  51.5 0.004105 0.002013 0.000921 hargrave 2023-11-21 19:54:07 
AF 600 025.2  67.3 028.8  00.4 1.05E-06 002.3 215.2  54.6 0.003884 0.001940 0.000591 hargrave 2023-11-21 19:55:27 
AF 650 322.0  77.0 018.2  17.8 9.30E-07 002.3 194.2  39.9 0.004454 0.001633 0.000724 hargrave 2023-11-22 23:34:02 
AF 700 293.7  72.8 012.3  24.1 9.44E-07 002.0 189.6  32.4 0.004539 0.001478 0.000722 hargrave 2023-11-22 23:35:23 
AF 750 272.8  72.7 013.4  30.2 8.32E-07 001.6 182.6  30.8 0.004019 0.001039 0.000452 hargrave 2023-11-22 23:36:44 
AF 800 280.9  70.5 010.2  28.3 9.16E-07 001.8 185.9  29.1 0.004517 0.001588 0.000438 hargrave 2023-11-22 23:38:05 
AF 850 307.1  79.2 019.4  21.4 8.07E-07 002.0 189.4  39.5 0.003920 0.001272 0.000442 hargrave 2023-11-22 23:39:26 
AF 900 246.2  87.9 029.6  24.7 8.09E-07 001.9 179.0  46.0 0.003674 0.000930 0.000586 hargrave 2023-11-22 23:40:48 
AF 950 159.4  56.6 065.2  39.9 6.51E-07 001.5 130.1  46.1 0.001659 0.000835 0.000812 hargrave 2023-11-22 23:42:09 
AF1000 209.9  78.4 031.3  34.6 6.47E-07 001.8 167.4  40.6 0.002870 0.000801 0.000283 hargrave 2023-11-22 23:43:32 
