MF16- 23b sun compass orientation
      0 144.7  48.0 301.0  67.0   1.0
NRM    352.7  67.1 017.0  04.5 4.40E-05 001.5 211.4  48.8 0.116722 0.058909 0.033981 hargrave 2024-04-12 19:27:08 
TT  55 353.4  62.3 014.5  00.4 4.14E-05 002.1 218.7  49.3 0.140479 0.071729 0.035119 hargrave 2024-04-15 10:22:03 
TT 100 356.8  66.4 018.0  03.1 3.36E-05 002.0 212.1  50.5 0.104803 0.060936 0.033689 hargrave 2024-04-15 12:50:34 
TT 125 351.9  67.6 017.0  05.1 3.04E-05 001.5 210.7  48.4 0.083747 0.037815 0.026545 hargrave 2024-04-15 15:32:23 
TT 150 346.5  69.4 016.6  07.7 2.33E-05 001.6 208.3  46.3 0.062832 0.050308 0.024120 hargrave 2024-04-15 18:50:33 
TT 200 340.0  75.7 019.6  13.6 1.98E-05 001.3 199.4  44.2 0.050101 0.018040 0.019717 hargrave 2024-04-16 10:22:32 
TT 250 316.7  78.0 018.8  19.3 1.50E-05 001.2 195.4  39.3 0.034033 0.019183 0.019129 hargrave 2024-04-16 12:41:08 
TT 300 177.4  70.7 044.5  38.5 9.38E-06 002.3 161.3  29.9 0.036591 0.024832 0.014443 hargrave 2024-04-16 15:37:35 
TT 325 180.6  70.6 043.5  39.2 8.96E-06 002.8 162.1  29.1 0.038377 0.031119 0.011091 hargrave 2024-04-16 18:42:32 
TT 350 170.6  74.9 042.8  34.1 6.87E-06 001.5 163.5  34.1 0.019726 0.009188 0.009428 hargrave 2024-04-17 11:07:15 
TT 375 355.1  80.9 025.5  15.6 7.44E-06 001.7 191.3  46.1 0.024145 0.006799 0.005452 hargrave 2024-04-17 14:15:13 
TT 400 210.8  68.8 031.1  44.2 6.68E-06 001.4 170.9  22.2 0.017016 0.012463 0.007613 hargrave 2024-04-18 11:12:01 
TT 420 001.0  75.3 023.6  10.2 7.15E-06 001.5 198.3  49.3 0.017940 0.005979 0.007550 hargrave 2024-04-18 15:04:28 
TT 430 355.7  78.4 024.2  13.4 5.31E-06 001.5 194.6  47.1 0.011710 0.003672 0.006915 hargrave 2024-04-19 09:36:23 
TT 440 066.3  67.6 043.8  04.3 4.02E-06 000.9 170.1  63.7 0.006866 0.002197 0.005331 hargrave 2024-04-19 13:32:23 
