MF16- 71b mag compass orientation (IGRF corrected)
      0 137.1  33.0 301.0  67.0   1.0
NRM    326.1  69.3 011.8  13.2 1.16E-05 002.5 217.0  54.6 0.045493 0.022708 0.013367 hargrave 2024-04-12 20:53:11 
TT  50 321.6  71.1 012.7  15.4 8.75E-06 002.5 213.2  53.8 0.035402 0.014854 0.011862 hargrave 2024-04-15 11:46:35 
TT 100 310.2  69.1 009.3  18.2 5.09E-06 002.7 213.0  49.5 0.023253 0.008106 0.008105 hargrave 2024-04-15 14:36:22 
TT 125 287.3  72.1 011.6  26.0 3.59E-06 002.7 202.4  45.6 0.017257 0.004659 0.006022 hargrave 2024-04-15 17:48:33 
TT 150 287.7  64.5 003.2  26.3 2.59E-06 002.6 209.3  40.0 0.013050 0.003226 0.004725 hargrave 2024-04-15 20:23:44 
TT 200 258.1  65.8 008.7  37.8 1.64E-06 001.8 194.9  35.0 0.007095 0.000418 0.002263 hargrave 2024-04-16 11:54:42 
TT 250 208.1 -14.5 206.4  52.4 1.41E-06 001.2 153.5 -45.2 0.003780 0.002072 0.002840 hargrave 2024-04-16 14:21:13 
TT 300 281.5  20.5 313.7  25.2 1.92E-06 002.4 229.6 -00.2 0.006717 0.002234 0.005417 hargrave 2024-04-16 17:25:46 
TT 325 262.6  06.6 291.1  37.8 1.63E-06 001.4 217.9 -20.2 0.005199 0.002236 0.002965 hargrave 2024-04-17 09:52:27 
TT 350 216.5  29.0 353.0  82.2 1.25E-06 000.8 170.7 -03.5 0.006211 0.001647 0.001121 hargrave 2024-04-17 12:58:37 
TT 375 188.8  83.4 033.9  29.1 1.74E-08 010.3 173.4  51.3 0.000206 0.000280 0.000045 hargrave 2024-04-17 15:55:57 
TT 375 194.5  44.2 059.7  64.8 1.34E-06 002.3 156.4  14.8 0.005316 0.002557 0.003518 hargrave 2024-04-17 16:39:31 
TT 400 228.1  64.9 020.5  46.6 1.42E-08 041.5 180.5  31.7 0.000885 0.001083 0.000209 hargrave 2024-04-18 11:53:38 
TT 400 261.9  02.8 286.4  36.8 4.75E-07 004.1 218.5 -23.9 0.005991 0.002131 0.004071 hargrave 2024-04-18 12:10:31 
TT 420 052.0  57.8 042.1 -07.3 6.75E-07 005.9 109.2  87.2 0.004874 0.005135 0.002750 hargrave 2024-04-18 15:52:14 
TT 430 180.9  58.3 054.5  48.7 1.73E-08 042.4 153.7  30.9 0.001059 0.001340 0.000169 hargrave 2024-04-19 10:22:46 
TT 430 339.0 -74.4 225.4 -31.9 9.26E-07 003.2 337.7 -48.9 0.002173 0.004467 0.003550 hargrave 2024-04-19 12:05:33 
