MF16- 48a sun compass orientation
      0 138.4  33.0 301.0  67.0   1.0
NRM    038.5  70.7 033.5  03.9 1.07E-05 002.4 193.2  75.6 0.039613 0.021995 0.007295 hargrave 2024-04-05 16:07:59 
AF  10 036.5  70.6 032.8  03.7 1.02E-05 002.4 195.8  75.5 0.037830 0.021481 0.007815 hargrave 2024-04-05 16:09:20 
AF  20 034.1  70.1 032.1  03.1 9.72E-06 002.4 199.6  75.5 0.035878 0.021062 0.007960 hargrave 2024-04-05 16:10:40 
AF  30 033.7  70.1 031.9  03.1 9.25E-06 002.4 200.2  75.5 0.033547 0.019925 0.007363 hargrave 2024-04-05 16:12:01 
AF  40 031.8  68.6 031.3  01.6 8.73E-06 002.4 206.1  76.3 0.030763 0.019680 0.007417 hargrave 2024-04-05 16:13:22 
AF  50 032.7  68.6 031.6  01.6 8.26E-06 002.4 205.0  76.5 0.028721 0.018293 0.007360 hargrave 2024-04-05 16:14:43 
AF  60 032.1  68.1 031.4  01.1 7.90E-06 002.3 207.1  76.7 0.027037 0.017223 0.007318 hargrave 2024-04-05 16:16:03 
AF  70 031.8  69.1 031.3  02.1 7.59E-06 002.3 204.8  75.9 0.025896 0.016124 0.006835 hargrave 2024-04-05 16:17:24 
AF  80 036.3  68.8 032.9  01.9 7.09E-06 002.3 199.8  77.0 0.023809 0.014561 0.006491 hargrave 2024-04-05 16:18:45 
AF  90 036.6  67.1 033.2  00.2 6.74E-06 002.3 203.5  78.5 0.022361 0.014722 0.006508 hargrave 2024-04-05 16:20:05 
AF 100 038.2  66.1 033.9 -00.7 6.61E-06 002.3 203.7  79.7 0.021198 0.015268 0.005123 hargrave 2024-04-05 16:21:26 
AF 110 036.4  68.2 033.0  01.3 6.24E-06 002.3 201.1  77.6 0.020417 0.013408 0.005337 hargrave 2024-04-05 16:22:47 
AF 120 031.9  66.8 031.3 -00.2 5.73E-06 002.3 211.3  77.6 0.019079 0.012689 0.005650 hargrave 2024-04-05 16:24:07 
AF 130 026.4  67.6 029.3  00.7 5.59E-06 002.3 214.5  75.4 0.018339 0.012454 0.006039 hargrave 2024-04-05 16:25:28 
AF 140 026.9  67.5 029.4  00.6 5.30E-06 002.3 214.3  75.6 0.017241 0.011580 0.005470 hargrave 2024-04-05 16:26:49 
AF 150 021.2  66.2 027.1 -00.5 5.20E-06 002.3 223.2  74.4 0.016995 0.012034 0.006124 hargrave 2024-04-05 16:28:10 
AF 160 031.1  65.5 031.1 -01.5 4.82E-06 002.2 216.9  78.2 0.015000 0.011230 0.003924 hargrave 2024-04-05 16:29:30 
AF 170 041.7  62.9 035.9 -03.6 4.48E-06 002.0 206.5  83.2 0.012254 0.009894 0.003354 hargrave 2024-04-05 16:30:51 
AF 180 036.4  70.3 032.8  03.4 4.47E-06 002.4 196.4  75.7 0.014743 0.010579 0.004106 hargrave 2024-04-05 16:32:12 
AF 190 037.2  70.0 033.1  03.1 4.55E-06 002.3 196.0  76.1 0.015064 0.010436 0.004572 hargrave 2024-04-05 16:33:33 
AF 200 031.5  73.3 031.1  06.3 4.56E-06 002.5 196.0  72.4 0.016519 0.010017 0.004757 hargrave 2024-04-05 16:34:54 
AF 220 024.9  69.2 028.8  02.3 4.04E-06 002.4 211.0  74.0 0.013190 0.009554 0.004226 hargrave 2024-04-05 16:36:14 
AF 240 023.8  72.9 028.9  06.0 3.44E-06 002.5 202.4  71.3 0.012121 0.008389 0.003029 hargrave 2024-04-05 16:37:35 
AF 260 037.1  59.6 034.1 -07.2 3.72E-06 002.4 241.5  83.5 0.011259 0.010341 0.003257 hargrave 2024-04-05 16:38:56 
AF 280 039.8  62.4 035.1 -04.3 3.85E-06 002.4 215.1  83.1 0.011337 0.011042 0.003388 hargrave 2024-04-05 16:40:16 
AF 300 038.0  61.7 034.3 -05.2 3.59E-06 002.6 224.3  83.0 0.011896 0.010911 0.003088 hargrave 2024-04-05 16:41:38 
AF 320 045.7  56.3 039.2 -09.7 3.41E-06 002.2 292.5  88.4 0.009067 0.009545 0.002864 hargrave 2024-04-05 16:42:59 
AF 340 030.0  62.9 030.5 -04.1 3.06E-06 002.4 229.6  79.1 0.009475 0.008751 0.002560 hargrave 2024-04-05 16:44:19 
AF 360 014.5  65.6 024.3 -00.5 2.85E-06 002.9 227.9  71.9 0.010616 0.009316 0.003190 hargrave 2024-04-05 16:45:40 
AF 380 045.2  70.4 035.7  03.9 2.13E-06 002.4 184.6  76.5 0.007279 0.005283 0.002452 hargrave 2024-04-05 16:47:01 
AF 400 001.7  57.3 015.6 -06.0 2.40E-06 003.0 249.3  65.2 0.008993 0.007764 0.004808 hargrave 2024-04-05 16:48:22 
AF 420 028.5  62.1 029.8 -04.9 1.92E-06 002.2 235.0  78.8 0.004696 0.005711 0.001962 hargrave 2024-04-05 16:49:42 
AF 440 353.5  54.7 010.3 -05.9 2.12E-06 002.9 250.6  59.9 0.006962 0.007902 0.003059 hargrave 2024-04-05 16:51:03 
AF 460 037.9  77.9 032.5  11.0 1.92E-06 002.3 186.1  68.8 0.006541 0.003884 0.002094 hargrave 2024-04-05 16:52:24 
AF 480 006.1  51.3 015.3 -12.6 2.23E-06 002.7 265.0  65.0 0.006257 0.008109 0.003259 hargrave 2024-04-05 16:53:45 
AF 500 000.8  71.1 021.6  06.5 2.45E-06 002.9 215.7  65.8 0.009968 0.006474 0.004048 hargrave 2024-04-05 16:55:06 
AF 520 028.7  69.9 030.2  02.9 1.80E-06 002.0 205.7  74.5 0.005545 0.003064 0.001818 hargrave 2024-04-05 16:56:27 
AF 540 359.5  72.2 021.7  07.6 2.58E-06 002.9 213.4  65.2 0.011363 0.005529 0.004271 hargrave 2024-04-05 16:57:47 
AF 560 009.7  75.3 025.6  09.3 2.21E-06 002.3 203.7  66.8 0.007237 0.004467 0.002350 hargrave 2024-04-05 16:59:08 
AF 580 347.1  68.7 016.3  07.1 2.70E-06 003.1 221.5  61.2 0.011668 0.007184 0.005637 hargrave 2024-04-05 17:00:29 
AF 600 032.8  68.5 031.6  01.5 2.32E-06 002.5 205.2  76.6 0.008257 0.005394 0.003314 hargrave 2024-04-05 17:01:49 
AF 650 011.2  53.4 019.1 -11.7 2.46E-06 002.7 263.8  68.8 0.008723 0.006948 0.004634 hargrave 2024-04-05 17:03:10 
AF 700 335.2  72.5 016.2  12.6 1.56E-06 003.0 212.8  57.9 0.006703 0.004523 0.001400 hargrave 2024-04-05 17:04:31 
AF 750 055.6  78.1 036.0  12.1 1.45E-06 002.1 175.9  68.7 0.005245 0.002293 0.001034 hargrave 2024-04-05 17:05:52 
AF 800 346.0  57.6 008.7 -01.1 2.10E-06 002.7 242.1  57.5 0.007231 0.006261 0.003301 hargrave 2024-04-05 17:07:13 
AF 850 336.2  57.4 004.8  02.5 2.14E-06 003.3 238.0  52.8 0.008389 0.008044 0.004955 hargrave 2024-04-05 17:08:34 
AF 900 303.6  50.2 349.4  15.9 1.90E-06 004.5 228.1  33.8 0.011658 0.007152 0.006154 hargrave 2024-04-05 17:09:55 
AF 950 037.1  40.5 036.1 -26.2 8.65E-07 003.1 331.1  72.0 0.003048 0.003391 0.001751 hargrave 2024-04-05 17:11:16 
AF1000 001.2  54.4 014.0 -08.4 1.28E-06 002.9 255.4  63.8 0.003959 0.004892 0.002713 hargrave 2024-04-05 17:12:38 
