MF16- 46a sun compass orientation
      0 188.4  37.0 301.0  67.0   1.0
NRM    343.7  61.8 010.7  02.8 1.16E-05 003.9 211.9  35.8 0.072656 0.040285 0.019244 hargrave 2024-04-04 21:58:35 
AF  10 340.6  61.6 009.5  03.7 1.06E-05 003.9 210.8  34.7 0.067955 0.037204 0.017700 hargrave 2024-04-04 21:59:54 
AF  20 339.9  60.6 008.5  03.3 9.70E-06 004.0 211.2  33.7 0.064335 0.034926 0.016880 hargrave 2024-04-04 22:01:14 
AF  30 338.6  59.3 007.1  02.8 8.94E-06 004.1 211.6  32.3 0.061245 0.031865 0.016607 hargrave 2024-04-04 22:02:34 
AF  40 338.3  59.0 006.8  02.7 8.34E-06 004.2 211.7  31.9 0.058210 0.029893 0.015557 hargrave 2024-04-04 22:03:54 
AF  50 336.8  58.5 005.9  02.9 7.83E-06 004.3 211.4  31.1 0.056186 0.029849 0.015263 hargrave 2024-04-04 22:05:15 
AF  60 339.9  58.5 007.0  01.8 7.33E-06 004.4 212.8  32.0 0.052612 0.027464 0.014205 hargrave 2024-04-04 22:06:35 
AF  70 335.6  56.2 003.7  02.0 6.96E-06 004.4 212.2  28.8 0.051975 0.026431 0.014311 hargrave 2024-04-04 22:07:55 
AF  80 333.1  57.3 003.7  03.7 6.58E-06 004.4 210.2  29.0 0.050271 0.024491 0.012721 hargrave 2024-04-04 22:09:14 
AF  90 332.4  56.7 003.0  03.7 6.15E-06 004.5 210.2  28.3 0.048100 0.022886 0.012331 hargrave 2024-04-04 22:10:34 
AF 100 338.1  53.1 002.4 -01.2 5.75E-06 004.7 215.6  27.1 0.044180 0.023540 0.012831 hargrave 2024-04-04 22:11:54 
AF 110 334.8  52.1 000.3 -00.3 5.62E-06 004.7 214.4  25.2 0.043731 0.022819 0.011821 hargrave 2024-04-04 22:13:14 
AF 120 335.4  49.8 358.8 -02.1 5.45E-06 004.8 216.2  23.4 0.043015 0.023266 0.012076 hargrave 2024-04-04 22:14:34 
AF 130 339.3  53.5 003.1 -01.4 4.36E-06 004.9 216.0  27.9 0.034806 0.018916 0.009726 hargrave 2024-04-04 22:15:54 
AF 140 343.1  53.7 004.9 -02.9 4.26E-06 005.0 218.0  29.4 0.033481 0.018411 0.009716 hargrave 2024-04-04 22:17:14 
AF 150 346.1  51.1 004.6 -06.0 4.12E-06 005.1 221.4  28.6 0.031466 0.018285 0.010462 hargrave 2024-04-04 22:18:34 
AF 160 343.0  58.5 008.1  00.7 3.51E-06 005.0 214.3  33.1 0.028265 0.013857 0.009151 hargrave 2024-04-04 22:19:54 
AF 170 344.6  49.3 002.6 -06.8 3.44E-06 005.2 221.8  26.5 0.026922 0.015650 0.009090 hargrave 2024-04-04 22:21:14 
AF 180 338.0  46.6 357.5 -05.6 3.30E-06 005.3 219.7  21.7 0.027315 0.015254 0.009255 hargrave 2024-04-04 22:22:35 
AF 190 343.0  57.4 007.4 -00.1 2.81E-06 005.1 215.1  32.3 0.023625 0.011481 0.007420 hargrave 2024-04-04 22:23:55 
AF 200 334.9  38.2 349.6 -09.3 2.99E-06 005.5 222.4  13.5 0.024894 0.014923 0.008396 hargrave 2024-04-04 22:25:14 
AF 220 337.9  45.6 356.7 -06.2 3.07E-06 005.4 220.2  20.9 0.025574 0.015031 0.008667 hargrave 2024-04-04 22:26:34 
AF 240 317.3  44.6 347.6  05.1 2.34E-06 004.8 207.4  13.1 0.021283 0.008821 0.007254 hargrave 2024-04-04 22:27:54 
AF 260 336.6  56.2 004.1  01.6 2.15E-06 005.1 212.7  29.2 0.018196 0.008098 0.007255 hargrave 2024-04-04 22:29:14 
AF 280 309.7  33.8 335.3  05.8 2.48E-06 004.6 205.6  01.0 0.023696 0.009589 0.006770 hargrave 2024-04-04 22:30:35 
AF 300 314.4  33.5 336.8  02.2 1.46E-06 005.0 209.4  02.0 0.013842 0.006546 0.003962 hargrave 2024-04-04 22:31:55 
AF 320 322.4  26.5 333.8 -07.3 1.81E-06 005.2 218.5 -01.8 0.014830 0.008190 0.005495 hargrave 2024-04-04 22:33:15 
AF 340 308.2  20.4 322.5  01.6 1.28E-06 004.6 208.5 -12.2 0.010592 0.005213 0.003282 hargrave 2024-04-04 22:34:35 
AF 360 332.5  29.0 340.9 -13.4 1.67E-06 005.2 225.3  04.5 0.012726 0.008167 0.003731 hargrave 2024-04-04 22:35:55 
AF 380 342.1  05.6 325.7 -34.3 1.55E-06 004.3 245.3 -10.9 0.008229 0.009210 0.004723 hargrave 2024-04-04 22:37:14 
AF 400 333.9  12.3 327.2 -24.0 1.51E-06 005.1 234.7 -09.4 0.009904 0.008463 0.004881 hargrave 2024-04-04 22:38:34 
AF 420 343.7 -14.1 303.7 -44.5 1.65E-06 003.0 258.6 -26.0 0.003974 0.008365 0.007158 hargrave 2024-04-04 22:39:54 
AF 440 057.8 -05.6 091.2 -58.8 3.37E-07 007.9 315.6  22.1 0.005578 0.000854 0.003017 hargrave 2024-04-04 22:41:14 
AF 460 031.7 -09.8 034.1 -76.8 4.03E-07 008.8 294.6  05.7 0.005362 0.002078 0.003340 hargrave 2024-04-04 22:44:08 
AF 480 083.5  27.0 079.3 -18.8 4.21E-07 004.6 331.0  61.7 0.005070 0.001657 0.003750 hargrave 2024-04-04 22:45:27 
AF 500 335.9  51.5 000.3 -01.2 8.90E-07 005.7 215.4  25.1 0.007879 0.003575 0.004203 hargrave 2024-04-04 22:46:47 
AF 520 088.8  26.9 082.4 -15.1 1.54E-06 003.2 340.9  62.9 0.007660 0.005417 0.000045 hargrave 2024-04-04 22:48:07 
AF 540 081.8  66.8 048.9  07.5 9.22E-07 004.5 204.1  74.0 0.005897 0.002945 0.003760 hargrave 2024-04-04 22:49:27 
AF 560 351.2  51.7 007.4 -07.6 1.22E-06 005.1 223.8  31.0 0.009308 0.005400 0.003218 hargrave 2024-04-04 22:50:46 
AF 580 304.5  63.3 002.7  18.9 1.29E-06 003.9 193.0  28.0 0.010838 0.002846 0.004574 hargrave 2024-04-04 22:52:06 
AF 600 333.6  63.0 008.3  07.1 2.05E-06 004.3 206.6  33.7 0.016176 0.005996 0.004506 hargrave 2024-04-04 22:53:26 
AF 650 182.4  69.6 043.7  40.4 1.15E-06 003.5 147.0  50.4 0.006631 0.002906 0.002278 hargrave 2024-04-04 22:54:46 
AF 700 191.5  67.6 041.1  43.7 1.90E-06 003.3 146.4  46.6 0.010845 0.004023 0.003464 hargrave 2024-04-04 22:56:05 
AF 750 234.3  77.0 024.8  34.8 2.20E-06 003.0 167.6  42.9 0.014862 0.001403 0.005286 hargrave 2024-04-04 22:57:25 
AF 800 328.4  76.6 018.6  16.4 1.15E-06 003.7 194.2  43.4 0.008427 0.002177 0.002532 hargrave 2024-04-04 22:58:45 
AF 850 170.7  45.5 076.4  50.4 1.23E-06 003.8 111.2  44.2 0.005476 0.006789 0.002335 hargrave 2024-04-04 23:00:05 
AF 900 200.1  40.5 056.3  70.2 9.77E-07 004.0 124.6  25.2 0.004887 0.004993 0.002241 hargrave 2024-04-04 23:01:25 
AF 950 137.0  27.7 099.7  23.9 1.34E-06 003.2 063.7  52.0 0.003911 0.006386 0.002542 hargrave 2024-04-04 23:02:45 
AF1000 117.3  29.2 092.6  08.0 2.13E-06 002.8 037.8  62.5 0.007613 0.006228 0.003452 hargrave 2024-04-04 23:04:06 
