MF16- 55a sun compass orientation
      0 138.9  28.0 301.0  67.0   1.0
NRM    309.8  76.0 016.3  20.2 1.17E-05 003.4 206.0  57.0 0.069533 0.035711 0.005250 hargrave 2024-04-05 23:50:00 
AF  10 308.9  75.6 015.7  20.3 1.08E-05 003.5 206.5  56.6 0.064814 0.033729 0.005099 hargrave 2024-04-05 23:51:21 
AF  20 306.7  75.8 015.8  20.9 1.01E-05 003.5 205.6  56.2 0.061708 0.031753 0.005046 hargrave 2024-04-05 23:52:41 
AF  30 304.3  76.4 016.4  21.6 9.21E-06 003.5 204.1  56.1 0.057000 0.027795 0.004973 hargrave 2024-04-05 23:54:01 
AF  40 304.3  75.9 015.9  21.5 8.43E-06 003.6 204.8  55.8 0.053106 0.025790 0.004917 hargrave 2024-04-05 23:55:22 
AF  50 306.1  75.9 015.9  21.0 8.03E-06 003.6 205.3  56.2 0.050943 0.025311 0.004805 hargrave 2024-04-05 23:56:42 
AF  60 297.3  74.5 014.2  23.1 7.87E-06 003.6 204.7  53.6 0.051514 0.024494 0.004505 hargrave 2024-04-05 23:58:02 
AF  70 304.7  72.7 012.5  20.8 7.15E-06 003.8 209.4  54.0 0.045645 0.026640 0.005366 hargrave 2024-04-05 23:59:26 
AF  80 301.8  73.8 013.5  21.8 6.37E-06 003.6 207.0  54.0 0.040861 0.020259 0.005867 hargrave 2024-04-06 00:00:47 
AF  90 309.8  74.8 015.0  19.9 6.11E-06 003.5 207.9  56.3 0.037508 0.018402 0.006336 hargrave 2024-04-06 00:02:07 
AF 100 299.5  72.5 012.1  22.3 5.73E-06 003.6 207.8  52.7 0.036814 0.017445 0.005993 hargrave 2024-04-06 00:03:28 
AF 110 282.6  75.6 015.7  26.8 5.24E-06 003.3 198.9  51.8 0.034736 0.013100 0.006417 hargrave 2024-04-06 00:04:48 
AF 120 278.9  76.7 017.1  27.4 5.22E-06 003.3 196.7  52.1 0.034718 0.012044 0.005686 hargrave 2024-04-06 00:06:09 
AF 130 285.5  72.8 012.4  26.5 5.06E-06 003.5 202.6  50.1 0.034177 0.014148 0.004187 hargrave 2024-04-06 00:07:30 
AF 140 298.0  79.1 019.1  23.1 4.79E-06 003.2 198.8  56.7 0.029837 0.012250 0.006608 hargrave 2024-04-06 00:08:51 
AF 150 259.6  74.8 017.5  32.5 4.52E-06 003.3 191.6  48.3 0.032396 0.011045 0.004734 hargrave 2024-04-06 00:10:11 
AF 160 261.3  75.6 018.0  31.6 4.33E-06 003.2 191.7  49.2 0.030754 0.010446 0.005090 hargrave 2024-04-06 00:11:32 
AF 170 243.1  77.1 022.8  33.7 4.24E-06 003.1 184.8  49.4 0.030305 0.009032 0.004997 hargrave 2024-04-06 00:12:53 
AF 180 270.2  68.4 009.0  32.4 4.43E-06 003.7 199.6  43.8 0.034724 0.014048 0.003252 hargrave 2024-04-06 00:14:13 
AF 190 272.7  63.1 002.6  33.1 4.29E-06 003.9 203.9  39.4 0.034300 0.014590 0.002892 hargrave 2024-04-06 00:15:34 
AF 200 291.5  75.4 015.1  24.6 3.53E-06 003.6 201.9  53.1 0.024727 0.011499 0.005234 hargrave 2024-04-06 00:16:55 
AF 220 239.9  81.8 026.4  30.1 2.89E-06 003.1 182.6  53.9 0.019988 0.007528 0.006450 hargrave 2024-04-06 00:18:15 
AF 240 262.3  73.8 016.0  32.4 3.02E-06 003.2 193.2  47.6 0.021962 0.007424 0.005348 hargrave 2024-04-06 00:19:36 
AF 260 239.4  53.1 002.6  53.0 2.27E-06 002.5 187.0  25.4 0.019747 0.006202 0.005683 hargrave 2024-04-06 00:20:56 
AF 280 272.9  62.2 001.6  33.2 2.65E-06 003.7 204.5  38.6 0.020933 0.008929 0.005058 hargrave 2024-04-06 00:22:16 
AF 300 290.8  72.4 011.9  24.9 2.29E-06 003.9 204.9  50.8 0.017457 0.009327 0.007035 hargrave 2024-04-06 00:23:36 
AF 320 287.6  66.5 005.4  26.3 2.26E-06 003.9 209.1  45.4 0.016907 0.008234 0.006578 hargrave 2024-04-06 00:24:57 
AF 340 264.1  53.9 353.2  39.9 2.71E-06 003.7 202.9  29.2 0.022985 0.008696 0.005746 hargrave 2024-04-06 00:26:17 
AF 360 215.9  31.8 005.8  80.2 1.75E-06 002.0 169.0  04.4 0.014536 0.005317 0.004856 hargrave 2024-04-06 00:27:37 
AF 380 192.8  49.0 055.5  60.3 3.06E-06 002.5 154.8  24.6 0.023448 0.007251 0.009838 hargrave 2024-04-06 00:28:57 
AF 400 228.8  31.3 332.7  72.1 2.38E-06 002.6 179.9  03.3 0.020155 0.007753 0.007021 hargrave 2024-04-06 00:30:17 
AF 420 186.9  32.9 090.6  66.6 6.70E-07 006.9 145.2  10.8 0.004995 0.004787 0.007650 hargrave 2024-04-06 00:31:38 
AF 440 210.1  42.7 033.1  70.3 1.95E-06 002.3 165.7  15.8 0.015260 0.006715 0.008100 hargrave 2024-04-06 00:32:58 
AF 460 177.6 -05.2 157.7  46.9 2.32E-06 004.6 123.1 -21.9 0.008420 0.017460 0.009124 hargrave 2024-04-06 00:34:18 
AF 480 180.6 -13.7 169.0  42.8 1.16E-06 007.1 122.4 -30.8 0.005441 0.012670 0.008117 hargrave 2024-04-06 00:35:39 
AF 500 205.5 -03.6 198.9  62.9 2.02E-06 004.9 153.1 -29.0 0.012281 0.012205 0.007970 hargrave 2024-04-06 00:36:59 
AF 520 177.5 -21.8 172.5  34.6 1.08E-06 007.1 114.9 -36.8 0.003617 0.009969 0.009565 hargrave 2024-04-06 00:38:19 
AF 540 148.3 -08.6 140.7  21.1 1.21E-06 006.2 094.3 -12.0 0.003236 0.011416 0.011576 hargrave 2024-04-06 00:39:39 
AF 560 144.2 -23.2 151.8  10.3 1.70E-06 005.3 083.1 -22.8 0.005798 0.014774 0.012063 hargrave 2024-04-06 00:40:59 
AF 580 128.9 -49.7 170.0 -12.5 2.34E-06 006.2 054.3 -38.4 0.011832 0.019192 0.013943 hargrave 2024-04-06 00:42:23 
AF 600 189.7 -82.5 208.2 -16.0 1.66E-06 005.2 012.3 -67.3 0.008038 0.010288 0.009902 hargrave 2024-04-06 00:43:43 
AF 650 192.3 -30.4 191.5  33.7 4.43E-07 016.7 126.0 -50.5 0.004648 0.010853 0.009511 hargrave 2024-04-06 00:46:41 
AF 700 198.9 -52.7 203.5  13.5 2.71E-06 004.4 106.4 -71.6 0.011681 0.016312 0.009660 hargrave 2024-04-06 00:48:02 
AF 750 170.5 -64.9 195.0 -03.2 2.11E-06 006.6 057.7 -64.7 0.013459 0.017395 0.013074 hargrave 2024-04-06 00:49:22 
AF 800 189.2 -60.4 200.4  04.7 1.61E-06 004.7 076.9 -71.1 0.005069 0.011084 0.007417 hargrave 2024-04-06 00:50:42 
AF 850 191.4 -39.3 194.3  25.1 1.30E-06 004.8 117.4 -57.9 0.005785 0.006580 0.011123 hargrave 2024-04-06 00:52:03 
AF 900 170.0 -25.6 169.3  27.3 2.56E-06 004.0 105.1 -36.9 0.009300 0.016907 0.007875 hargrave 2024-04-06 00:53:23 
AF 950 214.7 -44.5 213.9  22.4 2.22E-06 002.9 148.3 -70.6 0.005598 0.009604 0.006952 hargrave 2024-04-06 00:54:44 
AF1000 199.4 -79.2 208.8 -12.4 3.35E-06 004.4 016.2 -70.7 0.016722 0.016489 0.011649 hargrave 2024-04-06 00:56:05 
