MF16- 47a sun compass orientation
      0 197.0  24.0 301.0  67.0   1.0
NRM    017.3  63.0 024.8 -03.3 1.36E-05 003.5 231.5  54.6 0.065160 0.051088 0.018259 hargrave 2024-04-04 23:05:30 
AF  10 019.4  63.3 025.8 -03.2 1.26E-05 003.5 232.3  55.5 0.059300 0.048820 0.017023 hargrave 2024-04-04 23:06:50 
AF  20 021.3  63.5 026.7 -03.2 1.18E-05 003.6 233.2  56.2 0.055234 0.047247 0.016393 hargrave 2024-04-04 23:08:09 
AF  30 022.4  63.6 027.2 -03.1 1.12E-05 003.6 233.6  56.7 0.052636 0.045614 0.015634 hargrave 2024-04-04 23:09:30 
AF  40 022.3  64.0 027.2 -02.8 1.03E-05 003.7 233.1  56.9 0.048716 0.043016 0.014959 hargrave 2024-04-04 23:10:50 
AF  50 022.3  63.8 027.2 -02.9 9.57E-06 003.7 233.3  56.8 0.045445 0.040667 0.014162 hargrave 2024-04-04 23:12:09 
AF  60 027.3  63.3 029.4 -03.6 9.17E-06 003.6 236.7  58.1 0.040764 0.039564 0.013435 hargrave 2024-04-04 23:13:29 
AF  70 027.7  66.0 029.6 -01.0 8.79E-06 003.6 232.9  59.9 0.039560 0.037149 0.012736 hargrave 2024-04-04 23:14:49 
AF  80 025.6  63.6 028.6 -03.3 8.12E-06 003.7 235.4  57.7 0.037092 0.035944 0.013214 hargrave 2024-04-04 23:16:08 
AF  90 027.7  65.5 029.7 -01.4 8.19E-06 003.5 233.6  59.7 0.036316 0.034270 0.012126 hargrave 2024-04-04 23:17:28 
AF 100 026.7  64.7 029.2 -02.2 7.86E-06 003.7 234.4  58.8 0.035511 0.034399 0.011874 hargrave 2024-04-04 23:18:47 
AF 110 026.8  66.0 029.3 -00.9 7.71E-06 003.6 232.4  59.6 0.034638 0.032355 0.011100 hargrave 2024-04-04 23:20:07 
AF 120 036.9  65.2 033.5 -01.6 7.79E-06 003.5 238.7  62.6 0.031836 0.034129 0.010723 hargrave 2024-04-04 23:21:27 
AF 130 035.2  67.7 032.6  00.8 7.55E-06 003.3 233.3  63.3 0.031261 0.030394 0.010318 hargrave 2024-04-04 23:22:46 
AF 140 028.9  67.7 030.2  00.7 6.89E-06 003.4 230.7  61.3 0.029960 0.028151 0.009650 hargrave 2024-04-04 23:24:06 
AF 150 035.3  68.5 032.6  01.6 7.10E-06 003.3 231.8  63.8 0.029370 0.028282 0.009477 hargrave 2024-04-04 23:25:25 
AF 160 033.6  67.2 032.0  00.2 6.85E-06 003.4 233.6  62.5 0.028259 0.028606 0.009410 hargrave 2024-04-04 23:26:45 
AF 170 034.1  67.7 032.2  00.7 6.29E-06 003.3 232.9  63.0 0.025054 0.025941 0.009410 hargrave 2024-04-04 23:28:05 
AF 180 030.8  68.8 030.9  01.8 5.96E-06 003.6 229.5  62.5 0.026728 0.025595 0.007499 hargrave 2024-04-04 23:29:25 
AF 190 022.3  62.3 027.0 -04.5 5.96E-06 003.8 235.3  55.7 0.027528 0.027913 0.010128 hargrave 2024-04-04 23:30:45 
AF 200 033.6  67.4 032.0  00.4 5.60E-06 003.5 233.3  62.6 0.023515 0.024093 0.008210 hargrave 2024-04-04 23:32:04 
AF 220 037.8  65.8 033.8 -01.1 5.29E-06 003.6 238.2  63.2 0.021520 0.025076 0.007851 hargrave 2024-04-04 23:33:24 
AF 240 031.3  67.6 031.1  00.6 4.95E-06 003.6 231.9  62.0 0.021644 0.022385 0.007816 hargrave 2024-04-04 23:34:44 
AF 260 033.5  70.6 031.8  03.6 4.26E-06 003.6 226.9  64.2 0.018411 0.018845 0.006014 hargrave 2024-04-04 23:36:03 
AF 280 026.0  63.3 028.7 -03.6 4.25E-06 004.1 236.1  57.6 0.020229 0.022814 0.006371 hargrave 2024-04-04 23:37:23 
AF 300 024.1  67.6 028.4  00.8 4.62E-06 003.9 228.6  59.7 0.022530 0.021278 0.007319 hargrave 2024-04-04 23:38:43 
AF 320 044.9  60.2 037.9 -06.0 4.60E-06 003.5 252.2  62.6 0.015977 0.022610 0.006949 hargrave 2024-04-04 23:40:02 
AF 340 037.5  63.4 033.9 -03.5 4.31E-06 003.7 242.3  61.7 0.017702 0.021907 0.006176 hargrave 2024-04-04 23:41:22 
AF 360 039.9  64.2 034.9 -02.5 3.84E-06 003.7 242.2  63.0 0.015232 0.020042 0.005149 hargrave 2024-04-04 23:42:42 
AF 380 026.5  58.1 028.6 -08.8 3.67E-06 004.1 243.0  54.2 0.016030 0.020939 0.006764 hargrave 2024-04-04 23:44:01 
AF 400 055.8  61.9 042.4 -02.8 4.23E-06 003.3 256.4  67.8 0.012557 0.020713 0.005897 hargrave 2024-04-04 23:45:21 
AF 420 039.9  57.5 035.8 -09.2 3.76E-06 003.7 252.9  58.8 0.014208 0.020317 0.006501 hargrave 2024-04-04 23:46:40 
AF 440 014.0  55.5 021.3 -10.2 3.13E-06 004.3 237.4  47.8 0.016259 0.017910 0.005151 hargrave 2024-04-04 23:48:01 
AF 460 007.0  61.6 019.8 -03.2 3.50E-06 004.6 227.2  50.4 0.020620 0.019088 0.005774 hargrave 2024-04-04 23:49:21 
AF 480 010.0  58.5 020.1 -06.6 3.34E-06 004.5 232.0  48.8 0.019405 0.018120 0.006041 hargrave 2024-04-04 23:50:40 
AF 500 001.7  66.7 019.8  02.3 4.02E-06 004.2 219.2  52.8 0.024523 0.018129 0.005112 hargrave 2024-04-04 23:52:00 
AF 520 037.7  54.9 034.9 -11.9 3.32E-06 003.8 254.7  56.1 0.012506 0.020204 0.003197 hargrave 2024-04-04 23:53:20 
AF 540 030.3  57.7 030.6 -09.3 3.21E-06 004.1 246.1  55.3 0.014696 0.018786 0.004915 hargrave 2024-04-04 23:54:39 
AF 560 028.0  73.5 030.1  06.5 2.61E-06 004.2 219.3  63.9 0.014086 0.013041 0.005283 hargrave 2024-04-04 23:55:58 
AF 580 014.9  70.9 025.8  04.6 3.37E-06 004.1 219.7  59.1 0.019090 0.015053 0.004495 hargrave 2024-04-04 23:57:18 
AF 600 045.4  77.4 034.2  10.8 2.62E-06 003.6 212.3  69.0 0.012561 0.011021 0.002530 hargrave 2024-04-04 23:58:37 
AF 650 018.5  71.0 027.0  04.4 4.01E-06 003.8 220.8  60.2 0.021223 0.017175 0.003462 hargrave 2024-04-04 23:59:57 
AF 700 045.5  68.0 036.4  01.7 3.31E-06 003.4 236.9  66.9 0.014019 0.014204 0.003156 hargrave 2024-04-05 00:01:18 
AF 750 026.6  61.0 028.9 -05.9 3.11E-06 004.4 239.5  56.3 0.016358 0.018606 0.003315 hargrave 2024-04-05 00:02:38 
AF 800 029.1  65.0 030.2 -02.0 3.32E-06 004.0 235.1  59.8 0.016269 0.016985 0.002670 hargrave 2024-04-05 00:03:59 
AF 850 005.8  65.8 021.0  00.9 3.26E-06 004.3 222.2  53.2 0.019279 0.016064 0.003080 hargrave 2024-04-05 00:05:20 
AF 900 052.7  79.3 035.0  13.0 2.59E-06 003.3 206.6  70.3 0.011440 0.010324 0.000625 hargrave 2024-04-05 00:06:41 
AF 950 131.2  86.2 035.1  23.6 1.95E-06 003.9 175.5  69.5 0.009996 0.008889 0.001544 hargrave 2024-04-05 00:08:02 
AF1000 344.2  67.1 014.4  06.6 1.95E-06 004.7 210.0  49.1 0.014179 0.010987 0.002048 hargrave 2024-04-05 00:09:23 
