MF16- 54a sun compass orientation
      0 171.2  36.0 301.0  67.0   1.0
NRM    042.2  39.2 040.7 -26.9 1.19E-05 002.1 283.3  59.9 0.017640 0.038538 0.014387 hargrave 2024-04-05 22:44:09 
AF  10 040.8  36.3 040.1 -29.9 1.11E-05 002.1 285.8  57.1 0.016703 0.036511 0.014467 hargrave 2024-04-05 22:45:29 
AF  20 040.2  35.8 039.6 -30.5 1.07E-05 002.1 285.8  56.4 0.015022 0.035286 0.014142 hargrave 2024-04-05 22:46:50 
AF  30 039.0  36.1 038.5 -30.4 1.00E-05 002.1 284.2  56.0 0.014069 0.033612 0.013172 hargrave 2024-04-05 22:48:11 
AF  40 038.0  38.8 037.2 -27.8 9.52E-06 002.1 279.7  57.3 0.014642 0.032223 0.012321 hargrave 2024-04-05 22:49:31 
AF  50 036.0  40.3 035.2 -26.5 9.14E-06 002.1 275.7  57.1 0.014505 0.031405 0.011395 hargrave 2024-04-05 22:50:51 
AF  60 035.0  43.2 034.2 -23.7 8.95E-06 002.2 270.7  58.3 0.016599 0.030917 0.010743 hargrave 2024-04-05 22:52:11 
AF  70 036.9  44.2 035.6 -22.5 8.99E-06 002.2 270.5  60.0 0.016625 0.030392 0.010052 hargrave 2024-04-05 22:53:31 
AF  80 035.4  43.4 034.5 -23.4 8.26E-06 002.2 270.6  58.6 0.015730 0.028827 0.008254 hargrave 2024-04-05 22:54:51 
AF  90 037.1  43.1 035.8 -23.7 7.61E-06 002.2 272.5  59.4 0.014044 0.026255 0.007962 hargrave 2024-04-05 22:56:12 
AF 100 033.9  44.8 033.2 -22.2 6.72E-06 002.3 267.3  58.5 0.013956 0.023520 0.007177 hargrave 2024-04-05 22:57:32 
AF 110 037.0  46.5 035.4 -20.3 6.52E-06 002.2 266.8  61.3 0.012710 0.021146 0.006118 hargrave 2024-04-05 22:58:52 
AF 120 038.4  50.2 035.9 -16.5 6.12E-06 002.2 260.6  63.8 0.013711 0.018374 0.006225 hargrave 2024-04-05 23:00:13 
AF 130 039.7  48.9 037.0 -17.7 5.83E-06 002.1 264.2  64.0 0.012178 0.016810 0.005856 hargrave 2024-04-05 23:01:33 
AF 140 035.6  47.1 034.4 -19.8 6.47E-06 002.3 264.7  60.8 0.014342 0.021250 0.006259 hargrave 2024-04-05 23:02:54 
AF 150 033.1  51.0 032.4 -16.0 6.15E-06 002.4 256.0  61.2 0.015803 0.019530 0.007096 hargrave 2024-04-05 23:04:14 
AF 160 033.9  50.4 032.9 -16.6 5.44E-06 002.3 257.6  61.3 0.013312 0.016477 0.005262 hargrave 2024-04-05 23:05:34 
AF 170 040.2  50.0 037.1 -16.5 6.07E-06 002.2 262.2  64.8 0.013935 0.018256 0.004159 hargrave 2024-04-05 23:06:55 
AF 180 038.3  53.3 035.5 -13.4 5.53E-06 002.1 253.9  65.0 0.012746 0.015132 0.003993 hargrave 2024-04-05 23:08:15 
AF 190 037.2  49.9 035.1 -16.9 5.29E-06 002.1 260.6  63.0 0.011055 0.015488 0.004328 hargrave 2024-04-05 23:09:35 
AF 200 037.3  50.0 035.2 -16.7 5.66E-06 002.0 260.3  63.2 0.011473 0.015589 0.004477 hargrave 2024-04-05 23:10:55 
AF 220 040.6  48.0 037.7 -18.4 5.26E-06 001.9 266.5  64.1 0.006991 0.015758 0.004170 hargrave 2024-04-05 23:12:17 
AF 240 048.8  49.8 042.9 -15.5 4.46E-06 001.4 268.8  69.8 0.006297 0.008687 0.002663 hargrave 2024-04-05 23:13:37 
AF 260 042.7  47.5 039.3 -18.7 4.97E-06 001.7 269.1  65.1 0.008013 0.012374 0.003097 hargrave 2024-04-05 23:14:57 
AF 280 041.0  49.4 037.8 -17.0 4.39E-06 001.4 263.9  65.0 0.006050 0.009535 0.001503 hargrave 2024-04-05 23:16:18 
AF 300 052.4  41.6 048.2 -22.4 4.91E-06 001.4 291.2  67.3 0.006922 0.009998 0.003914 hargrave 2024-04-05 23:17:39 
AF 320 041.8  55.3 037.2 -11.1 4.28E-06 001.8 250.5  67.5 0.009584 0.009559 0.001801 hargrave 2024-04-05 23:18:59 
AF 340 065.9  52.4 051.7 -08.7 5.13E-06 001.3 273.9  80.7 0.008960 0.008294 0.003657 hargrave 2024-04-05 23:20:19 
AF 360 063.0  52.9 049.9 -09.2 4.64E-06 001.5 268.5  79.1 0.008017 0.008975 0.003503 hargrave 2024-04-05 23:21:40 
AF 380 065.8  63.1 046.0  00.4 4.16E-06 001.6 214.9  77.9 0.011012 0.005650 0.003861 hargrave 2024-04-05 23:23:00 
AF 400 087.4  58.0 057.2  03.5 4.42E-06 001.1 142.0  84.7 0.007934 0.004098 0.007610 hargrave 2024-04-05 23:24:20 
AF 420 051.7  72.0 037.3  06.0 3.60E-06 002.2 204.1  68.1 0.014179 0.005939 0.004409 hargrave 2024-04-05 23:25:42 
AF 440 065.8  73.0 040.7  08.7 4.17E-06 001.9 193.1  70.0 0.015276 0.003277 0.002718 hargrave 2024-04-05 23:27:02 
AF 460 052.3  74.5 036.6  08.5 3.88E-06 002.4 198.8  66.5 0.016682 0.005868 0.002800 hargrave 2024-04-05 23:28:23 
AF 480 105.6  79.1 042.2  19.7 2.81E-06 002.0 169.9  63.6 0.011071 0.000542 0.002630 hargrave 2024-04-05 23:29:43 
AF 500 086.3  66.9 050.0  08.8 3.50E-06 001.9 171.2  76.9 0.011278 0.004776 0.004623 hargrave 2024-04-05 23:31:03 
AF 520 035.9  80.8 031.8  13.8 2.99E-06 002.3 193.1  59.9 0.013148 0.003059 0.003431 hargrave 2024-04-05 23:32:23 
AF 540 093.0  79.4 040.8  17.7 3.46E-06 002.2 175.0  64.3 0.015652 0.002566 0.003983 hargrave 2024-04-05 23:33:43 
AF 560 041.7  66.8 035.2  00.2 3.69E-06 002.0 220.4  67.2 0.012097 0.006454 0.002050 hargrave 2024-04-05 23:35:04 
AF 580 109.9  62.5 059.0  15.3 3.53E-06 001.7 131.1  72.9 0.008864 0.005414 0.006101 hargrave 2024-04-05 23:36:24 
AF 600 103.1  60.0 060.1  11.4 3.74E-06 001.4 125.5  76.7 0.006727 0.006225 0.005329 hargrave 2024-04-05 23:37:44 
AF 650 024.8  54.3 027.3 -12.5 1.63E-06 002.3 246.1  57.9 0.003544 0.005407 0.001877 hargrave 2024-04-05 23:39:05 
AF 700 039.5  79.2 032.6  12.4 3.45E-06 002.6 195.0  61.2 0.015922 0.005936 0.002682 hargrave 2024-04-05 23:40:26 
AF 750 068.1  82.5 035.7  16.9 2.64E-06 002.1 183.5  61.3 0.010952 0.002492 0.003314 hargrave 2024-04-05 23:41:46 
AF 800 010.2  51.5 017.9 -13.3 1.23E-06 003.8 243.3  48.8 0.004179 0.006811 0.005687 hargrave 2024-04-05 23:43:07 
AF 850 077.7  52.8 057.2 -04.1 2.60E-06 001.4 299.6  87.6 0.003458 0.005903 0.007413 hargrave 2024-04-05 23:44:28 
AF 900 154.4  60.2 061.9  36.2 1.80E-06 002.4 129.6  51.8 0.005617 0.003230 0.006286 hargrave 2024-04-05 23:45:48 
AF 950 035.0  48.7 033.8 -18.3 1.94E-06 002.4 261.5  61.2 0.004887 0.008821 0.003949 hargrave 2024-04-05 23:47:09 
AF1000 080.0  48.9 060.9 -05.9 2.78E-06 001.8 350.9  84.9 0.003524 0.007899 0.007436 hargrave 2024-04-05 23:48:30 
