MF16- 35a sun compass orientation
      0 196.6  52.0 301.0  67.0   1.0
NRM    024.4  62.4 028.0 -04.4 3.31E-05 001.9 214.8  36.5 0.099340 0.044619 0.050079 hargrave 2024-04-02 19:05:15 
AF  10 023.3  61.9 027.4 -04.9 3.07E-05 002.6 215.3  35.9 0.134272 0.056873 0.048746 hargrave 2024-04-02 19:06:35 
AF  20 022.6  61.6 027.0 -05.1 2.88E-05 002.7 215.5  35.5 0.128456 0.055994 0.046035 hargrave 2024-04-02 19:07:55 
AF  30 021.4  61.5 026.4 -05.2 2.74E-05 002.9 215.5  34.9 0.128798 0.075802 0.043682 hargrave 2024-04-02 19:09:16 
AF  40 022.5  60.9 026.8 -05.8 2.51E-05 003.0 216.3  35.3 0.119951 0.076672 0.039080 hargrave 2024-04-02 19:10:40 
AF  50 022.6  61.1 027.0 -05.6 2.33E-05 003.0 216.1  35.4 0.115441 0.064234 0.036645 hargrave 2024-04-02 19:12:00 
AF  60 022.5  59.8 026.7 -06.9 2.17E-05 003.2 217.7  34.9 0.108514 0.069702 0.034259 hargrave 2024-04-02 19:13:24 
AF  70 025.6  59.1 028.2 -07.8 2.03E-05 003.2 219.0  36.3 0.103266 0.066885 0.030202 hargrave 2024-04-02 19:14:48 
AF  80 029.8  58.1 030.4 -08.9 1.86E-05 003.3 220.9  38.1 0.097679 0.057761 0.027890 hargrave 2024-04-02 19:16:09 
AF  90 029.6  55.1 030.2 -11.9 1.73E-05 003.4 224.5  37.3 0.091760 0.055049 0.026489 hargrave 2024-04-02 19:17:29 
AF 100 028.3  54.6 029.4 -12.3 1.57E-05 003.5 224.8  36.5 0.085868 0.052186 0.025962 hargrave 2024-04-02 19:18:50 
AF 110 027.6  52.2 028.9 -14.8 1.43E-05 003.6 227.6  35.4 0.078622 0.048192 0.026269 hargrave 2024-04-02 19:20:10 
AF 120 026.6  49.6 028.0 -17.3 1.30E-05 003.7 230.3  33.9 0.071744 0.047768 0.023275 hargrave 2024-04-02 19:21:31 
AF 130 025.9  51.7 027.7 -15.1 1.20E-05 003.8 227.6  34.2 0.068664 0.045978 0.021921 hargrave 2024-04-02 19:22:51 
AF 140 027.0  50.8 028.4 -16.1 1.05E-05 003.9 229.0  34.6 0.060009 0.040864 0.019151 hargrave 2024-04-02 19:24:11 
AF 150 032.6  48.5 032.1 -18.5 8.87E-06 003.9 233.2  37.2 0.049187 0.037151 0.015813 hargrave 2024-04-02 19:25:32 
AF 160 030.2  52.8 030.5 -14.2 8.44E-06 003.9 227.4  37.0 0.048924 0.033990 0.014710 hargrave 2024-04-02 19:26:52 
AF 170 034.7  48.3 033.6 -18.6 7.68E-06 003.8 233.9  38.5 0.039461 0.031917 0.015175 hargrave 2024-04-02 19:28:13 
AF 180 035.7  47.1 034.4 -19.8 7.56E-06 003.6 235.7  38.8 0.035979 0.032415 0.012573 hargrave 2024-04-02 19:29:38 
AF 190 037.4  43.0 036.1 -23.7 6.88E-06 003.6 241.0  38.6 0.031575 0.032872 0.010716 hargrave 2024-04-02 19:31:02 
AF 200 046.8  41.6 043.9 -23.7 6.72E-06 003.5 245.7  44.9 0.028380 0.032798 0.011524 hargrave 2024-04-02 19:32:22 
AF 220 021.5  39.1 022.7 -27.2 4.36E-06 003.9 239.4  26.1 0.022330 0.023260 0.009946 hargrave 2024-04-02 19:33:42 
AF 240 029.0  50.0 029.6 -17.0 5.47E-06 004.1 230.5  35.5 0.031526 0.026053 0.010707 hargrave 2024-04-02 19:35:02 
AF 260 027.4  34.5 027.5 -32.4 5.33E-06 003.6 246.6  28.1 0.024405 0.027611 0.009196 hargrave 2024-04-02 19:36:23 
AF 280 044.5  36.2 043.5 -29.4 3.30E-06 003.2 251.9  41.4 0.011678 0.015109 0.006362 hargrave 2024-04-02 19:37:43 
AF 300 038.7  55.8 035.4 -10.9 2.19E-06 003.6 225.0  42.5 0.010151 0.007104 0.006602 hargrave 2024-04-02 19:39:03 
AF 320 089.1  53.0 061.7  01.1 2.79E-06 002.8 213.2  70.7 0.010512 0.006100 0.006778 hargrave 2024-04-02 19:40:24 
AF 340 067.4  29.7 066.2 -26.8 3.38E-06 003.5 272.5  56.6 0.012100 0.014804 0.008040 hargrave 2024-04-02 19:41:44 
AF 360 018.5  65.1 025.8 -01.4 1.12E-06 007.2 210.8  34.7 0.009792 0.004367 0.009855 hargrave 2024-04-02 19:43:05 
AF 380 052.7  44.6 047.3 -19.5 3.18E-06 004.4 242.9  49.7 0.018012 0.017084 0.006924 hargrave 2024-04-02 19:44:26 
AF 400 075.8  59.2 052.2  00.0 2.98E-06 004.0 212.9  61.1 0.016383 0.012820 0.004017 hargrave 2024-04-02 19:45:46 
AF 420 066.8  38.3 060.3 -20.1 4.09E-06 003.4 256.9  58.9 0.015365 0.018872 0.006347 hargrave 2024-04-02 19:47:06 
AF 440 113.6  48.1 073.7  12.2 3.15E-06 003.0 155.3  78.7 0.012457 0.011079 0.003051 hargrave 2024-04-02 19:48:30 
AF 460 048.6  68.6 037.3  02.5 1.40E-06 005.7 206.7  46.5 0.010369 0.008643 0.005273 hargrave 2024-04-02 19:49:54 
AF 480 229.7  67.3 021.1  44.2 1.64E-06 003.2 159.4  23.7 0.010571 0.004255 0.003473 hargrave 2024-04-02 19:51:14 
AF 500 115.3  22.9 097.7  03.9 1.91E-06 002.8 028.8  73.2 0.007140 0.006931 0.003338 hargrave 2024-04-02 19:52:35 
AF 520 112.4  16.7 102.3 -01.1 3.80E-06 003.3 015.0  68.1 0.015302 0.015773 0.004374 hargrave 2024-04-02 19:53:55 
AF 540 082.5  19.6 084.9 -24.2 2.38E-06 005.3 304.6  62.1 0.013335 0.016590 0.007375 hargrave 2024-04-02 19:55:15 
AF 560 063.9  50.1 051.8 -11.3 3.26E-06 003.6 234.2  57.6 0.016062 0.013103 0.004408 hargrave 2024-04-02 19:56:36 
AF 580 100.7  14.2 099.5 -12.4 3.61E-06 003.2 345.9  65.6 0.014484 0.014689 0.003702 hargrave 2024-04-02 19:57:56 
AF 600 064.2  45.5 054.4 -15.1 2.28E-06 005.0 242.7  57.9 0.012875 0.013855 0.008476 hargrave 2024-04-02 19:59:16 
AF 650 102.7  11.1 103.2 -12.0 3.12E-06 004.2 351.5  62.9 0.015397 0.016452 0.005015 hargrave 2024-04-02 20:00:36 
AF 700 131.8  62.3 061.4  25.2 3.73E-06 002.9 155.7  61.3 0.017680 0.010249 0.004097 hargrave 2024-04-02 20:01:57 
AF 750 061.0  35.9 057.5 -24.6 3.87E-06 003.6 259.0  53.8 0.014959 0.019170 0.007596 hargrave 2024-04-02 20:03:17 
AF 800 132.9  48.6 076.4  24.8 2.87E-06 003.6 127.7  68.2 0.014423 0.012045 0.000831 hargrave 2024-04-02 20:04:37 
AF 850 084.2  43.0 067.2 -07.8 2.93E-06 003.5 246.4  72.3 0.010952 0.014443 0.003423 hargrave 2024-04-02 20:05:58 
AF 900 189.5  43.9 066.0  62.6 1.42E-06 004.5 124.6  29.8 0.008500 0.004972 0.006542 hargrave 2024-04-02 20:07:19 
AF 950 033.6  43.0 033.1 -24.0 4.88E-06 003.8 239.9  36.1 0.021443 0.028600 0.009006 hargrave 2024-04-02 20:08:45 
AF1000 097.5  37.2 078.0 -03.2 2.66E-06 002.6 273.7  82.7 0.007347 0.009377 0.003207 hargrave 2024-04-02 20:10:06 
