MF16- 24b sun compass orientation
      0 151.4  54.0 301.0  67.0   1.0
NRM    315.9  68.8 009.7  16.2 8.51E-05 001.8 203.2  28.1 0.198412 0.130980 0.145680 hargrave 2024-04-12 19:28:34 
TT  55 327.2  62.5 006.2  09.2 7.98E-05 001.4 212.0  29.6 0.151906 0.045799 0.147282 hargrave 2024-04-15 10:23:27 
TT 100 320.5  64.6 006.5  12.8 6.49E-05 001.5 208.4  27.8 0.114718 0.047261 0.125142 hargrave 2024-04-15 12:51:58 
TT 125 320.6  60.0 002.4  10.6 5.82E-05 001.6 213.0  25.7 0.118101 0.054041 0.108221 hargrave 2024-04-15 15:33:46 
TT 150 304.1  65.6 005.1  19.6 4.80E-05 001.4 203.4  22.5 0.098287 0.030676 0.092761 hargrave 2024-04-15 18:51:59 
TT 200 310.1  59.7 359.9  15.3 3.97E-05 001.6 210.3  21.0 0.106942 0.027078 0.075819 hargrave 2024-04-16 10:23:55 
TT 250 304.0  57.6 356.8  17.7 2.86E-05 002.0 209.9  17.2 0.086891 0.018055 0.068324 hargrave 2024-04-16 12:42:31 
TT 300 286.5  64.7 003.3  26.9 1.46E-05 002.0 198.4  16.7 0.062335 0.018634 0.026030 hargrave 2024-04-16 15:38:59 
TT 325 307.7  72.3 012.2  19.8 1.24E-05 002.4 198.3  27.4 0.055391 0.022086 0.024768 hargrave 2024-04-16 18:43:56 
TT 350 255.3  65.9 009.5  38.7 1.45E-05 001.4 185.8  12.5 0.060683 0.016112 0.018321 hargrave 2024-04-17 11:08:38 
TT 375 238.3  48.3 357.2  56.7 1.57E-05 001.5 178.0 -05.7 0.049931 0.025079 0.033002 hargrave 2024-04-17 14:16:39 
TT 400 252.4  49.8 351.3  48.1 9.42E-06 001.6 187.1 -03.6 0.027630 0.015397 0.020090 hargrave 2024-04-18 11:13:29 
TT 420 179.7  76.2 039.6  34.5 7.81E-06 001.7 166.2  28.7 0.024569 0.008953 0.016476 hargrave 2024-04-18 15:06:14 
TT 430 235.4  79.6 025.9  32.4 8.70E-06 001.6 178.8  25.6 0.028727 0.011801 0.013437 hargrave 2024-04-19 09:38:11 
TT 440 117.9  65.8 056.8  19.6 9.31E-06 001.2 150.5  46.0 0.026070 0.007246 0.001518 hargrave 2024-04-19 13:33:56 
