MF16- 54b sun compass orientation
      0 171.2  36.0 301.0  67.0   1.0
NRM    036.0  70.2 032.7  03.3 1.32E-05 002.4 213.7  64.3 0.049108 0.027299 0.008696 hargrave 2024-04-12 20:18:05 
TT  50 022.9  66.3 027.8 -00.5 1.06E-05 002.4 222.9  59.9 0.040530 0.021690 0.007296 hargrave 2024-04-15 11:16:36 
TT 100 029.3  67.4 030.4  00.4 6.34E-06 002.5 220.7  62.4 0.025556 0.013578 0.002779 hargrave 2024-04-15 14:07:50 
TT 125 051.4  66.3 039.1  00.7 4.67E-06 002.2 217.9  71.0 0.016887 0.008996 0.001909 hargrave 2024-04-15 17:20:09 
TT 150 041.5  64.2 035.5 -02.4 4.22E-06 002.3 227.1  67.7 0.015590 0.009351 0.000988 hargrave 2024-04-15 19:56:05 
TT 200 200.9  77.3 033.7  35.5 1.96E-08 008.3 163.9  46.3 0.000222 0.000192 0.000121 hargrave 2024-04-16 11:27:56 
TT 200 043.7  56.1 038.1 -10.2 2.63E-06 002.6 249.1  68.7 0.009632 0.008053 0.003700 hargrave 2024-04-16 12:08:02 
TT 250 041.9  51.7 037.9 -14.7 2.27E-06 004.2 259.3  66.5 0.013681 0.011017 0.003386 hargrave 2024-04-16 13:54:31 
TT 300 319.5  75.7 016.8  17.9 1.57E-08 053.9 197.3  44.8 0.001405 0.001470 0.000011 hargrave 2024-04-16 16:59:03 
TT 300 017.0  23.2 013.7 -41.9 1.87E-06 004.1 276.4  33.6 0.011378 0.006686 0.004972 hargrave 2024-04-16 17:43:20 
TT 325 228.5  36.2 346.1  69.9 3.14E-06 001.6 154.0  04.5 0.013027 0.010614 0.005988 hargrave 2024-04-17 09:23:22 
TT 350 090.5  56.0 059.9  03.6 6.11E-07 006.0 113.9  84.3 0.004441 0.004298 0.004289 hargrave 2024-04-17 12:30:10 
