MF16- 56b sun compass orientation
      0 145.4  34.0 301.0  67.0   1.0
NRM    339.3  62.6 009.8  04.9 8.28E-06 002.6 227.8  52.9 0.032006 0.017965 0.011788 hargrave 2024-04-12 20:21:14 
TT  50 328.2  62.8 006.7  09.0 6.52E-06 002.4 223.6  48.6 0.025614 0.014331 0.005409 hargrave 2024-04-15 11:19:31 
TT 100 336.0  57.4 004.8  02.6 3.93E-06 002.6 233.7  49.0 0.015937 0.011037 0.004714 hargrave 2024-04-15 14:10:48 
TT 125 339.3  59.0 007.2  02.4 2.89E-06 002.6 232.9  51.2 0.010904 0.007683 0.004686 hargrave 2024-04-15 17:23:06 
TT 150 344.5  50.8 003.6 -05.6 2.22E-06 002.9 246.3  49.3 0.008759 0.007079 0.004314 hargrave 2024-04-15 19:59:00 
TT 200 340.7  64.0 011.2  05.4 1.80E-06 003.3 226.0  54.1 0.008489 0.005502 0.004719 hargrave 2024-04-16 11:30:52 
TT 250 003.1  61.1 017.9 -02.9 9.27E-07 005.9 237.4  63.0 0.007218 0.005596 0.002915 hargrave 2024-04-16 13:57:28 
TT 300 114.8  58.8 063.4  16.4 1.15E-06 002.2 120.3  59.0 0.003123 0.002926 0.003372 hargrave 2024-04-16 17:01:59 
TT 325 211.4  64.7 030.8  48.3 1.13E-06 002.7 168.1  32.1 0.005506 0.004341 0.001003 hargrave 2024-04-17 09:26:18 
TT 350 327.6  23.4 333.7 -12.9 1.08E-06 004.9 258.1  20.4 0.008454 0.006658 0.002614 hargrave 2024-04-17 12:33:07 
