MF16- 9a sun compass orientation
   50.1 149.3  45.0 301.0  67.0   1.0
NRM    018.5  75.5 027.9  08.8 6.76E-05 000.8 196.5  54.9 0.087495 0.031646 0.036554 hargrave 2023-11-22 11:34:27 
AF  10 015.7  76.0 027.3  09.4 6.32E-05 001.1 196.6  54.1 0.111609 0.057135 0.038483 hargrave 2023-11-22 11:35:48 
AF  20 013.7  76.4 026.9  09.9 5.86E-05 001.1 196.5  53.5 0.101289 0.059228 0.036474 hargrave 2023-11-22 11:37:09 
AF  30 011.6  76.6 026.5  10.3 5.40E-05 001.2 196.5  52.9 0.095403 0.061115 0.033999 hargrave 2023-11-22 11:38:30 
AF  40 008.6  76.3 025.7  10.2 5.00E-05 001.3 197.6  52.5 0.095154 0.061079 0.031694 hargrave 2023-11-22 11:39:50 
AF  50 002.8  77.1 024.8  11.5 4.43E-05 001.4 197.1  50.9 0.102160 0.058385 0.027828 hargrave 2023-11-22 11:41:11 
AF  60 005.0  77.6 025.5  11.7 3.94E-05 001.5 196.2  51.2 0.085802 0.062080 0.025753 hargrave 2023-11-22 11:42:31 
AF  70 001.8  76.8 024.5  11.3 3.60E-05 001.8 197.8  50.8 0.114480 0.058612 0.025127 hargrave 2023-11-22 11:43:52 
AF  80 006.0  77.1 025.5  11.2 3.27E-05 001.8 196.8  51.6 0.103008 0.056269 0.022598 hargrave 2023-11-22 11:45:13 
AF  90 016.0  75.8 027.3  09.3 2.88E-05 001.4 196.7  54.3 0.069672 0.032529 0.023533 hargrave 2023-11-22 11:46:34 
AF 100 025.0  77.2 029.7  10.3 2.59E-05 001.4 192.6  55.0 0.065143 0.027431 0.020060 hargrave 2023-11-22 11:47:55 
AF 110 019.6  74.8 028.0  08.0 2.46E-05 001.4 197.3  55.6 0.061052 0.028678 0.018104 hargrave 2023-11-22 11:49:16 
AF 120 024.4  75.8 029.4  08.9 2.25E-05 001.4 194.4  55.8 0.056514 0.024808 0.017172 hargrave 2023-11-22 11:50:37 
AF 130 014.8  73.1 026.3  06.7 1.92E-05 001.5 201.0  55.4 0.049992 0.024393 0.018730 hargrave 2023-11-22 11:51:58 
AF 140 006.7  71.6 023.5  06.1 1.77E-05 001.6 205.0  53.7 0.051766 0.025467 0.020814 hargrave 2023-11-22 11:53:19 
AF 150 350.8  71.2 018.8  08.2 1.63E-05 001.9 207.1  48.8 0.052551 0.025353 0.004279 hargrave 2023-11-22 11:54:40 
AF 160 344.3  72.3 018.0  10.4 1.47E-05 001.9 205.5  46.8 0.049334 0.024263 0.003321 hargrave 2023-11-22 11:56:01 
AF 170 356.9  68.9 019.3  05.2 1.38E-05 001.8 210.5  51.0 0.044115 0.023255 0.004919 hargrave 2023-11-22 11:57:22 
AF 180 353.8  66.1 016.8  03.5 1.50E-05 001.9 214.9  49.9 0.046938 0.026381 0.007106 hargrave 2023-11-22 11:58:43 
AF 190 358.9  76.5 023.7  11.4 1.22E-05 001.9 198.5  50.3 0.042562 0.018531 0.005279 hargrave 2023-11-22 12:00:04 
AF 200 014.6  70.3 025.5  04.0 1.09E-05 001.9 205.6  56.6 0.037814 0.017557 0.010344 hargrave 2023-11-22 12:01:25 
AF 220 066.8  80.8 036.6  15.4 1.01E-05 001.4 178.0  54.1 0.027747 0.009203 0.005269 hargrave 2023-11-22 12:02:46 
AF 240 075.3  68.1 046.2  06.7 7.94E-06 001.4 165.7  65.5 0.021799 0.004311 0.003341 hargrave 2023-11-22 12:04:06 
AF 260 022.6  78.8 029.3  11.9 7.84E-06 002.0 191.3  53.5 0.030413 0.011969 0.001454 hargrave 2023-11-22 12:05:26 
AF 280 021.2  70.6 027.7  03.9 8.55E-06 002.0 203.1  58.4 0.030665 0.013902 0.003847 hargrave 2023-11-22 12:06:47 
AF 300 046.9  71.8 035.9  05.4 7.30E-06 001.8 188.4  62.6 0.025590 0.009973 0.008978 hargrave 2023-11-22 12:08:09 
AF 320 037.2  69.1 033.2  02.2 7.18E-06 001.9 197.4  63.4 0.025477 0.009934 0.006647 hargrave 2023-11-22 12:09:29 
AF 340 066.5  76.5 039.0  11.8 5.17E-06 002.2 176.8  58.4 0.023965 0.007021 0.005428 hargrave 2023-11-22 12:10:50 
AF 360 012.4  47.2 017.8 -17.8 8.61E-06 002.3 248.9  57.9 0.027969 0.023270 0.002843 hargrave 2023-11-22 12:12:10 
AF 380 350.6  56.7 010.1 -03.4 2.19E-06 004.5 228.7  47.1 0.016526 0.010544 0.016782 hargrave 2023-11-22 12:13:30 
AF 400 342.5  08.1 328.6 -33.3 1.61E-06 005.8 273.6  15.1 0.014973 0.015935 0.007370 hargrave 2023-11-22 12:14:51 
AF 420 047.4  04.9 062.9 -57.9 4.12E-06 003.5 341.9  48.5 0.018261 0.017570 0.009459 hargrave 2023-11-22 12:16:11 
AF 440 033.7  01.1 037.7 -65.8 1.76E-06 006.4 325.4  40.6 0.017830 0.012749 0.005005 hargrave 2023-11-22 12:17:32 
AF 460 345.8  14.0 336.4 -32.3 3.43E-06 003.2 271.5  21.4 0.017941 0.016717 0.003400 hargrave 2023-11-22 12:18:53 
AF 480 039.5 -09.9 064.2 -74.6 2.82E-06 004.1 336.8  32.3 0.015445 0.016998 0.006015 hargrave 2023-11-22 12:20:13 
AF 500 004.6  16.4 355.4 -42.9 5.32E-06 002.6 283.8  36.3 0.015320 0.021400 0.007981 hargrave 2023-11-22 12:21:35 
AF 520 021.6 -15.0 341.4 -78.1 4.27E-06 003.1 320.8  20.9 0.019353 0.023634 0.002243 hargrave 2023-11-22 12:22:55 
AF 540 333.5 -27.9 282.7 -38.3 3.68E-06 002.3 293.2 -16.6 0.010901 0.016127 0.004618 hargrave 2023-11-22 12:24:16 
AF 560 350.9 -13.8 307.5 -51.0 4.26E-06 002.6 295.0  04.8 0.015520 0.023084 0.002650 hargrave 2023-11-22 12:25:37 
AF 580 358.7 -49.6 246.4 -53.3 5.31E-06 002.3 323.6 -18.3 0.014737 0.018253 0.006154 hargrave 2023-11-22 12:27:34 
AF 600 012.2  05.7 356.1 -55.9 6.09E-06 002.2 299.3  33.3 0.013919 0.026771 0.003304 hargrave 2023-11-22 12:28:55 
