MF16- 63a sun compass orientation
      0 156.1  34.0 301.0  67.0   1.0
NRM    001.2  69.0 020.7  04.5 8.54E-06 002.2 219.3  59.2 0.028027 0.015688 0.008916 hargrave 2024-04-10 18:39:44 
AF  10 000.1  68.8 020.3  04.5 8.10E-06 002.1 219.5  58.8 0.025180 0.014970 0.008331 hargrave 2024-04-10 18:41:05 
AF  20 000.2  68.2 020.0  04.0 7.69E-06 002.1 220.7  58.7 0.023772 0.014151 0.008279 hargrave 2024-04-10 18:42:26 
AF  30 001.1  68.5 020.4  04.0 7.36E-06 002.2 220.3  59.1 0.023378 0.013512 0.008382 hargrave 2024-04-10 18:43:46 
AF  40 000.5  67.7 019.9  03.5 7.01E-06 002.1 221.8  58.7 0.021541 0.012961 0.008210 hargrave 2024-04-10 18:45:07 
AF  50 000.8  66.6 019.5  02.4 6.64E-06 002.2 223.9  58.6 0.021077 0.012205 0.008319 hargrave 2024-04-10 18:46:27 
AF  60 001.5  66.2 019.5  02.0 6.27E-06 002.1 224.6  58.8 0.019445 0.011830 0.007167 hargrave 2024-04-10 18:47:48 
AF  70 001.4  66.5 019.6  02.3 5.88E-06 002.1 224.1  58.8 0.017642 0.010308 0.006990 hargrave 2024-04-10 18:49:09 
AF  80 358.9  66.2 018.6  02.5 5.75E-06 002.2 224.2  57.8 0.017787 0.011037 0.006972 hargrave 2024-04-10 18:50:29 
AF  90 359.2  67.6 019.4  03.6 5.34E-06 002.1 221.7  58.2 0.016213 0.009716 0.005996 hargrave 2024-04-10 18:51:50 
AF 100 000.8  65.0 018.7  01.0 5.24E-06 002.1 226.9  58.2 0.015996 0.009874 0.006154 hargrave 2024-04-10 18:53:10 
AF 110 002.1  65.1 019.3  00.8 4.89E-06 002.2 226.9  58.8 0.015593 0.009761 0.006181 hargrave 2024-04-10 18:54:31 
AF 120 004.9  65.2 020.4  00.5 4.72E-06 002.1 227.2  59.9 0.013874 0.009392 0.005647 hargrave 2024-04-10 18:55:51 
AF 130 007.5  62.5 020.4 -02.4 4.47E-06 002.2 232.9  60.5 0.012994 0.009210 0.005876 hargrave 2024-04-10 18:57:11 
AF 140 005.6  63.1 019.8 -01.6 4.17E-06 002.1 231.4  59.7 0.012095 0.008288 0.005002 hargrave 2024-04-10 18:58:32 
AF 150 003.2  62.6 018.6 -01.6 3.90E-06 002.1 231.8  58.6 0.011229 0.007583 0.004993 hargrave 2024-04-10 18:59:52 
AF 160 004.7  64.2 019.9 -00.4 3.65E-06 001.9 229.1  59.7 0.009815 0.005748 0.004239 hargrave 2024-04-10 19:01:13 
AF 170 001.5  58.5 016.0 -04.9 3.56E-06 002.2 238.4  56.3 0.010432 0.007027 0.005028 hargrave 2024-04-10 19:02:33 
AF 180 000.3  61.5 016.9 -02.0 3.22E-06 002.1 232.9  56.9 0.009514 0.005944 0.004170 hargrave 2024-04-10 19:03:54 
AF 190 006.7  61.6 019.7 -03.2 3.29E-06 002.2 234.5  59.8 0.009767 0.006627 0.004123 hargrave 2024-04-10 19:05:15 
AF 200 004.3  61.2 018.5 -03.1 3.15E-06 002.2 234.6  58.7 0.009294 0.006265 0.004157 hargrave 2024-04-10 19:06:36 
AF 220 009.2  53.5 018.0 -11.2 2.93E-06 002.0 250.1  58.0 0.007799 0.005735 0.004005 hargrave 2024-04-10 19:07:56 
AF 240 357.8  53.7 011.9 -08.1 2.91E-06 001.9 243.9  52.2 0.008112 0.004643 0.003243 hargrave 2024-04-10 19:09:16 
AF 260 000.8  57.6 015.3 -05.6 2.89E-06 002.0 239.6  55.6 0.008282 0.005443 0.003336 hargrave 2024-04-10 19:10:37 
AF 280 001.5  53.3 013.6 -09.5 2.58E-06 001.8 246.4  53.9 0.006416 0.004767 0.002264 hargrave 2024-04-10 19:11:57 
AF 300 004.0  48.9 013.1 -14.2 2.72E-06 001.9 254.0  52.8 0.006843 0.005054 0.002999 hargrave 2024-04-10 19:13:18 
AF 320 011.1  49.2 017.6 -15.7 2.46E-06 002.0 258.1  56.8 0.006230 0.005268 0.002887 hargrave 2024-04-10 19:14:38 
AF 340 004.7  45.3 011.9 -17.6 2.66E-06 001.8 259.1  51.0 0.006058 0.004690 0.003765 hargrave 2024-04-10 19:15:59 
AF 360 000.8  46.1 009.7 -15.7 2.55E-06 001.9 255.5  49.4 0.005997 0.004756 0.004041 hargrave 2024-04-10 19:17:19 
AF 380 010.4  47.5 016.6 -17.1 2.32E-06 002.3 260.1  55.5 0.007088 0.005668 0.003483 hargrave 2024-04-10 19:18:41 
AF 400 004.9  48.0 013.2 -15.3 2.25E-06 002.4 255.8  52.8 0.006406 0.006089 0.004158 hargrave 2024-04-10 19:20:01 
AF 420 351.7  47.2 005.0 -11.4 2.13E-06 002.1 248.5  45.3 0.005442 0.004510 0.003509 hargrave 2024-04-10 19:21:21 
AF 440 355.9  48.0 007.8 -12.3 2.12E-06 002.3 250.1  48.0 0.005732 0.004999 0.003848 hargrave 2024-04-10 19:22:46 
AF 460 348.3  40.5 358.7 -15.1 2.31E-06 001.9 252.8  38.9 0.005374 0.003480 0.004417 hargrave 2024-04-10 19:24:06 
AF 480 004.0  39.3 008.6 -22.8 1.77E-06 001.6 265.5  46.7 0.002829 0.002600 0.003327 hargrave 2024-04-10 19:25:30 
AF 500 358.4  41.5 005.8 -18.8 2.21E-06 001.9 259.0  45.1 0.004490 0.004549 0.004003 hargrave 2024-04-10 19:26:51 
AF 520 006.7  40.6 011.3 -22.5 1.83E-06 002.1 266.2  49.1 0.004158 0.004436 0.002796 hargrave 2024-04-10 19:28:11 
AF 540 007.5  35.3 009.5 -27.6 1.52E-06 002.5 272.4  45.8 0.004248 0.004589 0.002940 hargrave 2024-04-10 19:29:32 
AF 560 003.9  48.2 012.7 -14.7 1.42E-06 002.7 254.8  52.4 0.004371 0.004179 0.003244 hargrave 2024-04-10 19:30:52 
AF 580 020.6  47.1 023.5 -19.3 1.64E-06 002.4 268.3  60.9 0.004314 0.005145 0.002434 hargrave 2024-04-10 19:32:13 
AF 600 003.2  41.4 009.0 -20.6 1.90E-06 002.5 262.6  47.7 0.005672 0.004857 0.004136 hargrave 2024-04-10 19:33:34 
AF 650 358.4  39.9 004.9 -20.2 1.77E-06 001.9 260.7  44.0 0.003885 0.003892 0.003310 hargrave 2024-04-10 19:34:54 
AF 700 357.8  22.3 353.2 -34.3 1.90E-06 001.9 274.8  30.5 0.002849 0.004484 0.004166 hargrave 2024-04-10 19:36:14 
AF 750 015.1  23.6 011.5 -40.9 1.62E-06 002.5 289.6  40.8 0.003411 0.004817 0.004327 hargrave 2024-04-10 19:37:35 
AF 800 009.4  35.1 011.0 -28.4 1.91E-06 002.1 274.2  46.7 0.003866 0.004799 0.004245 hargrave 2024-04-10 19:38:55 
AF 850 028.3  17.6 027.0 -49.3 1.44E-06 002.1 307.9  42.2 0.002304 0.003852 0.003124 hargrave 2024-04-10 19:40:16 
AF 900 035.5  32.2 035.7 -34.7 1.06E-06 002.4 305.5  58.1 0.002388 0.003087 0.002327 hargrave 2024-04-10 19:41:37 
AF 950 025.5  32.0 025.3 -34.7 1.05E-06 002.4 293.3  53.1 0.001641 0.003224 0.002840 hargrave 2024-04-10 19:42:58 
AF1000 345.6  23.8 344.7 -25.7 1.10E-06 002.3 263.7  24.8 0.002679 0.002950 0.002607 hargrave 2024-04-10 19:44:20 
