MF16- 32a sun compass orientation
      0 177.8  53.0 301.0  67.0   1.0
NRM    359.1  69.8 020.5  05.6 2.36E-05 002.8 204.8  34.8 0.107396 0.058949 0.035135 hargrave 2024-04-01 22:42:27 
AF  10 356.2  69.4 019.4  05.7 2.25E-05 002.8 205.0  33.7 0.103080 0.058218 0.034214 hargrave 2024-04-01 22:43:46 
AF  20 355.5  68.8 018.8  05.3 2.09E-05 002.8 205.7  33.3 0.098025 0.055221 0.031849 hargrave 2024-04-01 22:45:06 
AF  30 354.9  67.8 018.1  04.6 1.94E-05 002.9 206.7  32.8 0.093690 0.052727 0.030151 hargrave 2024-04-01 22:46:26 
AF  40 355.8  66.9 017.9  03.7 1.77E-05 003.0 207.8  32.9 0.088030 0.049396 0.027605 hargrave 2024-04-01 22:47:46 
AF  50 353.4  66.1 016.7  03.6 1.66E-05 003.1 208.3  31.7 0.085204 0.046957 0.025213 hargrave 2024-04-01 22:49:05 
AF  60 355.5  64.9 016.7  02.1 1.50E-05 003.2 210.0  32.1 0.079665 0.044200 0.022445 hargrave 2024-04-01 22:50:25 
AF  70 353.2  62.9 014.8  00.9 1.35E-05 003.4 211.8  30.4 0.075415 0.042216 0.019580 hargrave 2024-04-01 22:51:45 
AF  80 358.3  60.9 015.8 -02.0 1.21E-05 003.5 214.9  32.0 0.070215 0.040457 0.015875 hargrave 2024-04-01 22:53:05 
AF  90 352.6  60.2 013.0 -01.1 1.06E-05 003.6 214.5  29.1 0.064117 0.036010 0.013825 hargrave 2024-04-01 22:54:25 
AF 100 359.4  55.7 013.7 -06.9 9.59E-06 003.8 220.9  30.7 0.057664 0.036530 0.012274 hargrave 2024-04-01 22:55:45 
AF 110 356.8  57.2 013.2 -04.8 8.94E-06 003.8 218.7  29.9 0.054940 0.033502 0.011809 hargrave 2024-04-01 22:57:06 
AF 120 359.5  53.0 012.4 -09.2 8.10E-06 004.0 223.8  29.7 0.049657 0.031773 0.010883 hargrave 2024-04-01 22:58:26 
AF 130 006.1  49.4 014.6 -14.3 8.14E-06 003.9 229.5  32.2 0.047557 0.033051 0.010142 hargrave 2024-04-01 22:59:47 
AF 140 007.3  48.3 014.9 -15.6 7.05E-06 003.9 231.1  32.5 0.039555 0.028706 0.008361 hargrave 2024-04-01 23:01:08 
AF 150 008.6  47.2 015.3 -17.0 6.02E-06 003.8 232.7  32.9 0.032839 0.025636 0.006920 hargrave 2024-04-01 23:02:28 
AF 160 002.2  44.0 009.6 -17.9 5.62E-06 004.0 233.9  27.5 0.030843 0.024984 0.008003 hargrave 2024-04-01 23:03:49 
AF 170 003.5  43.6 010.3 -18.8 5.79E-06 003.9 234.9  28.2 0.030948 0.025947 0.007326 hargrave 2024-04-01 23:05:09 
AF 180 009.6  41.4 013.7 -22.6 5.41E-06 003.7 239.3  31.3 0.025750 0.024268 0.007784 hargrave 2024-04-01 23:06:29 
AF 190 024.3  34.9 024.6 -31.7 6.03E-06 003.1 252.1  39.6 0.020438 0.027130 0.009842 hargrave 2024-04-01 23:07:50 
AF 200 009.7  33.1 010.3 -30.4 5.06E-06 003.3 248.0  27.8 0.018901 0.024749 0.009694 hargrave 2024-04-01 23:09:10 
AF 220 003.1  26.5 000.8 -33.6 4.31E-06 002.9 251.0  19.6 0.014513 0.023448 0.004700 hargrave 2024-04-01 23:10:31 
AF 240 357.4  31.2 358.9 -27.0 5.25E-06 003.5 244.0  17.9 0.024385 0.027736 0.006441 hargrave 2024-04-01 23:11:51 
AF 260 005.6  37.5 008.9 -24.9 4.36E-06 003.5 241.8  26.9 0.018585 0.022405 0.005458 hargrave 2024-04-01 23:13:11 
AF 280 000.0  16.2 350.5 -40.5 3.06E-06 002.5 258.2  11.4 0.007833 0.015276 0.007422 hargrave 2024-04-01 23:14:31 
AF 300 019.7  35.7 020.4 -30.4 2.78E-06 002.7 249.4  36.4 0.008099 0.012547 0.003418 hargrave 2024-04-01 23:15:51 
AF 320 335.0 -07.0 308.2 -33.9 2.93E-06 002.3 261.7 -22.4 0.007921 0.012588 0.007525 hargrave 2024-04-01 23:17:11 
AF 340 011.1  31.4 010.9 -32.4 2.44E-06 003.2 250.3  28.0 0.008526 0.011619 0.006039 hargrave 2024-04-01 23:18:31 
AF 360 335.9  23.5 338.3 -19.1 2.43E-06 003.8 238.4 -01.9 0.011820 0.011329 0.006366 hargrave 2024-04-01 23:19:53 
AF 380 027.9  06.8 024.8 -60.0 2.75E-06 002.5 283.4  28.0 0.002510 0.013141 0.007575 hargrave 2024-04-01 23:21:13 
AF 400 001.2  29.8 001.1 -30.0 2.64E-06 003.1 247.1  19.9 0.009391 0.012353 0.004540 hargrave 2024-04-01 23:22:33 
AF 420 008.1  14.5 357.9 -46.3 1.24E-06 002.4 264.3  16.7 0.003664 0.007659 0.003417 hargrave 2024-04-01 23:23:52 
AF 440 030.2 -14.1 025.9 -81.1 2.26E-06 002.8 301.8  15.6 0.005926 0.011394 0.005390 hargrave 2024-04-01 23:25:12 
AF 460 002.6 -09.0 323.6 -59.4 4.53E-07 005.2 280.1 -01.6 0.000323 0.004408 0.003903 hargrave 2024-04-01 23:26:33 
AF 480 317.2  06.2 313.3 -12.4 1.46E-06 003.4 237.8 -26.8 0.006965 0.005230 0.001646 hargrave 2024-04-01 23:27:53 
AF 500 020.9  05.4 010.5 -59.9 1.20E-06 001.9 279.9  21.6 0.000956 0.005188 0.003626 hargrave 2024-04-01 23:29:13 
AF 520 072.9 -15.6 118.2 -49.9 2.17E-06 002.9 342.3  35.5 0.010724 0.006441 0.005620 hargrave 2024-04-01 23:30:33 
AF 540 016.1 -11.5 337.7 -71.7 2.69E-06 002.0 290.3  07.3 0.004817 0.013638 0.002405 hargrave 2024-04-01 23:31:53 
AF 560 054.2 -00.2 079.0 -57.9 1.35E-06 002.6 312.4  41.5 0.004379 0.005185 0.000688 hargrave 2024-04-01 23:33:13 
AF 580 348.0 -12.1 308.4 -47.7 6.26E-07 003.6 274.0 -15.0 0.001404 0.005008 0.003062 hargrave 2024-04-01 23:34:34 
AF 600 012.7 -04.7 344.2 -64.6 3.78E-06 001.6 282.9  08.9 0.005465 0.021320 0.002072 hargrave 2024-04-01 23:35:54 
AF 650 002.0 -22.1 297.3 -63.3 3.40E-06 002.0 290.3 -09.9 0.005259 0.016856 0.004550 hargrave 2024-04-01 23:37:15 
AF 700 081.7  23.4 081.2 -22.3 2.32E-06 001.5 337.3  75.4 0.003004 0.005355 0.003083 hargrave 2024-04-01 23:38:36 
AF 750 112.8 -34.4 151.2 -19.2 1.84E-06 003.6 021.1  14.9 0.010862 0.005143 0.007529 hargrave 2024-04-01 23:39:56 
AF 800 132.1 -50.1 171.1 -10.7 9.84E-07 004.2 026.8 -05.4 0.006750 0.003647 0.003440 hargrave 2024-04-01 23:41:17 
AF 850 067.6 -06.2 101.3 -51.0 2.64E-06 002.7 332.1  42.8 0.010301 0.008333 0.005838 hargrave 2024-04-01 23:42:38 
AF 900 292.9  44.9 342.0  21.6 1.15E-06 003.7 197.6 -05.1 0.009405 0.004551 0.003047 hargrave 2024-04-01 23:43:59 
AF 950 064.5  84.0 034.5  18.0 8.19E-07 005.9 183.2  42.5 0.006148 0.005140 0.004656 hargrave 2024-04-01 23:45:20 
AF1000 345.9  39.1 356.4 -14.9 2.30E-06 004.0 231.7  14.6 0.012344 0.011275 0.001864 hargrave 2024-04-01 23:46:42 
