MF16- 21a sun compass orientation
      0 176.9  40.0 301.0  67.0   1.0
NRM    002.3  72.1 022.5  07.1 4.61E-05 002.0 207.4  48.4 0.128946 0.088119 0.068965 hargrave 2024-03-24 11:21:14 
AF  10 357.9  70.4 020.4  06.3 4.25E-05 002.0 209.1  46.5 0.117065 0.084038 0.064705 hargrave 2024-03-24 11:22:35 
AF  20 354.4  69.5 018.9  06.1 3.92E-05 002.0 209.7  45.0 0.099352 0.081919 0.060741 hargrave 2024-03-24 11:23:55 
AF  30 354.5  68.2 018.2  05.1 3.58E-05 001.8 211.4  44.5 0.099232 0.053109 0.056648 hargrave 2024-03-24 11:25:16 
AF  40 357.6  68.3 019.2  04.5 3.19E-05 002.9 211.9  45.6 0.139565 0.075685 0.052294 hargrave 2024-03-24 11:26:37 
AF  50 353.2  66.4 016.8  03.9 2.85E-05 002.8 213.2  43.3 0.118206 0.065509 0.047946 hargrave 2024-03-24 11:27:58 
AF  60 356.0  66.3 017.6  03.1 2.56E-05 002.9 214.2  44.2 0.111020 0.063126 0.043082 hargrave 2024-03-24 11:29:18 
AF  70 357.2  65.4 017.6  02.1 2.29E-05 003.0 215.6  44.3 0.104866 0.060792 0.037040 hargrave 2024-03-24 11:30:39 
AF  80 359.9  65.6 018.7  01.8 2.12E-05 003.1 215.9  45.4 0.098532 0.056420 0.034439 hargrave 2024-03-24 11:32:00 
AF  90 001.3  66.3 019.5  02.1 1.79E-05 003.3 215.3  46.2 0.088638 0.050858 0.030089 hargrave 2024-03-24 11:33:20 
AF 100 355.7  65.3 017.0  02.3 1.56E-05 003.5 215.3  43.6 0.083097 0.051018 0.026492 hargrave 2024-03-24 11:34:45 
AF 110 352.3  67.9 017.4  05.3 1.35E-05 003.7 211.2  43.7 0.076993 0.041644 0.024630 hargrave 2024-03-24 11:36:05 
AF 120 348.9  64.2 014.0  03.2 1.30E-05 003.8 214.5  40.6 0.074328 0.043569 0.025720 hargrave 2024-03-24 11:37:26 
AF 130 000.8  66.6 019.5  02.5 9.91E-06 004.1 214.8  46.1 0.060945 0.034899 0.021198 hargrave 2024-03-24 11:38:47 
AF 140 003.9  67.1 020.8  02.4 8.49E-06 004.0 214.7  47.4 0.052268 0.030141 0.015582 hargrave 2024-03-24 11:40:07 
AF 150 018.8  62.3 025.4 -04.1 7.50E-06 004.0 224.7  52.2 0.040070 0.029671 0.017123 hargrave 2024-03-24 11:41:28 
AF 160 010.7  61.4 021.4 -04.1 6.96E-06 004.0 224.3  48.2 0.037904 0.027105 0.016272 hargrave 2024-03-24 11:42:49 
AF 170 013.8  58.3 021.9 -07.5 6.51E-06 004.2 229.5  48.5 0.035658 0.026726 0.018571 hargrave 2024-03-24 11:44:10 
AF 180 026.1  51.1 027.8 -15.8 7.31E-06 003.7 244.2  52.5 0.031562 0.030618 0.019367 hargrave 2024-03-24 11:45:30 
AF 190 038.2  52.7 035.5 -14.0 7.09E-06 003.2 245.7  60.0 0.024437 0.024862 0.019912 hargrave 2024-03-24 11:46:51 
AF 200 020.0  54.2 024.4 -12.2 6.84E-06 003.9 237.3  50.2 0.032221 0.026636 0.020488 hargrave 2024-03-24 11:48:13 
AF 220 017.3  48.5 021.5 -17.4 7.35E-06 003.6 243.8  46.3 0.030380 0.031486 0.018014 hargrave 2024-03-24 11:49:33 
AF 240 007.9  52.8 017.0 -11.6 9.39E-06 003.7 234.5  43.2 0.045850 0.036023 0.018960 hargrave 2024-03-24 11:50:54 
AF 260 350.9  50.8 006.7 -08.2 6.09E-06 004.7 228.9  33.4 0.040641 0.028420 0.015365 hargrave 2024-03-24 11:52:15 
AF 280 008.9  41.0 013.1 -22.8 5.81E-06 004.1 247.8  37.1 0.026429 0.030172 0.017131 hargrave 2024-03-24 11:53:36 
AF 300 351.6  45.6 003.9 -12.7 5.64E-06 004.7 233.9  30.4 0.035380 0.030264 0.013644 hargrave 2024-03-24 11:54:56 
AF 320 011.4  45.1 016.5 -19.6 5.22E-06 004.8 244.9  41.0 0.030713 0.030990 0.012427 hargrave 2024-03-24 11:56:17 
AF 340 037.1  41.8 036.0 -24.9 4.14E-06 004.3 263.9  55.0 0.018899 0.026846 0.005012 hargrave 2024-03-24 11:57:38 
AF 360 349.9  52.7 007.4 -06.3 6.28E-06 004.6 226.6  34.2 0.042469 0.032613 0.009681 hargrave 2024-03-24 11:58:58 
AF 380 015.9  72.1 026.4  05.7 5.88E-06 003.8 208.5  52.5 0.034059 0.020162 0.010043 hargrave 2024-03-24 12:00:19 
AF 400 046.0  42.7 042.9 -22.9 5.97E-06 003.1 268.8  61.2 0.017342 0.026015 0.010895 hargrave 2024-03-24 12:01:45 
AF 420 069.3  14.0 080.2 -37.3 2.33E-06 004.0 332.1  51.2 0.012181 0.009335 0.007933 hargrave 2024-03-24 12:03:05 
AF 440 107.6  63.5 057.7  14.7 5.58E-06 002.3 148.2  72.5 0.019048 0.011962 0.006909 hargrave 2024-03-24 12:04:26 
AF 460 063.0  37.5 058.1 -22.4 4.92E-06 002.6 297.1  68.8 0.014498 0.015530 0.007432 hargrave 2024-03-24 12:05:46 
AF 480 102.3  54.0 065.2  08.2 3.20E-06 001.7 118.9  79.7 0.006208 0.007832 0.003773 hargrave 2024-03-24 12:07:07 
AF 500 258.6  55.9 357.0  42.2 2.29E-06 002.2 175.2  16.1 0.017166 0.004360 0.003195 hargrave 2024-03-24 12:08:28 
AF 520 058.8  47.3 050.1 -15.4 3.65E-06 003.2 267.4  71.3 0.013437 0.015125 0.005341 hargrave 2024-03-24 12:09:48 
AF 540 125.8  58.7 064.9  21.9 4.96E-06 002.4 126.3  66.1 0.016688 0.014824 0.001855 hargrave 2024-03-24 12:11:09 
AF 560 152.6  58.9 063.8  35.7 3.07E-06 002.8 129.5  52.4 0.008178 0.012752 0.004427 hargrave 2024-03-24 12:12:30 
AF 580 302.7  82.1 022.4  22.5 4.13E-06 003.4 186.4  43.4 0.027348 0.009919 0.006242 hargrave 2024-03-24 12:13:51 
AF 600 143.2  38.7 088.5  31.1 3.66E-06 002.3 096.2  49.2 0.006542 0.018448 0.002611 hargrave 2024-03-24 12:15:12 
