MF16- 61b sun compass orientation
      0 167.9  24.0 301.0  67.0   1.0
NRM    015.9  57.8 022.9 -08.3 1.22E-05 002.6 256.2  61.0 0.041334 0.033032 0.016547 hargrave 2024-04-12 20:32:44 
TT  50 010.2  59.9 020.7 -05.4 1.14E-05 002.5 249.0  60.2 0.040383 0.024388 0.015616 hargrave 2024-04-15 11:28:18 
TT 100 013.1  53.6 020.2 -11.8 7.74E-06 002.6 259.7  56.9 0.027137 0.017485 0.012668 hargrave 2024-04-15 14:17:59 
TT 125 018.7  46.8 022.1 -19.3 5.86E-06 002.6 272.3  53.9 0.020125 0.013215 0.011592 hargrave 2024-04-15 17:30:16 
TT 150 011.6  44.0 016.2 -20.7 5.11E-06 002.5 268.4  48.8 0.016968 0.009848 0.010471 hargrave 2024-04-15 20:06:05 
TT 200 020.5  34.6 020.9 -31.5 3.73E-06 002.4 284.1  44.4 0.011199 0.006422 0.010128 hargrave 2024-04-16 11:38:00 
TT 250 012.3  22.2 007.7 -41.2 2.13E-06 003.3 283.0  30.1 0.007619 0.003247 0.010816 hargrave 2024-04-16 14:04:40 
TT 300 070.7  02.5 092.9 -43.6 1.92E-06 002.6 352.0  26.3 0.005877 0.007240 0.006733 hargrave 2024-04-16 17:09:08 
TT 325 036.1 -20.0 089.3 -84.4 2.23E-06 002.2 321.2 -01.6 0.004310 0.005303 0.006776 hargrave 2024-04-17 09:33:28 
TT 350 041.9  16.6 047.1 -49.0 3.08E-06 002.3 316.5  35.2 0.010043 0.009463 0.007211 hargrave 2024-04-17 12:40:14 
