MF16- 20a sun compass orientation
  174.2 211.7  24.0 301.0  67.0   1.0
NRM    036.7  72.9 032.7  06.0 8.73E-06 001.7 218.7  62.1 0.021657 0.013519 0.008095 hargrave 2023-11-23 10:45:09 
AF  10 037.3  72.5 032.9  05.6 8.33E-06 001.7 219.7  62.0 0.019548 0.013021 0.008114 hargrave 2023-11-23 10:46:30 
AF  20 038.2  72.8 033.1  05.9 7.93E-06 001.7 219.5  62.4 0.018237 0.012251 0.007767 hargrave 2023-11-23 10:47:52 
AF  30 039.3  72.9 033.4  06.1 7.46E-06 001.7 219.5  62.7 0.017055 0.011549 0.007693 hargrave 2023-11-23 10:49:14 
AF  40 045.9  72.6 035.5  06.1 7.26E-06 001.6 222.2  64.4 0.015801 0.011018 0.007658 hargrave 2023-11-23 10:50:36 
AF  50 049.3  73.6 036.1  07.4 6.98E-06 001.6 220.7  65.7 0.014870 0.010216 0.007487 hargrave 2023-11-23 10:51:57 
AF  60 051.6  73.7 036.7  07.6 6.57E-06 001.5 221.1  66.3 0.013239 0.009467 0.007438 hargrave 2023-11-23 10:53:18 
AF  70 056.2  73.8 037.9  08.2 6.37E-06 001.5 221.7  67.6 0.012362 0.009020 0.007468 hargrave 2023-11-23 10:54:40 
AF  80 058.5  72.3 039.1  07.1 6.08E-06 001.5 226.0  67.8 0.011750 0.008976 0.007313 hargrave 2023-11-23 10:56:01 
AF  90 056.0  73.0 038.2  07.4 5.97E-06 001.6 223.8  67.3 0.012543 0.008371 0.007008 hargrave 2023-11-23 10:57:22 
AF 100 067.2  72.2 041.5  08.3 5.65E-06 001.4 227.9  70.4 0.009949 0.008100 0.006781 hargrave 2023-11-23 10:58:44 
AF 110 067.4  71.8 041.8  08.0 5.66E-06 001.4 229.1  70.4 0.009757 0.008084 0.006840 hargrave 2023-11-23 11:00:06 
AF 120 079.5  71.5 045.0  10.2 5.39E-06 001.2 231.3  74.1 0.008322 0.006973 0.006755 hargrave 2023-11-23 11:01:27 
AF 130 080.8  69.5 046.7  09.1 5.14E-06 001.2 238.6  74.4 0.007495 0.006936 0.006413 hargrave 2023-11-23 11:02:49 
AF 140 086.8  71.5 046.6  11.9 4.86E-06 001.1 230.9  76.5 0.006674 0.005916 0.006094 hargrave 2023-11-23 11:04:11 
AF 150 088.1  70.1 047.9  11.4 4.85E-06 001.1 236.7  77.0 0.005992 0.006083 0.005589 hargrave 2023-11-23 11:05:32 
AF 160 085.0  68.6 048.4  09.5 4.59E-06 001.1 243.1  75.8 0.005445 0.006089 0.005860 hargrave 2023-11-23 11:06:53 
AF 170 088.0  67.9 049.6  10.0 4.47E-06 001.0 246.3  76.8 0.005283 0.005419 0.005487 hargrave 2023-11-23 11:08:14 
AF 180 092.9  67.0 051.5  11.0 4.18E-06 001.0 251.8  78.6 0.004592 0.005102 0.005589 hargrave 2023-11-23 11:09:34 
AF 190 084.7  68.7 048.3  09.6 4.21E-06 001.1 242.3  75.7 0.005273 0.005135 0.005773 hargrave 2023-11-23 11:10:55 
AF 200 087.2  69.4 048.3  10.7 4.46E-06 001.1 240.0  76.7 0.006100 0.005378 0.005499 hargrave 2023-11-23 11:12:16 
AF 220 096.9  68.5 051.0  13.1 3.78E-06 001.0 243.9  80.2 0.004621 0.004265 0.005410 hargrave 2023-11-23 11:13:36 
AF 240 105.8  70.0 051.1  16.5 3.54E-06 000.9 228.8  82.8 0.003838 0.003806 0.005536 hargrave 2023-11-23 11:14:57 
AF 260 099.5  72.0 048.3  15.5 3.60E-06 000.9 222.7  80.1 0.004107 0.003135 0.005158 hargrave 2023-11-23 11:16:18 
AF 280 100.5  72.8 047.8  16.1 3.48E-06 001.0 218.2  80.0 0.004419 0.003752 0.004774 hargrave 2023-11-23 11:17:39 
AF 300 086.9  65.7 051.1  08.2 3.95E-06 001.1 255.3  75.9 0.004406 0.005369 0.005817 hargrave 2023-11-23 11:19:00 
AF 320 087.4  72.4 046.0  12.6 3.07E-06 001.2 227.1  76.5 0.004313 0.003847 0.005390 hargrave 2023-11-23 11:20:21 
AF 340 100.9  54.9 064.0  07.9 3.25E-06 001.1 307.7  75.1 0.004138 0.004836 0.005217 hargrave 2023-11-23 11:21:41 
AF 360 101.5  62.7 057.3  11.9 3.19E-06 000.9 281.5  80.7 0.002719 0.004164 0.005151 hargrave 2023-11-23 11:23:02 
AF 380 101.6  58.6 061.0  10.0 2.91E-06 001.2 299.2  78.1 0.003666 0.004705 0.004672 hargrave 2023-11-23 11:24:24 
AF 400 099.7  57.6 061.3  08.7 2.80E-06 001.2 298.7  76.8 0.003375 0.004343 0.005367 hargrave 2023-11-23 11:25:45 
AF 420 107.8  63.9 057.3  15.0 2.42E-06 001.0 283.3  83.7 0.002451 0.003307 0.005308 hargrave 2023-11-23 11:27:05 
AF 440 116.0  61.3 061.2  17.7 2.50E-06 000.9 329.3  84.6 0.002615 0.002929 0.004726 hargrave 2023-11-23 11:28:26 
AF 460 109.7  65.4 056.2  16.3 2.37E-06 000.9 271.5  85.0 0.001894 0.003094 0.003848 hargrave 2023-11-23 11:29:47 
AF 480 096.8  60.8 057.8  09.0 2.48E-06 001.2 283.5  77.8 0.002577 0.004075 0.004992 hargrave 2023-11-23 11:31:08 
AF 500 118.5  63.1 059.6  19.3 2.70E-06 000.9 333.1  86.8 0.002751 0.003223 0.004178 hargrave 2023-11-23 11:32:28 
AF 520 108.6  67.2 054.3  16.4 2.29E-06 001.1 251.4  84.7 0.002410 0.003344 0.004854 hargrave 2023-11-23 11:33:49 
AF 540 120.5  60.1 062.9  19.6 2.28E-06 001.1 354.2  84.1 0.002944 0.003368 0.004435 hargrave 2023-11-23 11:35:10 
AF 560 138.8  63.4 059.9  28.4 1.70E-06 000.9 078.5  82.3 0.001870 0.002070 0.004396 hargrave 2023-11-23 11:36:30 
AF 580 123.3  64.5 058.5  21.6 2.33E-06 000.8 025.1  88.4 0.002396 0.002460 0.003501 hargrave 2023-11-23 11:37:51 
AF 600 142.6  61.6 061.8  30.3 2.38E-06 000.8 074.3  79.8 0.002363 0.002443 0.003995 hargrave 2023-11-23 11:39:12 
