MF16- 23a sun compass orientation
      0 144.7  48.0 301.0  67.0   1.0
NRM    002.8  67.4 020.5  02.8 6.57E-05 002.2 209.9  52.6 0.209946 0.121130 0.073818 hargrave 2024-03-24 13:12:03 
AF  10 001.7  66.5 019.7  02.2 6.03E-05 002.2 211.4  52.4 0.193580 0.124516 0.068212 hargrave 2024-03-24 13:13:24 
AF  20 001.0  65.4 019.0  01.4 5.55E-05 002.3 213.3  52.3 0.175891 0.123691 0.063308 hargrave 2024-03-24 13:14:45 
AF  30 001.6  64.8 018.9  00.7 5.20E-05 002.3 214.2  52.7 0.159517 0.121382 0.057614 hargrave 2024-03-24 13:16:06 
AF  40 003.8  64.3 019.6 -00.1 4.73E-05 002.4 214.6  53.7 0.146077 0.123724 0.050050 hargrave 2024-03-24 13:17:27 
AF  50 007.3  64.5 021.0 -00.5 4.21E-05 002.7 213.6  55.1 0.169912 0.095005 0.047214 hargrave 2024-03-24 13:18:48 
AF  60 006.1  64.7 020.6 -00.2 3.82E-05 003.0 213.6  54.6 0.159026 0.121501 0.042256 hargrave 2024-03-24 13:20:10 
AF  70 006.7  61.2 019.5 -03.6 3.43E-05 003.0 219.5  55.7 0.148868 0.105878 0.037243 hargrave 2024-03-24 13:21:32 
AF  80 008.2  60.2 019.9 -04.8 3.07E-05 003.1 220.9  56.6 0.134991 0.100545 0.033716 hargrave 2024-03-24 13:22:53 
AF  90 007.0  59.9 019.2 -04.8 2.72E-05 003.2 221.6  56.1 0.123728 0.091479 0.028899 hargrave 2024-03-24 13:24:14 
AF 100 008.4  59.6 019.8 -05.3 2.56E-05 003.3 221.9  56.8 0.118087 0.088760 0.027020 hargrave 2024-03-24 13:25:35 
AF 110 011.1  57.3 020.3 -07.9 2.22E-05 003.4 225.6  58.6 0.103666 0.082146 0.022917 hargrave 2024-03-24 13:26:56 
AF 120 013.5  61.6 022.7 -04.2 2.03E-05 003.4 217.1  58.7 0.098723 0.074588 0.017118 hargrave 2024-03-24 13:28:17 
AF 130 003.7  61.4 018.3 -02.7 1.92E-05 003.5 219.4  54.2 0.095190 0.069821 0.021248 hargrave 2024-03-24 13:29:38 
AF 140 016.0  59.2 023.3 -06.9 1.77E-05 003.5 220.8  60.7 0.086793 0.068211 0.015306 hargrave 2024-03-24 13:30:59 
AF 150 021.3  60.3 026.2 -06.3 1.61E-05 003.5 216.5  62.7 0.081478 0.060444 0.009951 hargrave 2024-03-24 13:32:20 
AF 160 019.5  62.1 025.6 -04.4 1.53E-05 003.7 213.9  61.1 0.082385 0.060798 0.010810 hargrave 2024-03-24 13:33:43 
AF 170 021.8  57.5 026.0 -09.2 1.30E-05 003.6 222.0  64.1 0.064144 0.052831 0.008914 hargrave 2024-03-24 13:35:04 
AF 180 022.3  54.2 025.8 -12.5 1.21E-05 003.7 229.1  65.5 0.060003 0.054119 0.006916 hargrave 2024-03-24 13:36:25 
AF 190 035.6  57.7 033.5 -09.2 1.27E-05 003.3 211.0  70.2 0.059250 0.043573 0.004378 hargrave 2024-03-24 13:37:46 
AF 200 035.8  45.7 034.6 -21.1 1.16E-05 003.2 248.3  75.9 0.044605 0.046785 0.004583 hargrave 2024-03-24 13:39:08 
AF 220 034.9  47.7 033.8 -19.2 1.06E-05 003.2 241.0  74.9 0.042452 0.043503 0.002759 hargrave 2024-03-24 13:40:29 
AF 240 036.2  43.6 035.1 -23.2 8.87E-06 002.7 256.8  76.4 0.029439 0.031167 0.001996 hargrave 2024-03-24 13:41:50 
AF 260 037.9  42.6 036.5 -24.1 7.56E-06 003.0 261.4  77.5 0.025311 0.032152 0.005307 hargrave 2024-03-24 13:43:11 
AF 280 031.6  51.4 031.4 -15.6 8.75E-06 003.2 231.3  71.7 0.034766 0.037024 0.002903 hargrave 2024-03-24 13:44:32 
AF 300 051.1  56.0 042.2 -09.1 6.03E-06 002.4 188.2  75.8 0.022210 0.014340 0.003490 hargrave 2024-03-24 13:45:53 
AF 320 040.7  47.6 037.9 -18.9 4.19E-06 002.8 235.9  78.6 0.013119 0.016088 0.003134 hargrave 2024-03-24 13:47:15 
AF 340 041.7  16.7 046.7 -48.9 2.04E-06 007.8 332.3  62.4 0.017850 0.023800 0.005561 hargrave 2024-03-24 13:48:36 
AF 360 060.5 -38.8 160.1 -60.3 1.94E-06 007.2 004.6  09.0 0.016292 0.020272 0.010828 hargrave 2024-03-24 13:49:57 
AF 380 304.8 -14.5 289.1 -09.0 1.85E-06 004.8 267.8 -24.3 0.009648 0.017200 0.005605 hargrave 2024-03-24 13:51:18 
AF 400 043.7 -10.0 076.2 -72.2 3.66E-06 005.0 346.4  37.0 0.025338 0.024074 0.009108 hargrave 2024-03-24 13:52:39 
AF 420 109.9 -07.0 123.2 -12.9 1.63E-06 008.3 060.0  19.9 0.013143 0.018947 0.012511 hargrave 2024-03-24 13:55:37 
AF 440 345.8 -50.6 251.1 -45.5 2.81E-06 005.5 320.8 -20.3 0.019668 0.023121 0.006532 hargrave 2024-03-24 13:56:58 
AF 460 075.3 -43.6 161.5 -48.3 1.42E-06 005.7 014.8  02.5 0.010823 0.011823 0.006661 hargrave 2024-03-24 13:58:19 
AF 480 083.5  12.4 092.0 -27.6 3.80E-06 005.1 048.7  51.2 0.025679 0.022274 0.006648 hargrave 2024-03-24 13:59:41 
AF 500 113.3 -42.2 159.3 -20.7 1.75E-06 006.7 039.9 -09.4 0.017866 0.019683 0.001834 hargrave 2024-03-24 14:01:02 
AF 520 157.3 -01.9 139.0  32.1 2.22E-06 003.1 097.1 -10.6 0.012326 0.022036 0.002463 hargrave 2024-03-24 14:02:23 
AF 540 148.3  13.3 118.6  30.1 3.83E-06 002.9 102.3  06.2 0.016145 0.027039 0.012223 hargrave 2024-03-24 14:03:45 
AF 560 249.9 -45.2 238.0  13.2 5.31E-06 001.1 291.3 -78.6 0.004478 0.009693 0.002646 hargrave 2024-03-24 14:05:06 
AF 580 174.6 -15.7 165.1  37.4 3.30E-06 003.0 098.2 -32.6 0.010885 0.020247 0.004888 hargrave 2024-03-24 14:06:27 
AF 600 157.8 -64.7 190.9 -06.8 3.59E-06 003.1 034.4 -42.6 0.017341 0.011776 0.003730 hargrave 2024-03-24 14:07:48 
