MF16- 46b sun compass orientation
      0 188.4  37.0 301.0  67.0   1.0
NRM    341.3  76.8 020.7  14.2 1.02E-05 002.7 196.9  45.7 0.045083 0.024865 0.014626 hargrave 2024-04-12 20:02:33 
TT  50 328.8  80.3 021.9  18.2 9.40E-06 002.5 190.9  46.2 0.040277 0.017907 0.010824 hargrave 2024-04-15 11:01:32 
TT 100 340.1  70.5 015.7  10.0 5.37E-06 002.8 203.0  41.1 0.024981 0.013166 0.008671 hargrave 2024-04-15 13:53:24 
TT 125 335.7  76.1 019.2  14.7 3.16E-06 003.1 196.4  44.2 0.014694 0.008355 0.006432 hargrave 2024-04-15 17:04:13 
TT 150 315.4  78.5 019.2  19.7 2.69E-06 003.2 189.5  43.4 0.013666 0.006862 0.005893 hargrave 2024-04-15 19:40:04 
TT 200 014.2  86.4 029.9  19.6 1.67E-06 004.3 185.9  53.2 0.009716 0.007822 0.003422 hargrave 2024-04-16 11:11:13 
TT 250 092.3  17.9 092.1 -17.6 2.91E-06 003.2 349.9  54.5 0.008152 0.012554 0.006093 hargrave 2024-04-16 13:38:36 
TT 300 096.4  66.3 052.9  11.8 2.79E-06 002.8 183.4  76.7 0.011169 0.009174 0.003557 hargrave 2024-04-16 16:44:48 
TT 325 072.9  40.8 062.6 -15.3 3.46E-06 003.0 295.0  68.9 0.011203 0.014200 0.004933 hargrave 2024-04-17 09:05:53 
TT 350 169.3  71.8 045.9  35.9 1.72E-06 003.6 148.9  55.1 0.008866 0.004763 0.004008 hargrave 2024-04-17 12:12:36 
