MF16- 10a sun compass orientation
   60.9 193.3  42.0 301.0  67.0   1.0
NRM    033.9  66.2 032.2 -00.7 4.51E-05 001.3 216.6  50.8 0.095545 0.047095 0.028394 hargrave 2023-11-22 12:30:20 
AF  10 030.5  66.4 030.8 -00.6 4.36E-05 001.8 216.0  49.5 0.126249 0.066994 0.029726 hargrave 2023-11-22 12:31:42 
AF  20 031.7  65.8 031.3 -01.2 4.09E-05 001.9 217.1  49.9 0.138089 0.042778 0.028772 hargrave 2023-11-22 12:33:03 
AF  30 032.0  65.7 031.4 -01.3 3.82E-05 001.8 217.3  49.9 0.124440 0.040663 0.026476 hargrave 2023-11-22 12:34:27 
AF  40 032.0  65.5 031.4 -01.5 3.60E-05 001.6 217.5  49.9 0.093770 0.041551 0.026243 hargrave 2023-11-22 12:35:48 
AF  50 032.5  64.8 031.6 -02.2 3.42E-05 001.6 218.8  50.0 0.090642 0.040425 0.024627 hargrave 2023-11-22 12:37:09 
AF  60 031.5  63.8 031.2 -03.2 3.19E-05 001.6 220.1  49.4 0.086136 0.038116 0.023434 hargrave 2023-11-22 12:38:30 
AF  70 030.9  63.5 031.0 -03.5 2.97E-05 001.7 220.5  49.1 0.080903 0.036704 0.022341 hargrave 2023-11-22 12:39:51 
AF  80 033.5  63.1 032.1 -03.9 2.75E-05 001.7 221.5  50.1 0.074743 0.034623 0.021649 hargrave 2023-11-22 12:41:12 
AF  90 032.5  62.6 031.7 -04.4 2.58E-05 001.7 222.0  49.6 0.071717 0.033536 0.021681 hargrave 2023-11-22 12:42:33 
AF 100 031.9  62.0 031.4 -05.0 2.41E-05 001.7 222.9  49.1 0.067050 0.032975 0.020809 hargrave 2023-11-22 12:43:54 
AF 110 031.9  60.8 031.4 -06.2 2.39E-05 001.8 224.6  48.8 0.068444 0.032168 0.021487 hargrave 2023-11-22 12:45:15 
AF 120 032.3  59.6 031.6 -07.4 2.16E-05 001.8 226.4  48.7 0.062956 0.030203 0.019201 hargrave 2023-11-22 12:46:36 
AF 130 036.7  59.3 033.9 -07.6 2.02E-05 001.8 227.9  50.7 0.057575 0.029681 0.018106 hargrave 2023-11-22 12:47:58 
AF 140 029.7  57.1 030.3 -09.9 1.73E-05 002.0 229.3  46.6 0.053811 0.027967 0.018826 hargrave 2023-11-22 12:49:19 
AF 150 032.7  54.9 032.0 -12.1 1.68E-05 002.0 233.2  47.3 0.051690 0.026542 0.014067 hargrave 2023-11-22 12:50:41 
AF 160 026.5  53.5 028.2 -13.4 1.53E-05 002.1 232.9  43.5 0.049755 0.025959 0.012785 hargrave 2023-11-22 12:52:02 
AF 170 038.9  49.5 036.4 -17.1 1.41E-05 002.1 242.8  48.9 0.037946 0.038164 0.011941 hargrave 2023-11-22 12:53:26 
AF 180 037.4  51.2 035.2 -15.6 1.31E-05 002.0 239.9  48.6 0.038741 0.022833 0.010917 hargrave 2023-11-22 12:54:46 
AF 190 036.1  50.1 034.4 -16.8 1.28E-05 002.1 241.0  47.4 0.039100 0.024583 0.011568 hargrave 2023-11-22 12:56:10 
AF 200 043.0  55.9 037.8 -10.4 1.19E-05 002.1 234.4  53.2 0.036411 0.022590 0.010832 hargrave 2023-11-22 12:57:31 
AF 220 041.5  55.3 037.1 -11.2 9.33E-06 002.3 235.1  52.3 0.030582 0.020677 0.008349 hargrave 2023-11-22 12:58:52 
AF 240 049.6  61.4 039.8 -04.3 8.53E-06 002.2 225.6  57.3 0.027496 0.017224 0.006072 hargrave 2023-11-22 13:00:12 
AF 260 056.3  50.7 047.1 -12.9 7.10E-06 002.1 246.9  59.8 0.019705 0.016761 0.006857 hargrave 2023-11-22 13:01:34 
AF 280 066.8  50.8 053.0 -09.7 8.48E-06 001.7 249.3  66.3 0.018958 0.016590 0.007918 hargrave 2023-11-22 13:02:58 
AF 300 039.1  47.5 036.8 -19.1 7.05E-06 002.3 245.7  48.1 0.023365 0.017777 0.004465 hargrave 2023-11-22 13:04:19 
AF 320 050.5  40.8 047.0 -23.6 7.22E-06 002.0 260.8  52.4 0.019535 0.018015 0.006756 hargrave 2023-11-22 13:05:39 
AF 340 056.6  50.7 047.3 -13.0 6.64E-06 002.0 247.2  59.9 0.018467 0.015356 0.004061 hargrave 2023-11-22 13:07:00 
AF 360 058.7  41.9 052.7 -20.2 5.45E-06 001.9 264.3  58.3 0.013364 0.013530 0.003308 hargrave 2023-11-22 13:08:21 
AF 380 079.6  43.2 064.7 -10.1 5.95E-06 001.6 277.3  72.8 0.011983 0.012604 0.001720 hargrave 2023-11-22 13:09:42 
AF 400 080.2  35.0 071.1 -15.6 7.41E-06 001.5 298.8  68.5 0.013636 0.015134 0.002956 hargrave 2023-11-22 13:11:03 
AF 420 071.8  24.0 073.8 -28.5 6.11E-06 001.7 302.8  55.5 0.012771 0.013655 0.001915 hargrave 2023-11-22 13:12:24 
AF 440 060.2  21.8 065.5 -36.9 6.12E-06 001.9 291.9  46.9 0.014768 0.016355 0.002132 hargrave 2023-11-22 13:13:49 
AF 460 077.0  21.5 079.6 -26.9 6.30E-06 001.7 312.2  56.1 0.013065 0.015667 0.002214 hargrave 2023-11-22 13:15:11 
AF 480 064.1  17.4 072.6 -38.3 6.00E-06 001.8 300.2  45.8 0.013269 0.016536 0.003262 hargrave 2023-11-22 13:16:32 
AF 500 066.6  41.9 058.0 -17.2 3.10E-06 002.0 269.5  63.6 0.007893 0.009428 0.004454 hargrave 2023-11-22 13:17:53 
AF 520 064.6  46.9 053.9 -13.8 2.24E-06 002.2 257.8  64.1 0.006908 0.007015 0.004002 hargrave 2023-11-22 13:19:14 
AF 540 037.1  51.6 034.9 -15.2 3.29E-06 002.4 239.3  48.6 0.011292 0.009419 0.004170 hargrave 2023-11-22 13:20:35 
AF 560 050.1  15.9 058.4 -46.8 3.98E-06 001.7 287.6  36.1 0.008665 0.012177 0.002597 hargrave 2023-11-22 13:21:56 
AF 580 048.1 -03.0 073.1 -64.0 1.82E-06 002.6 299.2  20.1 0.005282 0.006402 0.005096 hargrave 2023-11-22 13:23:17 
AF 600 045.7  53.3 040.0 -12.7 2.87E-06 002.8 239.5  54.1 0.012105 0.008392 0.002567 hargrave 2023-11-22 13:24:38 
