MF16- 8a sun compass orientation
     38 203.5  35.0 301.0  67.0   1.0
NRM    020.3  74.3 028.1  07.6 3.98E-05 001.3 205.5  51.3 0.069210 0.057152 0.025964 hargrave 2023-11-22 00:38:43 
AF  10 016.9  73.5 027.0  07.0 3.74E-05 001.7 206.0  50.1 0.103711 0.064028 0.029379 hargrave 2023-11-22 00:40:04 
AF  20 015.1  73.5 026.5  07.1 3.49E-05 001.8 205.6  49.6 0.105168 0.063787 0.027373 hargrave 2023-11-22 00:41:25 
AF  30 014.4  72.8 026.1  06.4 3.21E-05 001.5 206.5  49.1 0.079955 0.043142 0.026592 hargrave 2023-11-22 00:42:45 
AF  40 012.1  72.1 025.2  05.9 2.93E-05 001.6 206.9  48.1 0.075220 0.043170 0.024397 hargrave 2023-11-22 00:44:06 
AF  50 008.2  70.6 023.6  05.0 2.70E-05 001.6 207.5  46.3 0.072632 0.038718 0.023767 hargrave 2023-11-22 00:45:27 
AF  60 012.1  69.8 024.6  03.8 2.44E-05 001.6 209.7  46.9 0.067532 0.035452 0.022659 hargrave 2023-11-22 00:46:47 
AF  70 009.9  69.7 023.8  03.9 2.27E-05 001.7 209.1  46.2 0.063333 0.035578 0.022803 hargrave 2023-11-22 00:48:08 
AF  80 008.9  68.5 023.1  02.9 2.00E-05 001.7 210.2  45.2 0.059157 0.031135 0.022405 hargrave 2023-11-22 00:49:29 
AF  90 008.4  68.7 023.0  03.1 1.87E-05 001.9 209.9  45.1 0.056527 0.029110 0.013197 hargrave 2023-11-22 00:50:49 
AF 100 008.4  68.0 022.7  02.5 1.69E-05 001.9 210.6  44.7 0.053177 0.027392 0.011566 hargrave 2023-11-22 00:52:09 
AF 110 004.4  64.6 019.9 -00.0 1.61E-05 002.0 212.6  41.2 0.050600 0.028534 0.011971 hargrave 2023-11-22 00:53:30 
AF 120 012.6  60.6 022.1 -05.1 1.42E-05 002.1 219.9  41.4 0.046485 0.025204 0.011890 hargrave 2023-11-22 00:54:51 
AF 130 022.5  58.2 026.5 -08.5 1.32E-05 002.1 226.8  43.7 0.041669 0.023740 0.011743 hargrave 2023-11-22 00:56:11 
AF 140 022.5  59.6 026.7 -07.1 1.28E-05 002.1 225.2  44.6 0.038964 0.024830 0.011639 hargrave 2023-11-22 00:57:32 
AF 150 017.2  55.4 023.1 -10.7 1.18E-05 002.2 227.2  39.7 0.039097 0.022656 0.011468 hargrave 2023-11-22 00:58:52 
AF 160 015.4  57.6 022.6 -08.4 1.14E-05 002.2 224.2  40.4 0.038516 0.021654 0.012126 hargrave 2023-11-22 01:00:13 
AF 170 022.0  57.3 026.1 -09.3 1.07E-05 002.2 227.5  43.0 0.035102 0.020400 0.010899 hargrave 2023-11-22 01:01:33 
AF 180 018.6  50.6 022.9 -15.6 8.11E-06 002.4 232.4  37.0 0.029686 0.018652 0.008323 hargrave 2023-11-22 01:02:54 
AF 190 029.3  46.1 029.7 -20.9 9.19E-06 002.2 242.8  39.1 0.028944 0.020696 0.008035 hargrave 2023-11-22 01:04:15 
AF 200 034.4  47.7 033.4 -19.2 8.45E-06 002.1 244.2  42.8 0.024573 0.018981 0.008981 hargrave 2023-11-22 01:05:36 
AF 220 012.1  44.1 016.6 -20.7 8.20E-06 002.5 233.8  29.2 0.030553 0.019973 0.008849 hargrave 2023-11-22 01:06:56 
AF 240 018.1  48.4 022.1 -17.6 7.83E-06 002.5 234.0  35.3 0.026980 0.019746 0.010286 hargrave 2023-11-22 01:08:17 
AF 260 354.4  41.6 003.2 -17.1 6.77E-06 002.6 223.9  19.6 0.027587 0.017390 0.006450 hargrave 2023-11-22 01:09:38 
AF 280 008.0  43.6 013.5 -20.1 6.30E-06 002.5 231.5  27.0 0.023304 0.015441 0.007482 hargrave 2023-11-22 01:10:59 
AF 300 004.4  63.7 019.6 -00.8 5.51E-06 002.3 213.4  40.6 0.019776 0.010553 0.004680 hargrave 2023-11-22 01:12:20 
AF 320 352.4  39.9 000.9 -17.5 4.69E-06 002.7 223.5  17.4 0.020552 0.011205 0.002843 hargrave 2023-11-22 01:13:41 
AF 340 344.0  73.1 018.5  11.0 5.23E-06 002.0 197.8  42.7 0.020225 0.008334 0.001604 hargrave 2023-11-22 01:15:02 
AF 360 332.6  67.3 011.5  10.1 4.56E-06 002.0 197.4  35.8 0.017057 0.007509 0.003636 hargrave 2023-11-22 01:16:22 
AF 380 324.9  57.1 001.0  07.2 5.37E-06 002.1 198.2  24.9 0.022930 0.010684 0.003454 hargrave 2023-11-22 01:17:43 
AF 400 009.7  62.3 021.3 -03.0 2.43E-06 002.4 217.0  41.4 0.008174 0.005580 0.004198 hargrave 2023-11-22 01:19:03 
AF 420 327.2  49.5 355.3  01.9 2.55E-06 002.1 202.3  18.2 0.012222 0.005633 0.001817 hargrave 2023-11-22 01:20:24 
AF 440 290.6  67.6 006.5  25.1 3.23E-06 001.5 178.7  32.6 0.013437 0.003471 0.003332 hargrave 2023-11-22 01:21:45 
AF 460 053.1  43.7 047.9 -20.3 1.32E-06 002.2 260.6  50.4 0.003015 0.003479 0.002300 hargrave 2023-11-22 01:23:05 
AF 480 350.2  24.4 348.5 -28.2 1.85E-06 002.8 229.6  03.0 0.006370 0.006233 0.002952 hargrave 2023-11-22 01:24:26 
AF 500 075.2  81.2 037.4  16.6 2.20E-06 001.4 191.4  61.4 0.005013 0.002545 0.002817 hargrave 2023-11-22 01:25:47 
AF 520 335.4  21.4 336.1 -20.0 3.42E-06 002.7 218.7 -05.7 0.016783 0.008774 0.003697 hargrave 2023-11-22 01:27:08 
AF 540 148.5  31.7 097.4  34.5 7.85E-07 003.9 061.1  56.1 0.003975 0.004722 0.003465 hargrave 2023-11-22 01:28:29 
AF 560 319.0 -15.2 293.2 -22.1 1.30E-06 002.3 216.4 -45.6 0.004361 0.003171 0.002040 hargrave 2023-11-22 01:29:49 
AF 580 357.4  48.4 008.9 -12.5 1.67E-06 003.0 221.7  26.5 0.006286 0.006110 0.003045 hargrave 2023-11-22 01:31:11 
AF 600 229.1  38.4 350.1  68.2 2.23E-06 001.7 131.9  18.3 0.006209 0.002848 0.002842 hargrave 2023-11-22 01:32:32 
