MF16- 70b mag compass orientation (IGRF corrected)
      0 165.1  32.0 301.0  67.0   1.0
NRM    356.9  70.7 020.3  06.7 1.09E-05 002.4 216.1  56.7 0.040149 0.023411 0.008396 hargrave 2024-04-12 20:51:24 
TT  50 354.6  74.0 021.5  09.9 8.64E-06 002.2 210.0  57.1 0.030373 0.013576 0.007763 hargrave 2024-04-15 11:45:07 
TT 100 356.5  73.4 021.5  09.1 5.45E-06 002.4 211.4  57.4 0.021021 0.009739 0.004752 hargrave 2024-04-15 14:34:54 
TT 125 358.3  75.6 023.1  10.7 4.20E-06 002.0 207.5  58.4 0.013803 0.004945 0.004021 hargrave 2024-04-15 17:47:05 
TT 150 354.0  77.8 023.5  13.1 3.42E-06 002.0 203.0  57.8 0.011813 0.004742 0.002652 hargrave 2024-04-15 20:22:15 
TT 200 305.0  80.5 020.8  22.0 2.37E-06 001.9 191.7  51.3 0.007517 0.002627 0.002831 hargrave 2024-04-16 11:53:11 
TT 250 265.6  64.5 005.4  35.6 1.63E-06 001.8 185.4  32.7 0.005916 0.001446 0.002266 hargrave 2024-04-16 14:19:46 
TT 300 153.0  38.3 089.5  38.7 1.02E-06 002.4 103.8  37.8 0.003096 0.002121 0.002258 hargrave 2024-04-16 17:24:18 
TT 325 011.2  32.4 011.4 -31.5 1.29E-06 002.1 272.4  40.6 0.002827 0.003965 0.001930 hargrave 2024-04-17 09:51:00 
TT 350 090.7  68.4 049.9  11.1 4.88E-07 003.9 152.7  77.5 0.003290 0.000924 0.000882 hargrave 2024-04-17 12:57:09 
TT 375 247.7  05.4 280.2  50.5 1.08E-06 002.8 171.7 -26.3 0.002079 0.004393 0.004045 hargrave 2024-04-17 15:54:32 
TT 400 225.6  38.0 354.5  70.5 1.22E-06 001.7 156.9  09.1 0.003504 0.002101 0.001969 hargrave 2024-04-18 11:52:06 
TT 420 202.2  33.4 065.6  77.0 1.31E-06 001.5 137.2  11.6 0.005980 0.002297 0.000134 hargrave 2024-04-18 15:50:42 
TT 430 258.2  75.2 018.1  32.5 1.96E-06 002.9 181.1  43.2 0.008703 0.006205 0.002400 hargrave 2024-04-19 10:21:13 
