MF16- 6a sun compass orientation
   23.3 194.3  44.0 301.0  67.0   1.0
NRM    024.7  72.6 029.1  05.7 1.06E-05 002.0 205.2  46.4 0.037271 0.016432 0.004632 hargrave 2023-11-21 22:43:41 
AF  10 022.2  72.1 028.3  05.2 1.01E-05 002.0 205.8  45.5 0.034880 0.015416 0.003978 hargrave 2023-11-21 22:45:01 
AF  20 021.5  72.3 028.1  05.5 9.56E-06 001.9 205.4  45.4 0.032674 0.014732 0.003920 hargrave 2023-11-21 22:46:22 
AF  30 023.1  71.9 028.5  05.0 9.09E-06 002.0 206.1  45.8 0.032235 0.013290 0.003069 hargrave 2023-11-21 22:47:42 
AF  40 024.3  71.8 028.9  04.9 8.78E-06 002.0 206.4  46.1 0.031465 0.012987 0.003362 hargrave 2023-11-21 22:49:03 
AF  50 020.9  70.5 027.6  03.8 8.23E-06 002.1 207.9  44.8 0.030378 0.012742 0.002490 hargrave 2023-11-21 22:50:23 
AF  60 032.3  71.2 031.4  04.2 7.96E-06 002.0 207.6  48.6 0.029742 0.011756 0.002949 hargrave 2023-11-21 22:51:47 
AF  70 033.1  71.2 031.7  04.2 7.23E-06 002.1 207.7  48.9 0.027847 0.010090 0.002397 hargrave 2023-11-21 22:53:11 
AF  80 032.8  71.1 031.6  04.1 6.81E-06 002.0 207.7  48.8 0.023512 0.010367 0.001725 hargrave 2023-11-21 22:54:32 
AF  90 030.1  74.3 030.8  07.3 5.93E-06 001.9 202.9  48.0 0.021049 0.008494 0.001587 hargrave 2023-11-21 22:55:53 
AF 100 033.8  72.0 031.9  05.0 5.72E-06 002.0 206.4  49.1 0.020147 0.008541 0.001177 hargrave 2023-11-21 22:57:13 
AF 110 031.5  72.1 031.2  05.1 5.40E-06 002.0 206.3  48.4 0.019734 0.008177 0.001507 hargrave 2023-11-21 22:58:34 
AF 120 033.1  74.3 031.6  07.4 5.20E-06 002.0 202.8  48.8 0.018975 0.007144 0.001283 hargrave 2023-11-21 22:59:54 
AF 130 030.2  74.1 030.8  07.1 5.03E-06 001.9 203.2  48.1 0.018429 0.007071 0.001812 hargrave 2023-11-21 23:01:14 
AF 140 029.7  73.2 030.6  06.2 4.87E-06 002.0 204.6  47.9 0.017663 0.007218 0.001226 hargrave 2023-11-21 23:02:35 
AF 150 014.8  69.9 025.5  03.6 4.40E-06 002.2 207.9  42.6 0.017164 0.007243 0.000901 hargrave 2023-11-21 23:03:56 
AF 160 001.3  70.1 021.2  05.4 4.18E-06 002.2 205.1  38.5 0.017724 0.007183 0.001783 hargrave 2023-11-21 23:05:17 
AF 170 006.5  67.7 021.9  02.5 3.69E-06 002.2 209.0  39.0 0.014539 0.006555 0.001622 hargrave 2023-11-21 23:06:38 
AF 180 359.0  69.8 020.4  05.6 3.74E-06 002.2 204.9  37.7 0.016170 0.006407 0.001289 hargrave 2023-11-21 23:07:59 
AF 190 354.0  67.9 017.9  04.9 3.24E-06 002.2 205.6  35.2 0.013923 0.005617 0.001411 hargrave 2023-11-21 23:09:19 
AF 200 359.8  66.1 018.9  02.2 3.06E-06 002.3 209.0  36.0 0.013163 0.005410 0.001282 hargrave 2023-11-21 23:10:40 
AF 220 351.5  76.6 022.3  12.5 2.64E-06 002.0 196.1  39.6 0.011646 0.003692 0.002605 hargrave 2023-11-21 23:12:01 
AF 240 012.4  65.8 023.5 -00.0 3.15E-06 002.3 212.4  40.3 0.013081 0.005823 0.002128 hargrave 2023-11-21 23:13:21 
AF 260 354.1  65.1 016.4  02.6 2.39E-06 002.4 208.2  33.5 0.011065 0.004584 0.002383 hargrave 2023-11-21 23:14:42 
AF 280 356.2  68.4 018.9  04.9 2.36E-06 002.4 205.6  36.1 0.011073 0.004371 0.001359 hargrave 2023-11-21 23:16:03 
AF 300 349.6  69.1 017.2  06.8 1.89E-06 002.2 203.2  34.6 0.008655 0.003199 0.002598 hargrave 2023-11-21 23:17:24 
AF 320 025.2  47.9 026.9 -18.9 1.69E-06 002.4 237.2  38.4 0.006329 0.004218 0.002322 hargrave 2023-11-21 23:18:45 
AF 340 014.6  50.5 020.3 -15.1 1.89E-06 003.1 230.0  33.9 0.009406 0.004781 0.002239 hargrave 2023-11-21 23:20:07 
AF 360 307.8  69.4 009.3  19.1 1.18E-06 002.6 189.0  26.7 0.008116 0.002150 0.003117 hargrave 2023-11-21 23:21:31 
AF 380 359.9  66.7 019.2  02.7 1.53E-06 002.6 208.4  36.3 0.007276 0.003103 0.002484 hargrave 2023-11-21 23:22:52 
AF 400 036.7  73.3 032.7  06.3 2.14E-06 002.1 204.4  49.9 0.007941 0.003252 0.001826 hargrave 2023-11-21 23:24:12 
AF 420 002.0  67.8 020.4  03.3 2.53E-06 002.4 207.7  37.6 0.011346 0.005120 0.002967 hargrave 2023-11-21 23:25:33 
AF 440 107.1  78.4 043.0  19.8 1.14E-06 001.6 178.9  57.6 0.003431 0.000600 0.001312 hargrave 2023-11-21 23:26:53 
AF 460 076.5  70.9 044.7  09.1 1.98E-06 001.6 198.9  61.8 0.005536 0.001952 0.001473 hargrave 2023-11-21 23:28:14 
AF 480 090.2  37.1 074.8 -08.0 1.04E-06 000.6 305.3  76.3 0.001180 0.000767 0.001139 hargrave 2023-11-21 23:29:35 
AF 500 050.4  55.3 042.1 -10.0 1.04E-06 001.5 234.4  55.5 0.002004 0.001939 0.000576 hargrave 2023-11-21 23:30:56 
AF 520 356.7  25.7 354.7 -31.1 4.50E-07 002.5 239.9  07.1 0.001590 0.001390 0.000556 hargrave 2023-11-21 23:32:17 
AF 540 126.5  31.7 092.9  16.3 6.35E-07 001.2 057.9  67.7 0.001425 0.000892 0.001341 hargrave 2023-11-21 23:33:38 
AF 560 059.7 -01.3 087.1 -54.7 8.77E-07 001.5 306.9  28.6 0.001176 0.002225 0.001459 hargrave 2023-11-21 23:35:00 
AF 580 100.0  45.6 071.9  02.8 1.25E-06 000.7 276.5  87.0 0.000958 0.001325 0.000483 hargrave 2023-11-21 23:36:21 
AF 600 049.8  44.4 045.2 -20.4 1.42E-06 001.6 252.1  52.3 0.003058 0.002832 0.000819 hargrave 2023-11-21 23:37:41 
