MF16- 39a sun compass orientation
      0 165.5  51.0 301.0  67.0   1.0
NRM    044.2  67.6 036.0  01.1 1.52E-05 002.9 201.1  56.6 0.073689 0.035272 0.011811 hargrave 2024-04-03 18:16:47 
AF  10 041.0  68.3 034.7  01.6 1.35E-05 003.0 201.5  55.2 0.069702 0.029919 0.011450 hargrave 2024-04-03 18:18:07 
AF  20 044.7  68.2 036.0  01.8 1.22E-05 003.0 200.0  56.3 0.063852 0.024422 0.009705 hargrave 2024-04-03 18:19:27 
AF  30 048.3  68.9 037.2  02.8 1.13E-05 003.0 197.4  56.7 0.060077 0.022411 0.008418 hargrave 2024-04-03 18:20:47 
AF  40 051.5  67.0 038.9  01.3 1.02E-05 003.0 198.0  59.0 0.053147 0.020683 0.007294 hargrave 2024-04-03 18:22:06 
AF  50 055.3  66.8 040.3  01.6 9.56E-06 003.0 195.8  60.0 0.049712 0.018281 0.006141 hargrave 2024-04-03 18:23:26 
AF  60 057.8  66.0 041.6  01.3 9.20E-06 002.9 194.9  61.2 0.046537 0.016702 0.005365 hargrave 2024-04-03 18:24:46 
AF  70 061.6  66.0 043.0  02.0 8.70E-06 002.9 192.0  61.9 0.044373 0.015600 0.004728 hargrave 2024-04-03 18:26:06 
AF  80 060.0  68.2 041.4  03.7 8.10E-06 002.9 191.3  59.6 0.042436 0.013112 0.004954 hargrave 2024-04-03 18:27:26 
AF  90 062.8  65.4 043.7  01.7 7.67E-06 002.8 191.5  62.6 0.038333 0.013043 0.004392 hargrave 2024-04-03 18:28:46 
AF 100 066.2  66.6 044.3  03.4 7.54E-06 002.8 187.8  61.9 0.037728 0.010879 0.004131 hargrave 2024-04-03 18:30:06 
AF 110 074.0  67.5 046.2  05.9 7.17E-06 002.7 181.2  61.5 0.035816 0.009948 0.003301 hargrave 2024-04-03 18:31:26 
AF 120 084.5  65.2 050.9  07.2 7.17E-06 002.5 171.6  63.3 0.032652 0.009486 0.002742 hargrave 2024-04-03 18:32:47 
AF 130 079.1  66.4 048.4  06.5 6.64E-06 002.7 176.9  62.5 0.032452 0.011176 0.001838 hargrave 2024-04-03 18:34:11 
AF 140 082.7  62.8 052.1  04.9 6.43E-06 002.5 172.0  65.8 0.029054 0.011316 0.001693 hargrave 2024-04-03 18:35:35 
AF 150 079.5  65.7 049.0  06.0 6.08E-06 002.6 176.4  63.2 0.029309 0.008654 0.002286 hargrave 2024-04-03 18:36:55 
AF 160 074.1  67.1 046.5  05.7 5.45E-06 002.6 181.2  61.9 0.026359 0.007896 0.001675 hargrave 2024-04-03 18:38:15 
AF 170 100.0  67.6 052.5  13.6 5.68E-06 002.6 162.4  58.4 0.028584 0.009282 0.001062 hargrave 2024-04-03 18:39:35 
AF 180 097.6  59.8 058.9  08.8 5.50E-06 002.5 153.4  65.0 0.022602 0.011631 0.000476 hargrave 2024-04-03 18:40:58 
AF 190 108.0  60.7 060.4  13.9 5.31E-06 002.7 147.9  60.4 0.024477 0.012047 0.001536 hargrave 2024-04-03 18:42:18 
AF 200 089.1  64.8 052.4  08.4 5.25E-06 002.7 167.3  63.0 0.025558 0.009648 0.000649 hargrave 2024-04-03 18:43:39 
AF 220 101.8  58.9 060.7  10.3 5.20E-06 002.5 148.6  63.9 0.022332 0.011066 0.002349 hargrave 2024-04-03 18:44:59 
AF 240 112.1  46.7 074.6  10.7 4.73E-06 002.5 118.3  62.4 0.016113 0.014751 0.003054 hargrave 2024-04-03 18:46:18 
AF 260 116.2  51.6 070.8  15.0 4.59E-06 002.4 127.7  59.2 0.015800 0.013044 0.004323 hargrave 2024-04-03 18:47:39 
AF 280 104.5  44.6 074.3  05.0 4.18E-06 002.4 113.9  67.8 0.013762 0.011950 0.005000 hargrave 2024-04-03 18:48:59 
AF 300 123.6  47.1 076.7  18.4 4.56E-06 002.6 119.2  54.5 0.016128 0.016228 0.004967 hargrave 2024-04-03 18:50:23 
AF 320 122.3  39.1 084.5  15.2 4.17E-06 002.5 105.4  54.1 0.011359 0.016351 0.006203 hargrave 2024-04-03 18:51:43 
AF 340 144.3  33.1 095.1  31.2 2.97E-06 002.7 106.7  35.4 0.008928 0.014588 0.006680 hargrave 2024-04-03 18:53:03 
AF 360 141.3  31.5 096.5  28.4 3.36E-06 002.6 103.4  36.9 0.009385 0.016318 0.006183 hargrave 2024-04-03 18:54:22 
AF 380 118.6  41.8 081.0  13.4 3.39E-06 002.9 109.0  57.4 0.011710 0.013091 0.005683 hargrave 2024-04-03 18:55:42 
AF 400 127.0  44.9 079.6  20.1 2.47E-06 002.9 116.1  51.9 0.010459 0.009000 0.003504 hargrave 2024-04-03 18:57:02 
AF 420 106.3  49.3 070.6  08.3 3.03E-06 002.7 125.3  65.8 0.012046 0.008446 0.004467 hargrave 2024-04-03 18:58:22 
AF 440 115.8  38.1 083.7  10.1 2.58E-06 003.5 101.4  58.8 0.011252 0.010824 0.005297 hargrave 2024-04-03 18:59:42 
AF 460 122.4  38.1 085.5  15.0 2.74E-06 002.8 103.9  53.8 0.009453 0.010708 0.005788 hargrave 2024-04-03 19:01:02 
AF 480 124.7  33.6 090.5  15.4 3.29E-06 003.0 098.0  50.5 0.009929 0.015113 0.007065 hargrave 2024-04-03 19:02:26 
AF 500 126.1  19.9 104.3  12.1 2.64E-06 003.3 081.3  42.7 0.009959 0.013657 0.004331 hargrave 2024-04-03 19:03:46 
AF 520 114.8  05.4 113.6 -03.5 2.63E-06 003.6 056.9  41.1 0.010190 0.011305 0.006993 hargrave 2024-04-03 19:05:05 
AF 540 120.8  02.3 118.8  00.7 3.06E-06 003.5 059.9  34.8 0.009816 0.015019 0.009430 hargrave 2024-04-03 19:06:25 
AF 560 133.7  05.8 120.5  13.9 2.68E-06 003.0 073.4  28.1 0.007447 0.014829 0.006525 hargrave 2024-04-03 19:07:46 
AF 580 119.4  18.1 103.7  05.6 2.41E-06 003.3 073.9  46.7 0.007457 0.011966 0.007249 hargrave 2024-04-03 19:09:06 
AF 600 118.3  08.9 111.7  01.0 1.77E-06 004.0 063.4  41.4 0.007607 0.009674 0.003860 hargrave 2024-04-03 19:10:26 
AF 650 147.5  21.5 109.1  31.7 2.52E-06 002.6 096.8  27.0 0.007405 0.014563 0.004585 hargrave 2024-04-03 19:11:46 
AF 700 163.1 -01.1 141.6  37.6 1.39E-06 002.9 087.7  01.2 0.005177 0.008766 0.004138 hargrave 2024-04-03 19:13:06 
AF 750 122.4 -15.7 136.0 -04.8 2.51E-07 013.0 048.4  19.9 0.004092 0.003834 0.002974 hargrave 2024-04-03 19:15:59 
AF 800 152.8 -31.5 163.1  12.1 9.12E-07 004.5 057.8 -10.5 0.004545 0.005672 0.003823 hargrave 2024-04-03 19:17:19 
AF 850 129.7  08.5 116.5  11.2 2.47E-06 003.5 072.7  32.9 0.008224 0.013156 0.006085 hargrave 2024-04-03 19:18:39 
AF 900 073.1  01.6 095.8 -42.2 1.49E-06 003.3 356.1  52.6 0.009041 0.004283 0.002771 hargrave 2024-04-03 19:20:00 
AF 950 343.4  00.1 320.7 -38.3 1.60E-06 003.8 268.6 -01.6 0.008458 0.007578 0.006451 hargrave 2024-04-03 19:21:20 
AF1000 158.6 -33.6 168.0  14.6 2.81E-07 012.2 059.2 -15.7 0.005990 0.001904 0.002188 hargrave 2024-04-03 19:24:14 
