MF16- 52b sun compass orientation
      0 172.9  32.0 301.0  67.0   1.0
NRM    023.2  47.8 025.4 -18.9 1.40E-05 002.4 259.7  53.8 0.043677 0.042882 0.012114 hargrave 2024-04-12 20:14:45 
TT  50 022.0  43.4 023.9 -23.1 1.21E-05 002.4 264.3  50.4 0.036513 0.036637 0.013319 hargrave 2024-04-15 11:12:03 
TT 100 029.6  30.6 029.5 -36.4 8.31E-06 002.0 283.5  44.8 0.018396 0.022093 0.013426 hargrave 2024-04-15 14:03:16 
TT 125 030.6  22.0 030.5 -44.9 6.29E-06 002.2 291.0  38.2 0.012453 0.025426 0.009994 hargrave 2024-04-15 17:14:48 
TT 150 034.2  14.1 036.2 -52.8 5.45E-06 002.3 299.6  33.1 0.009435 0.023119 0.010053 hargrave 2024-04-15 19:50:44 
TT 200 029.0  13.4 027.7 -53.5 4.57E-06 002.7 294.8  30.0 0.011333 0.022811 0.009581 hargrave 2024-04-16 11:20:58 
TT 250 054.6 -08.1 091.4 -62.9 4.06E-06 002.6 330.0  20.0 0.006158 0.016858 0.012791 hargrave 2024-04-16 13:48:23 
TT 300 089.6 -39.3 153.8 -38.2 4.13E-06 002.9 005.2 -07.4 0.015133 0.011539 0.015488 hargrave 2024-04-16 16:54:30 
TT 325 096.9 -64.4 183.6 -31.0 3.63E-06 002.5 007.1 -32.9 0.013327 0.009616 0.009581 hargrave 2024-04-17 09:17:11 
TT 350 077.7 -36.2 150.1 -47.7 3.74E-06 002.2 355.8 -04.3 0.011030 0.011002 0.010074 hargrave 2024-04-17 12:24:00 
TT 375 120.4 -27.7 146.6 -10.9 4.58E-06 002.7 032.7 -01.3 0.020020 0.009312 0.011464 hargrave 2024-04-17 15:31:56 
TT 400 256.7  59.3 001.7  41.6 1.54E-08 005.5 176.5  27.2 0.000191 0.000152 0.000057 hargrave 2024-04-18 11:38:29 
TT 400 129.4 -28.7 150.6 -04.0 5.02E-06 002.7 039.7 -05.0 0.021015 0.011533 0.010264 hargrave 2024-04-18 12:15:20 
TT 420 320.0  80.5 021.4  19.6 1.82E-08 046.3 193.1  51.8 0.001095 0.001546 0.000150 hargrave 2024-04-18 15:35:14 
TT 420 125.5 -11.4 133.2 -00.4 5.37E-06 002.7 042.7  12.4 0.020093 0.010894 0.014056 hargrave 2024-04-18 17:17:40 
TT 430 233.2  78.6 025.9  33.4 2.19E-08 005.1 171.7  47.6 0.000070 0.000087 0.000257 hargrave 2024-04-19 10:06:15 
TT 440 128.5  06.6 117.8  09.5 3.04E-06 003.1 053.3  27.7 0.009211 0.014240 0.007206 hargrave 2024-04-19 13:38:20 
