MF16- 14a sun compass orientation
  108.6 192.8  46.0 301.0  67.0   1.0
NRM    003.8  63.8 019.3 -00.6 9.16E-06 002.3 212.2  35.0 0.035369 0.019584 0.004884 hargrave 2023-11-22 16:30:44 
AF  10 002.1  63.0 018.3 -01.0 8.73E-06 002.4 212.5  34.0 0.034239 0.018734 0.004709 hargrave 2023-11-22 16:32:04 
AF  20 001.9  62.3 017.9 -01.6 8.28E-06 002.4 213.1  33.5 0.032191 0.018250 0.004333 hargrave 2023-11-22 16:33:25 
AF  30 002.0  62.2 017.9 -01.7 7.88E-06 002.5 213.4  33.5 0.032763 0.017237 0.004207 hargrave 2023-11-22 16:34:46 
AF  40 000.5  61.4 016.9 -02.1 7.40E-06 002.4 213.7  32.4 0.029423 0.016639 0.003687 hargrave 2023-11-22 16:36:07 
AF  50 000.8  61.3 017.0 -02.3 7.01E-06 002.5 213.9  32.5 0.029877 0.015703 0.003394 hargrave 2023-11-22 16:37:27 
AF  60 359.6  60.1 015.9 -03.0 6.58E-06 002.5 214.6  31.4 0.026526 0.015095 0.003153 hargrave 2023-11-22 16:38:48 
AF  70 000.3  61.2 016.8 -02.2 6.26E-06 002.6 213.8  32.3 0.027066 0.014293 0.002894 hargrave 2023-11-22 16:40:09 
AF  80 357.2  61.2 015.4 -01.5 6.05E-06 002.5 212.8  31.0 0.025479 0.013894 0.002675 hargrave 2023-11-22 16:41:30 
AF  90 359.4  60.3 016.0 -02.8 5.88E-06 002.6 214.3  31.4 0.025552 0.013668 0.002761 hargrave 2023-11-22 16:42:51 
AF 100 000.9  58.3 015.7 -04.9 5.64E-06 002.7 216.8  30.9 0.024597 0.013501 0.002781 hargrave 2023-11-22 16:44:12 
AF 110 001.5  61.0 017.2 -02.7 5.67E-06 002.6 214.4  32.7 0.022058 0.015882 0.003697 hargrave 2023-11-22 16:45:36 
AF 120 000.4  60.1 016.3 -03.2 5.15E-06 002.6 214.9  31.7 0.022497 0.011678 0.003416 hargrave 2023-11-22 16:46:57 
AF 130 359.4  59.6 015.6 -03.4 4.95E-06 002.7 215.0  31.0 0.021927 0.011673 0.003129 hargrave 2023-11-22 16:48:17 
AF 140 358.6  61.7 016.3 -01.4 4.87E-06 002.6 212.8  31.9 0.021452 0.011446 0.003108 hargrave 2023-11-22 16:49:38 
AF 150 000.7  57.3 015.1 -05.8 4.67E-06 002.7 217.7  30.2 0.020825 0.011227 0.002930 hargrave 2023-11-22 16:50:59 
AF 160 358.6  59.2 015.0 -03.6 4.65E-06 002.7 215.2  30.4 0.020462 0.010793 0.003296 hargrave 2023-11-22 16:52:19 
AF 170 005.2  53.2 015.6 -10.6 4.26E-06 002.8 223.3  29.9 0.018349 0.011432 0.003198 hargrave 2023-11-22 16:53:40 
AF 180 005.8  55.6 016.9 -08.5 3.87E-06 002.8 221.1  31.6 0.017009 0.009638 0.002394 hargrave 2023-11-22 16:55:01 
AF 190 000.5  55.5 014.1 -07.3 3.90E-06 002.8 219.3  29.0 0.017267 0.009668 0.002725 hargrave 2023-11-22 16:56:21 
AF 200 358.3  54.7 012.7 -07.4 3.55E-06 002.8 219.2  27.6 0.016210 0.009171 0.002072 hargrave 2023-11-22 16:57:42 
AF 220 359.9  57.4 014.7 -05.5 3.67E-06 002.7 217.3  29.9 0.016302 0.008979 0.002380 hargrave 2023-11-22 16:59:03 
AF 240 352.9  54.1 009.7 -06.2 3.22E-06 002.8 217.4  24.8 0.014855 0.008240 0.001854 hargrave 2023-11-22 17:00:23 
AF 260 356.0  57.4 012.9 -04.4 3.38E-06 002.7 215.8  28.2 0.015113 0.008403 0.002193 hargrave 2023-11-22 17:01:44 
AF 280 004.0  56.9 016.6 -06.9 3.16E-06 002.8 219.3  31.5 0.013995 0.007881 0.001841 hargrave 2023-11-22 17:03:05 
AF 300 010.5  55.5 019.4 -09.6 2.94E-06 002.8 223.0  33.8 0.012399 0.007448 0.002514 hargrave 2023-11-22 17:04:25 
AF 320 013.6  54.4 020.8 -11.2 2.57E-06 002.7 225.2  34.8 0.010608 0.006607 0.001957 hargrave 2023-11-22 17:05:46 
AF 340 015.9  53.6 021.9 -12.2 2.70E-06 002.7 226.7  35.6 0.011360 0.007057 0.001393 hargrave 2023-11-22 17:07:07 
AF 360 023.1  64.0 027.5 -02.8 2.54E-06 002.6 216.1  42.9 0.010297 0.006059 0.000993 hargrave 2023-11-22 17:08:27 
AF 380 013.4  58.9 022.0 -06.8 1.90E-06 002.7 220.1  36.8 0.008419 0.004885 0.000503 hargrave 2023-11-22 17:09:47 
AF 400 027.4  62.1 029.3 -04.9 1.74E-06 002.5 219.3  44.3 0.006602 0.004173 0.001016 hargrave 2023-11-22 17:11:08 
AF 420 048.1  55.7 040.7 -10.0 1.33E-06 002.2 231.4  53.9 0.004401 0.003262 0.000467 hargrave 2023-11-22 17:12:28 
AF 440 065.1  57.1 048.8 -04.9 2.00E-06 002.0 227.3  63.2 0.005903 0.003975 0.000806 hargrave 2023-11-22 17:13:49 
AF 460 056.2  55.8 045.0 -08.4 1.74E-06 001.9 231.4  58.5 0.004980 0.003351 0.001029 hargrave 2023-11-22 17:15:10 
AF 480 061.8  61.5 045.1 -01.9 1.78E-06 001.9 219.3  60.4 0.005406 0.003013 0.000512 hargrave 2023-11-22 17:16:30 
AF 500 073.8  56.3 053.2 -02.9 9.78E-07 001.4 225.8  68.0 0.001996 0.001477 0.001124 hargrave 2023-11-22 17:17:51 
AF 520 058.3  59.4 044.5 -04.6 1.10E-06 001.9 224.2  59.2 0.003217 0.002012 0.000190 hargrave 2023-11-22 17:19:12 
AF 540 338.8  29.0 344.5 -17.7 8.92E-07 003.2 226.5 -00.9 0.004188 0.002998 0.000206 hargrave 2023-11-22 17:20:32 
AF 560 057.9  38.1 053.9 -23.9 2.85E-07 002.7 264.2  56.0 0.001073 0.001430 0.000839 hargrave 2023-11-22 17:21:53 
AF 580 072.6 -32.3 144.5 -52.3 5.36E-07 002.1 334.5  08.9 0.002076 0.001396 0.001499 hargrave 2023-11-22 17:23:13 
AF 600 030.9 -03.3 030.8 -70.3 5.78E-07 001.5 285.2  10.6 0.000949 0.002036 0.000806 hargrave 2023-11-22 17:24:34 
