MF16- 37b sun compass orientation
      0 167.5  46.0 301.0  67.0   1.0
NRM    350.1  44.5 002.4 -12.8 1.15E-05 001.6 235.9  30.7 0.015598 0.028883 0.019558 hargrave 2024-04-12 19:51:51 
TT  55 350.8  42.2 001.3 -14.9 1.00E-05 001.8 238.4  29.8 0.019230 0.029304 0.015867 hargrave 2024-04-15 10:42:15 
TT 100 351.9  16.8 343.7 -34.8 5.14E-06 003.8 260.7  14.7 0.029608 0.030772 0.010984 hargrave 2024-04-15 13:13:05 
TT 125 358.2  05.9 339.0 -46.8 4.40E-06 004.8 273.2  11.8 0.034586 0.029375 0.009767 hargrave 2024-04-15 15:54:19 
TT 150 004.1 -13.0 317.8 -62.6 3.53E-06 002.4 290.8  02.5 0.008882 0.011076 0.008527 hargrave 2024-04-15 19:10:45 
TT 200 359.7 -28.2 284.0 -61.4 3.50E-06 001.9 298.6 -11.2 0.006972 0.008041 0.008138 hargrave 2024-04-16 10:44:23 
TT 250 351.8 -21.1 296.2 -53.7 2.93E-06 002.9 288.3 -11.6 0.011241 0.013837 0.005685 hargrave 2024-04-16 13:03:36 
TT 300 040.8 -63.8 204.5 -48.7 3.01E-06 001.7 343.5 -21.7 0.010963 0.004370 0.006517 hargrave 2024-04-16 15:59:18 
TT 325 248.1 -40.6 239.7  17.6 2.54E-06 002.1 112.5 -82.2 0.006919 0.006120 0.003965 hargrave 2024-04-16 19:01:38 
TT 350 292.6  28.9 325.5  17.9 1.76E-06 002.3 210.7 -10.4 0.007849 0.004293 0.001873 hargrave 2024-04-17 11:30:34 
TT 375 118.0 -68.6 187.8 -22.4 1.56E-06 003.0 015.4 -26.6 0.005054 0.003542 0.006653 hargrave 2024-04-17 14:35:58 
