MF16- 44a sun compass orientation
      0 146.4  23.0 301.0  67.0   1.0
NRM    003.5  58.6 017.0 -05.3 5.72E-06 003.2 263.9  65.3 0.021581 0.022923 0.006751 hargrave 2024-04-04 19:44:37 
AF  10 002.8  57.0 016.0 -06.6 5.33E-06 003.1 266.0  63.9 0.019662 0.020598 0.006443 hargrave 2024-04-04 19:46:01 
AF  20 003.1  55.6 015.5 -07.9 4.98E-06 003.3 268.6  63.0 0.019031 0.021001 0.006251 hargrave 2024-04-04 19:47:22 
AF  30 005.0  55.9 016.6 -08.0 4.82E-06 003.1 269.7  64.0 0.017727 0.018710 0.006355 hargrave 2024-04-04 19:48:42 
AF  40 006.6  56.9 017.8 -07.5 4.52E-06 003.1 269.6  65.3 0.016677 0.016779 0.006736 hargrave 2024-04-04 19:50:03 
AF  50 008.1  55.1 017.9 -09.5 4.40E-06 003.0 274.0  64.6 0.015385 0.016507 0.006718 hargrave 2024-04-04 19:51:24 
AF  60 007.1  54.5 017.2 -09.8 4.14E-06 003.1 273.9  63.8 0.014581 0.016511 0.005839 hargrave 2024-04-04 19:52:45 
AF  70 004.1  53.1 014.9 -10.4 3.77E-06 003.1 273.1  61.6 0.013032 0.015336 0.005374 hargrave 2024-04-04 19:54:06 
AF  80 006.2  52.0 015.7 -11.9 3.64E-06 003.1 276.6  61.6 0.012448 0.014869 0.005741 hargrave 2024-04-04 19:55:27 
AF  90 006.6  52.6 016.1 -11.5 3.49E-06 003.0 276.2  62.1 0.011504 0.013901 0.005443 hargrave 2024-04-04 19:56:48 
AF 100 359.6  56.3 014.1 -06.4 3.22E-06 003.1 264.4  62.2 0.011792 0.013129 0.004630 hargrave 2024-04-04 19:58:09 
AF 110 005.2  54.3 016.1 -09.6 3.14E-06 003.1 272.4  62.9 0.010951 0.013102 0.004854 hargrave 2024-04-04 19:59:30 
AF 120 352.9  55.9 010.7 -04.7 3.11E-06 003.3 259.4  59.3 0.011939 0.013147 0.004440 hargrave 2024-04-04 20:00:51 
AF 130 001.8  54.7 014.5 -08.3 3.37E-06 003.1 268.7  61.9 0.011990 0.013207 0.005558 hargrave 2024-04-04 20:02:12 
AF 140 358.7  45.5 008.1 -15.5 2.77E-06 003.3 276.4  53.4 0.010077 0.013188 0.003875 hargrave 2024-04-04 20:03:32 
AF 150 354.9  44.2 005.1 -15.1 2.37E-06 003.3 273.8  50.9 0.008982 0.011740 0.003649 hargrave 2024-04-04 20:04:53 
AF 160 352.7  40.9 001.7 -16.9 2.48E-06 003.4 274.5  47.2 0.009103 0.012767 0.004275 hargrave 2024-04-04 20:06:14 
AF 170 348.0  46.1 002.2 -10.7 2.52E-06 003.5 265.9  49.7 0.009992 0.012766 0.004023 hargrave 2024-04-04 20:07:34 
AF 180 346.4  49.0 003.3 -07.8 2.06E-06 003.7 261.9  51.5 0.009569 0.009973 0.003075 hargrave 2024-04-04 20:08:55 
AF 190 351.0  45.5 003.5 -12.5 1.81E-06 003.7 269.1  50.4 0.008338 0.009252 0.003337 hargrave 2024-04-04 20:10:16 
AF 200 352.2  50.6 007.3 -08.9 2.04E-06 003.6 265.3  55.0 0.009090 0.009716 0.003437 hargrave 2024-04-04 20:11:37 
AF 220 356.3  51.1 009.7 -09.9 2.04E-06 003.5 268.4  57.0 0.008363 0.009361 0.003427 hargrave 2024-04-04 20:12:57 
AF 240 328.7  56.0 001.2  04.9 1.50E-06 004.3 241.5  50.5 0.009369 0.007565 0.001868 hargrave 2024-04-04 20:14:18 
AF 260 334.3  51.5 359.6 -00.5 2.22E-06 003.8 249.8  48.9 0.010391 0.010396 0.003987 hargrave 2024-04-04 20:15:39 
AF 280 356.7  43.0 005.5 -16.9 2.03E-06 003.5 276.7  50.5 0.007942 0.010164 0.003258 hargrave 2024-04-04 20:17:00 
AF 300 338.4  33.9 348.1 -14.2 1.20E-06 003.7 265.8  35.5 0.005757 0.007434 0.001326 hargrave 2024-04-04 20:18:21 
AF 320 303.2  27.8 327.6  08.6 9.00E-07 005.2 238.3  17.0 0.006450 0.005311 0.001065 hargrave 2024-04-04 20:19:42 
AF 340 342.3  11.3 331.5 -31.3 8.93E-07 003.0 280.3  16.6 0.003878 0.006462 0.002094 hargrave 2024-04-04 20:21:03 
AF 360 338.7  31.6 346.5 -15.9 1.20E-06 003.9 267.4  33.5 0.006355 0.007648 0.001193 hargrave 2024-04-04 20:22:23 
AF 380 349.6  10.2 335.8 -37.6 7.76E-07 003.2 287.6  18.4 0.003762 0.004871 0.001504 hargrave 2024-04-04 20:23:44 
AF 400 331.7 -32.4 276.9 -37.3 7.13E-07 004.0 288.5 -27.5 0.001915 0.004709 0.003469 hargrave 2024-04-04 20:25:05 
AF 420 268.2 -52.4 241.9 -00.3 5.95E-07 004.0 242.5 -68.7 0.003200 0.001866 0.003874 hargrave 2024-04-04 20:26:25 
AF 440 332.5  00.4 314.8 -28.6 5.93E-07 002.3 275.5  02.7 0.002099 0.004002 0.001492 hargrave 2024-04-04 20:27:46 
AF 460 316.5 -14.3 293.3 -19.5 5.45E-07 003.2 266.6 -17.0 0.002362 0.003258 0.001543 hargrave 2024-04-04 20:29:07 
AF 480 290.7 -53.5 247.9 -12.5 4.41E-07 003.8 269.3 -61.1 0.001898 0.001832 0.001862 hargrave 2024-04-04 20:30:27 
AF 500 307.7  00.7 304.3 -05.9 5.41E-07 004.8 252.4 -06.5 0.002667 0.003479 0.002751 hargrave 2024-04-04 20:31:48 
AF 520 219.9 -49.8 217.0  16.7 7.13E-07 002.7 146.0 -70.9 0.002483 0.001666 0.003702 hargrave 2024-04-04 20:33:08 
AF 540 297.1 -53.8 248.8 -16.1 8.63E-07 001.8 275.4 -58.9 0.001359 0.002825 0.000789 hargrave 2024-04-04 20:34:28 
AF 560 310.8  19.6 322.8 -00.9 5.94E-07 005.0 248.1  12.1 0.004087 0.003581 0.000781 hargrave 2024-04-04 20:35:48 
AF 580 301.6 -34.5 268.9 -13.3 1.90E-07 007.5 262.6 -41.0 0.001778 0.001398 0.002180 hargrave 2024-04-04 20:37:09 
AF 600 008.8  34.0 009.9 -29.2 1.16E-06 002.3 295.8  47.1 0.002724 0.004266 0.001016 hargrave 2024-04-04 20:38:29 
AF 650 331.2  28.4 339.8 -12.8 9.20E-07 002.9 262.3  27.8 0.003479 0.005568 0.000444 hargrave 2024-04-04 20:39:49 
AF 700 087.8  46.3 066.4 -03.8 4.56E-07 001.7 054.1  63.6 0.001279 0.001523 0.001637 hargrave 2024-04-04 20:41:09 
AF 750 305.4 -32.4 272.0 -15.6 8.25E-07 002.0 264.9 -37.7 0.001432 0.004045 0.000703 hargrave 2024-04-04 20:42:29 
AF 800 239.1 -56.2 226.3  07.2 3.76E-07 003.5 188.1 -79.2 0.002050 0.001513 0.002284 hargrave 2024-04-04 20:43:49 
AF 850 317.8 -25.3 282.4 -24.1 3.65E-07 002.9 272.8 -26.5 0.001035 0.002425 0.000680 hargrave 2024-04-04 20:45:09 
AF 900 292.8  20.9 317.7  15.2 1.21E-06 004.9 231.6  07.3 0.007772 0.006955 0.000882 hargrave 2024-04-04 20:46:30 
AF 950 318.3 -15.3 292.9 -21.5 1.03E-06 001.4 268.6 -17.2 0.001224 0.006011 0.000748 hargrave 2024-04-04 20:47:51 
AF1000 318.9  36.7 341.2  00.4 1.34E-06 003.6 247.4  30.6 0.005550 0.006804 0.003353 hargrave 2024-04-04 20:49:12 
