MF16- 58a sun compass orientation
      0 144.6  22.0 301.0  67.0   1.0
NRM    331.2  42.6 351.4 -04.4 1.24E-05 003.4 256.5  41.3 0.051858 0.065055 0.014616 hargrave 2024-04-09 19:23:28 
AF  10 332.2  41.9 351.2 -05.4 1.15E-05 003.5 257.9  41.0 0.045895 0.063443 0.014273 hargrave 2024-04-09 19:24:49 
AF  20 334.4  41.1 351.7 -07.2 1.09E-05 003.5 260.3  41.1 0.042225 0.060587 0.015640 hargrave 2024-04-09 19:26:09 
AF  30 335.9  41.0 352.3 -08.1 1.01E-05 003.6 261.6  41.6 0.039345 0.059184 0.013801 hargrave 2024-04-09 19:27:30 
AF  40 334.6  37.7 349.1 -09.4 9.50E-06 003.5 262.6  38.2 0.036220 0.056237 0.014148 hargrave 2024-04-09 19:28:50 
AF  50 334.0  37.6 348.7 -09.1 9.16E-06 003.5 262.1  37.9 0.035534 0.055116 0.013307 hargrave 2024-04-09 19:30:11 
AF  60 334.3  40.1 350.9 -07.7 8.95E-06 003.7 260.8  40.2 0.035154 0.054000 0.014305 hargrave 2024-04-09 19:31:31 
AF  70 332.1  37.0 347.3 -08.3 8.67E-06 003.5 260.8  36.7 0.033435 0.051643 0.013761 hargrave 2024-04-09 19:32:51 
AF  80 330.2  40.4 349.2 -05.1 8.81E-06 003.6 257.1  39.0 0.035593 0.051314 0.012801 hargrave 2024-04-09 19:34:12 
AF  90 328.7  38.1 346.6 -05.5 8.60E-06 003.4 257.1  36.4 0.032460 0.050071 0.013330 hargrave 2024-04-09 19:35:33 
AF 100 324.0  36.8 343.4 -03.1 8.45E-06 003.5 253.8  33.5 0.034283 0.049312 0.013689 hargrave 2024-04-09 19:36:53 
AF 110 323.6  37.0 343.4 -02.7 8.42E-06 003.6 253.4  33.5 0.034834 0.049786 0.013902 hargrave 2024-04-09 19:38:14 
AF 120 318.1  38.5 342.5  01.8 8.22E-06 003.7 247.9  32.9 0.037306 0.047843 0.013111 hargrave 2024-04-09 19:39:34 
AF 130 313.5  35.9 338.6  03.9 7.61E-06 003.8 245.3  29.0 0.037835 0.046510 0.010402 hargrave 2024-04-09 19:40:55 
AF 140 315.7  38.8 342.0  03.6 7.38E-06 003.7 245.8  32.4 0.034425 0.041706 0.010219 hargrave 2024-04-09 19:42:15 
AF 150 311.7  38.3 340.2  06.2 7.96E-06 003.8 242.7  30.6 0.039491 0.044825 0.010692 hargrave 2024-04-09 19:43:36 
AF 160 311.3  37.8 339.6  06.3 8.27E-06 003.7 242.6  30.0 0.040260 0.043395 0.013081 hargrave 2024-04-09 19:44:57 
AF 170 301.9  50.7 349.5  17.1 7.94E-06 003.7 228.5  38.7 0.042057 0.034538 0.008418 hargrave 2024-04-09 19:46:17 
AF 180 299.7  50.3 348.7  18.3 7.78E-06 003.7 227.1  37.8 0.041855 0.034769 0.005934 hargrave 2024-04-09 19:47:38 
AF 190 300.9  44.2 342.8  15.9 7.52E-06 003.8 231.1  32.6 0.040845 0.035005 0.006668 hargrave 2024-04-09 19:48:59 
AF 200 303.3  48.3 347.3  15.5 6.95E-06 003.7 231.0  37.0 0.035700 0.033325 0.007007 hargrave 2024-04-09 19:50:19 
AF 220 305.3  24.6 325.3  05.7 6.69E-06 003.6 243.1  15.8 0.031094 0.039592 0.011688 hargrave 2024-04-09 19:51:40 
AF 240 298.5  23.1 321.7  11.0 6.03E-06 004.0 237.7  12.3 0.032083 0.038215 0.009164 hargrave 2024-04-09 19:53:01 
AF 260 298.7  17.8 316.7  08.9 6.40E-06 003.7 239.7  07.4 0.032493 0.039605 0.010714 hargrave 2024-04-09 19:54:21 
AF 280 304.3  11.9 313.3  01.6 6.45E-06 003.1 246.9  03.7 0.025811 0.039014 0.012923 hargrave 2024-04-09 19:55:42 
AF 300 304.8  17.2 318.3  03.3 4.84E-06 003.4 245.5  08.8 0.020540 0.033276 0.010120 hargrave 2024-04-09 19:57:03 
AF 320 301.7  09.0 309.6  02.9 5.06E-06 003.2 245.5  00.1 0.018932 0.032606 0.010546 hargrave 2024-04-09 19:58:24 
AF 340 298.3  03.7 303.3  03.9 5.59E-06 003.1 244.2 -06.1 0.022676 0.034704 0.010384 hargrave 2024-04-09 19:59:45 
AF 360 290.1  03.1 299.6  11.2 6.49E-06 003.7 236.5 -09.3 0.032118 0.035777 0.011259 hargrave 2024-04-09 20:01:06 
AF 380 303.0 -02.1 299.9 -02.7 4.43E-06 002.6 250.6 -09.9 0.013916 0.030892 0.012022 hargrave 2024-04-09 20:02:27 
AF 400 287.8 -01.2 294.6  11.7 6.65E-06 003.6 235.6 -14.1 0.033518 0.034974 0.013403 hargrave 2024-04-09 20:03:47 
AF 420 294.4 -02.6 296.0  05.0 5.93E-06 003.2 242.6 -13.3 0.023794 0.035503 0.016132 hargrave 2024-04-09 20:05:08 
AF 440 300.2 -09.2 292.2 -02.8 5.84E-06 002.7 250.5 -17.5 0.018223 0.031737 0.020447 hargrave 2024-04-09 20:06:28 
AF 460 297.0 -03.0 296.7  02.5 5.37E-06 003.3 245.2 -12.8 0.020046 0.031646 0.019409 hargrave 2024-04-09 20:07:49 
AF 480 301.4  03.3 304.2  00.9 6.00E-06 003.4 247.2 -05.4 0.023759 0.035118 0.024240 hargrave 2024-04-09 20:09:09 
AF 500 298.0  02.0 301.7  03.5 4.34E-06 003.5 244.4 -07.7 0.016395 0.028469 0.017100 hargrave 2024-04-09 20:10:29 
AF 520 280.2 -21.1 273.1  09.5 4.11E-06 003.4 234.8 -35.4 0.013296 0.019711 0.017133 hargrave 2024-04-09 20:11:50 
AF 540 298.7  19.4 318.2  09.5 4.86E-06 003.9 239.1  08.9 0.025721 0.030540 0.012732 hargrave 2024-04-09 20:13:10 
AF 560 294.6 -15.5 284.2 -00.3 5.81E-06 003.2 247.4 -25.4 0.021275 0.032156 0.019739 hargrave 2024-04-09 20:14:31 
AF 580 297.4 -01.1 298.6  02.9 5.45E-06 003.6 244.9 -10.9 0.021087 0.029055 0.024951 hargrave 2024-04-09 20:15:51 
AF 600 301.5  05.2 306.0  01.6 5.88E-06 003.5 246.6 -03.5 0.029214 0.031194 0.017828 hargrave 2024-04-09 20:17:11 
AF 650 270.7 -26.1 264.1  14.2 7.79E-06 003.6 226.2 -42.8 0.032584 0.027579 0.034016 hargrave 2024-04-09 20:18:31 
AF 700 275.4 -15.1 276.2  16.4 7.33E-06 004.3 227.4 -31.0 0.037945 0.027725 0.040881 hargrave 2024-04-09 20:19:52 
AF 750 268.8 -14.9 272.9  21.9 7.20E-06 003.9 220.1 -32.5 0.038100 0.025982 0.032959 hargrave 2024-04-09 20:21:12 
AF 800 265.8 -31.1 257.3  14.7 1.17E-05 003.1 222.4 -48.8 0.043674 0.032891 0.053663 hargrave 2024-04-09 20:22:32 
AF 850 262.6 -24.7 260.6  20.8 8.91E-06 003.6 216.0 -43.5 0.040865 0.026870 0.047614 hargrave 2024-04-09 20:23:53 
AF 900 267.9 -32.3 257.5  12.5 7.58E-06 003.4 225.5 -49.5 0.028223 0.024344 0.042651 hargrave 2024-04-09 20:25:13 
AF 950 270.2 -32.0 258.9  11.1 1.05E-05 003.3 228.2 -48.6 0.039396 0.030578 0.050681 hargrave 2024-04-09 20:26:35 
AF1000 270.8 -15.2 273.7  20.1 1.09E-05 003.8 222.4 -32.3 0.055936 0.037046 0.045823 hargrave 2024-04-09 20:27:56 
