MF16- 53a sun compass orientation
      0 176.6  35.0 301.0  67.0   1.0
NRM    191.7  70.3 039.5  41.4 1.43E-05 002.4 152.0  46.1 0.063777 0.023130 0.012315 hargrave 2024-04-05 21:38:28 
AF  10 193.2  69.2 039.5  42.5 1.37E-05 002.5 151.2  45.1 0.062227 0.023537 0.011524 hargrave 2024-04-05 21:39:48 
AF  20 194.4  68.2 039.4  43.7 1.29E-05 002.5 150.5  44.1 0.060033 0.023148 0.011337 hargrave 2024-04-05 21:41:09 
AF  30 195.9  65.5 040.0  46.4 1.21E-05 002.6 148.4  41.8 0.056918 0.025022 0.011601 hargrave 2024-04-05 21:42:29 
AF  40 197.6  62.6 040.4  49.3 1.17E-05 002.7 146.3  39.3 0.054804 0.026085 0.012226 hargrave 2024-04-05 21:43:49 
AF  50 199.3  60.4 040.3  51.7 1.10E-05 002.8 145.1  37.1 0.052287 0.026710 0.013022 hargrave 2024-04-05 21:45:09 
AF  60 202.4  61.2 037.7  51.4 1.05E-05 002.8 147.2  36.7 0.052118 0.023952 0.011296 hargrave 2024-04-05 21:46:29 
AF  70 201.9  58.7 039.0  53.7 9.56E-06 002.9 145.0  34.9 0.047610 0.024502 0.012106 hargrave 2024-04-05 21:47:49 
AF  80 199.0  54.6 043.8  57.2 9.04E-06 002.9 140.5  32.7 0.043164 0.026222 0.010927 hargrave 2024-04-05 21:49:09 
AF  90 203.9  48.4 041.8  64.0 8.54E-06 003.0 139.0  26.0 0.041368 0.026973 0.010658 hargrave 2024-04-05 21:50:29 
AF 100 202.0  49.9 043.5  62.2 8.38E-06 002.9 138.8  27.9 0.040108 0.026503 0.008079 hargrave 2024-04-05 21:51:49 
AF 110 196.8  45.8 054.3  64.4 7.38E-06 003.0 133.0  26.7 0.032492 0.028005 0.007183 hargrave 2024-04-05 21:53:10 
AF 120 194.7  44.2 059.4  65.0 5.81E-06 003.5 130.5  26.3 0.024575 0.029591 0.007918 hargrave 2024-04-05 21:54:30 
AF 130 200.3  40.4 055.9  70.3 6.21E-06 003.4 131.8  20.9 0.027581 0.025678 0.012332 hargrave 2024-04-05 21:55:51 
AF 140 203.9  50.7 040.5  61.8 5.70E-06 003.2 140.4  27.8 0.029118 0.019010 0.007749 hargrave 2024-04-05 21:57:11 
AF 150 210.6  47.1 031.7  65.9 4.73E-06 003.6 142.4  22.5 0.027165 0.014916 0.010288 hargrave 2024-04-05 21:58:31 
AF 160 221.9  43.3 009.6  67.8 5.94E-06 003.1 147.9  15.3 0.036689 0.016436 0.012532 hargrave 2024-04-05 21:59:51 
AF 170 229.5  42.3 356.7  65.3 4.91E-06 002.9 152.9  12.3 0.034395 0.010309 0.009097 hargrave 2024-04-05 22:01:11 
AF 180 231.4  37.6 345.5  67.2 3.96E-06 002.6 152.6  07.4 0.025943 0.008685 0.006205 hargrave 2024-04-05 22:02:31 
AF 190 260.8  50.4 349.4  42.8 3.57E-06 002.2 176.2  15.5 0.027776 0.002186 0.007395 hargrave 2024-04-05 22:03:51 
AF 200 245.3  36.6 333.6  57.5 3.57E-06 002.2 163.0  03.4 0.025284 0.003954 0.009981 hargrave 2024-04-05 22:05:11 
AF 220 232.9  27.1 317.3  69.8 2.18E-06 002.5 150.4 -02.9 0.012250 0.004133 0.004668 hargrave 2024-04-05 22:06:31 
AF 240 249.5  32.1 324.6  54.8 2.87E-06 001.5 165.6 -01.6 0.021197 0.002305 0.006048 hargrave 2024-04-05 22:07:52 
AF 260 230.1  24.5 309.6  72.4 2.01E-06 002.9 147.1 -04.6 0.011127 0.003599 0.006053 hargrave 2024-04-05 22:09:12 
AF 280 216.9 -20.1 219.1  46.5 3.77E-06 002.6 112.7 -39.1 0.008995 0.017578 0.010118 hargrave 2024-04-05 22:10:32 
AF 300 209.7 -26.7 209.5  40.3 2.87E-06 002.6 100.7 -40.4 0.008888 0.016307 0.011290 hargrave 2024-04-05 22:11:52 
AF 320 218.4 -29.5 219.1  37.0 4.67E-06 002.3 106.6 -47.5 0.011420 0.021334 0.015485 hargrave 2024-04-05 22:13:12 
AF 340 221.4 -31.6 221.8  34.5 2.97E-06 002.1 107.6 -50.7 0.005617 0.010748 0.011906 hargrave 2024-04-05 22:14:32 
AF 360 091.8 -76.7 197.8 -28.9 1.68E-06 004.0 001.6 -41.8 0.014352 0.004332 0.007038 hargrave 2024-04-05 22:15:53 
AF 380 211.0 -37.1 211.0  29.9 2.08E-06 003.8 091.9 -48.8 0.010866 0.011473 0.006499 hargrave 2024-04-05 22:17:13 
AF 400 216.8 -55.0 214.4  11.9 3.60E-06 003.0 069.2 -62.0 0.015465 0.013814 0.009203 hargrave 2024-04-05 22:18:33 
AF 420 227.5 -56.2 220.2  09.6 5.13E-06 002.6 070.8 -68.2 0.019091 0.017656 0.014375 hargrave 2024-04-05 22:19:54 
AF 440 222.1 -47.9 218.8  18.4 5.24E-06 002.6 085.9 -61.9 0.016970 0.021102 0.015647 hargrave 2024-04-05 22:21:15 
AF 460 247.8 -50.2 233.9  09.9 7.25E-06 001.4 105.2 -77.7 0.014130 0.013216 0.020521 hargrave 2024-04-05 22:22:35 
AF 480 234.5 -30.1 235.1  32.3 4.79E-06 002.2 124.3 -56.2 0.012268 0.019514 0.011977 hargrave 2024-04-05 22:23:55 
AF 500 247.2 -29.4 246.3  27.1 4.10E-06 001.5 143.5 -60.9 0.011263 0.009601 0.013611 hargrave 2024-04-05 22:25:16 
AF 520 222.7 -02.9 236.2  61.7 3.57E-06 003.2 128.9 -27.0 0.014311 0.021694 0.007731 hargrave 2024-04-05 22:26:36 
AF 540 247.9 -29.2 247.0  26.9 2.92E-06 002.4 144.9 -60.9 0.009566 0.011258 0.008822 hargrave 2024-04-05 22:27:56 
AF 560 216.3 -13.2 219.7  53.4 3.26E-06 003.0 116.8 -32.9 0.009999 0.023721 0.011000 hargrave 2024-04-05 22:29:16 
AF 580 240.5 -36.6 236.7  24.2 4.69E-06 002.0 125.2 -64.4 0.009864 0.017419 0.015795 hargrave 2024-04-05 22:30:37 
AF 600 274.2 -44.1 250.9  01.5 4.33E-06 002.3 207.2 -78.0 0.010279 0.011726 0.017599 hargrave 2024-04-05 22:31:57 
AF 650 275.4 -34.4 259.5  06.2 5.49E-06 001.6 200.1 -68.5 0.012644 0.007709 0.018838 hargrave 2024-04-05 22:33:17 
AF 700 250.0  20.3 304.4  53.8 1.49E-06 004.6 164.0 -13.3 0.010589 0.008564 0.007804 hargrave 2024-04-05 22:34:38 
AF 750 249.2 -38.8 241.6  18.6 6.45E-06 001.3 137.1 -70.0 0.009637 0.015239 0.024676 hargrave 2024-04-05 22:35:58 
AF 800 261.2 -32.2 253.8  16.9 3.40E-06 001.9 168.2 -66.8 0.008327 0.007896 0.010010 hargrave 2024-04-05 22:37:19 
AF 850 337.8 -33.6 275.8 -42.5 3.43E-06 002.0 277.0 -37.4 0.006888 0.015556 0.002242 hargrave 2024-04-05 22:38:40 
AF 900 269.2 -38.8 252.9  07.7 2.88E-06 001.7 187.2 -73.7 0.004515 0.006226 0.007496 hargrave 2024-04-05 22:40:00 
AF 950 243.8 -11.9 257.0  42.5 3.95E-06 002.5 148.6 -43.4 0.016904 0.013661 0.008009 hargrave 2024-04-05 22:41:21 
AF1000 336.2  09.8 326.2 -27.2 3.03E-06 003.2 247.7 -03.3 0.009887 0.020341 0.007473 hargrave 2024-04-05 22:42:42 
