MF16- 66b sun compass orientation
      0 166.5  33.0 301.0  67.0   1.0
NRM    356.8  76.3 023.2  11.5 9.60E-06 002.3 205.3  56.9 0.036301 0.020139 0.003744 hargrave 2024-04-12 20:41:02 
TT  50 359.9  74.7 023.0  09.7 7.87E-06 002.3 208.5  57.4 0.029776 0.017361 0.001514 hargrave 2024-04-15 11:39:07 
TT 100 005.9  77.7 025.7  11.7 4.88E-06 002.4 203.1  59.1 0.019986 0.011203 0.000721 hargrave 2024-04-15 14:28:50 
TT 125 010.2  77.0 026.3  10.7 3.46E-06 002.0 204.5  60.1 0.011560 0.007933 0.001300 hargrave 2024-04-15 17:41:04 
TT 150 356.8  76.3 023.2  11.5 3.04E-06 001.9 205.3  56.9 0.010230 0.006528 0.001127 hargrave 2024-04-15 20:16:09 
TT 200 023.5  84.3 030.2  17.3 2.17E-06 001.4 189.2  60.1 0.005514 0.003466 0.003709 hargrave 2024-04-16 11:47:08 
TT 250 291.6  78.2 018.2  24.4 6.62E-07 002.1 189.9  46.9 0.001446 0.001823 0.000920 hargrave 2024-04-16 14:13:47 
TT 300 248.2 -17.1 256.5  35.9 8.24E-07 007.9 167.6 -49.6 0.005649 0.009832 0.002215 hargrave 2024-04-16 17:18:18 
TT 325 280.5 -31.0 264.6  04.3 1.87E-06 003.2 222.9 -59.1 0.003663 0.008473 0.006665 hargrave 2024-04-17 09:44:12 
TT 350 261.6 -25.0 259.7  21.4 2.55E-06 002.9 188.7 -57.8 0.004235 0.009978 0.009651 hargrave 2024-04-17 12:51:07 
TT 375 294.4 -37.2 264.2 -08.8 1.36E-06 002.7 248.0 -58.1 0.003646 0.004728 0.002882 hargrave 2024-04-17 15:50:18 
TT 400 236.0 -18.5 243.5  41.8 1.77E-06 002.5 149.8 -48.6 0.004449 0.006018 0.002153 hargrave 2024-04-18 11:46:16 
TT 420 222.4 -02.8 235.8  61.9 1.99E-06 001.8 140.0 -29.4 0.004086 0.004323 0.002113 hargrave 2024-04-18 15:42:51 
TT 430 244.3 -21.0 249.9  35.3 1.74E-06 002.0 160.9 -52.9 0.003135 0.004894 0.002416 hargrave 2024-04-19 10:14:01 
