MF16- 11a sun compass orientation
   75.2 163.7  43.0 301.0  67.0   1.0
NRM    356.4  56.0 012.4 -05.8 3.06E-05 002.0 229.0  43.7 0.085145 0.051792 0.049377 hargrave 2023-11-22 13:27:06 
AF  10 001.3  50.5 012.2 -12.0 2.76E-05 002.0 237.6  44.1 0.088203 0.039463 0.026050 hargrave 2023-11-22 13:28:27 
AF  20 003.6  50.5 013.5 -12.6 2.53E-05 002.0 238.4  45.4 0.082260 0.039498 0.020801 hargrave 2023-11-22 13:29:48 
AF  30 004.8  50.2 014.1 -13.2 2.34E-05 002.1 239.2  46.0 0.077642 0.039250 0.018152 hargrave 2023-11-22 13:31:09 
AF  40 006.6  50.3 015.3 -13.6 2.19E-05 002.1 239.8  47.1 0.073491 0.038907 0.016762 hargrave 2023-11-22 13:32:30 
AF  50 007.4  49.8 015.6 -14.2 2.04E-05 002.1 240.7  47.4 0.069078 0.037247 0.015583 hargrave 2023-11-22 13:33:50 
AF  60 007.1  48.4 014.8 -15.4 1.89E-05 002.1 242.4  46.6 0.063703 0.035566 0.014751 hargrave 2023-11-22 13:35:11 
AF  70 006.5  47.2 013.9 -16.4 1.74E-05 002.1 243.9  45.7 0.059254 0.034394 0.015007 hargrave 2023-11-22 13:36:32 
AF  80 007.8  45.1 013.9 -18.7 1.65E-05 002.2 247.1  45.6 0.054203 0.032690 0.014886 hargrave 2023-11-22 13:37:53 
AF  90 010.8  43.8 015.6 -20.7 1.60E-05 002.1 250.2  46.9 0.050445 0.031168 0.013570 hargrave 2023-11-22 13:39:14 
AF 100 012.4  44.5 016.9 -20.4 1.47E-05 002.1 250.0  48.2 0.046113 0.030595 0.011860 hargrave 2023-11-22 13:40:36 
AF 110 010.1  43.9 015.1 -20.4 1.39E-05 002.2 249.8  46.5 0.045972 0.029762 0.011257 hargrave 2023-11-22 13:41:57 
AF 120 011.5  42.6 015.7 -22.0 1.27E-05 002.1 252.1  46.8 0.039102 0.027668 0.010785 hargrave 2023-11-22 13:43:18 
AF 130 014.1  41.7 017.3 -23.4 1.12E-05 002.2 254.6  48.1 0.035206 0.027630 0.008614 hargrave 2023-11-22 13:44:38 
AF 140 012.7  40.0 015.7 -24.7 1.12E-05 002.2 256.0  46.4 0.034194 0.026679 0.009608 hargrave 2023-11-22 13:45:59 
AF 150 014.1  41.3 017.2 -23.8 9.79E-06 002.1 255.1  47.9 0.028935 0.023703 0.007724 hargrave 2023-11-22 13:47:23 
AF 160 015.5  38.0 017.2 -27.3 9.58E-06 002.1 260.2  47.1 0.027810 0.024669 0.006978 hargrave 2023-11-22 13:48:48 
AF 170 013.1  37.7 015.1 -27.0 9.50E-06 002.2 259.1  45.4 0.029295 0.023880 0.007200 hargrave 2023-11-22 13:50:08 
AF 180 011.8  40.0 014.9 -24.5 8.50E-06 002.3 255.5  45.7 0.027051 0.021832 0.006924 hargrave 2023-11-22 13:51:28 
AF 190 007.7  38.4 011.1 -24.9 8.01E-06 002.3 255.2  42.2 0.026178 0.021607 0.006199 hargrave 2023-11-22 13:52:49 
AF 200 007.5  28.8 006.2 -33.5 7.66E-06 002.1 265.0  36.4 0.022829 0.021116 0.005648 hargrave 2023-11-22 13:54:11 
AF 220 005.9  24.2 002.0 -36.9 6.41E-06 002.1 268.1  32.3 0.019323 0.020107 0.003614 hargrave 2023-11-22 13:55:31 
AF 240 008.6  25.3 005.5 -37.0 5.93E-06 002.1 269.1  34.9 0.017013 0.017574 0.004073 hargrave 2023-11-22 13:56:56 
AF 260 012.3  18.0 005.4 -45.1 4.90E-06 002.0 278.3  32.4 0.012786 0.015914 0.003353 hargrave 2023-11-22 13:58:16 
AF 280 006.3  15.3 356.5 -44.7 3.84E-06 002.0 275.9  26.5 0.011152 0.013297 0.000906 hargrave 2023-11-22 13:59:37 
AF 300 019.5  07.8 009.6 -57.2 3.13E-06 002.6 292.4  29.6 0.010257 0.012832 0.001534 hargrave 2023-11-22 14:00:58 
AF 320 005.3  08.9 349.8 -49.4 3.03E-06 002.4 279.9  21.1 0.010426 0.013258 0.001980 hargrave 2023-11-22 14:02:19 
AF 340 007.8 -09.0 329.4 -63.8 2.36E-06 002.5 294.1  09.2 0.007480 0.010106 0.000953 hargrave 2023-11-22 14:03:40 
AF 360 016.0  27.7 014.2 -37.2 2.72E-06 002.6 272.1  41.5 0.010145 0.009724 0.001023 hargrave 2023-11-22 14:05:00 
AF 380 003.5  16.1 353.9 -42.5 2.63E-06 002.4 273.0  25.1 0.008969 0.010465 0.003961 hargrave 2023-11-22 14:06:21 
AF 400 353.3  32.2 356.5 -24.0 2.36E-06 002.3 252.6  29.1 0.007684 0.007850 0.002884 hargrave 2023-11-22 14:07:41 
AF 420 357.9  21.5 352.6 -35.0 2.25E-06 002.2 264.7  25.0 0.006804 0.008084 0.002837 hargrave 2023-11-22 14:09:02 
AF 440 024.6  14.4 020.8 -52.0 1.33E-06 003.4 291.8  37.9 0.004862 0.006244 0.002486 hargrave 2023-11-22 14:10:23 
AF 460 346.6  34.8 353.7 -18.5 1.78E-06 002.6 246.3  26.5 0.005997 0.005725 0.003562 hargrave 2023-11-22 14:11:43 
AF 480 359.2  38.8 004.8 -21.4 1.53E-06 003.0 249.9  36.9 0.006143 0.005202 0.002858 hargrave 2023-11-22 14:13:03 
AF 500 025.0 -00.0 015.9 -66.3 1.22E-06 002.7 302.7  26.7 0.003364 0.004957 0.001599 hargrave 2023-11-22 14:14:24 
AF 520 359.5  20.1 353.0 -37.1 1.24E-06 001.9 267.0  25.2 0.002736 0.004035 0.001858 hargrave 2023-11-22 14:15:45 
AF 540 336.0  25.3 339.8 -18.1 1.58E-06 002.3 247.0  13.3 0.004983 0.004840 0.002746 hargrave 2023-11-22 14:17:05 
AF 560 347.8  40.1 358.1 -15.2 1.12E-06 002.8 242.4  30.5 0.004811 0.004873 0.000632 hargrave 2023-11-22 14:18:27 
AF 580 349.5 -17.5 301.2 -50.8 6.40E-07 001.9 286.2 -08.8 0.000768 0.003171 0.001395 hargrave 2023-11-22 14:19:47 
AF 600 284.0 -21.6 274.4  06.1 1.07E-06 002.5 234.4 -54.7 0.003149 0.003308 0.001686 hargrave 2023-11-22 14:21:08 
