MF16- 69b mag compass orientation (IGRF corrected)
      0 131.1  25.0 301.0  67.0   1.0
NRM    332.8  65.3 010.0  08.8 1.16E-05 002.1 237.8  62.7 0.034439 0.025479 0.011632 hargrave 2024-04-12 20:49:35 
TT  50 328.4  65.4 009.0  10.3 9.26E-06 002.1 235.5  61.2 0.027548 0.019397 0.008617 hargrave 2024-04-15 11:43:39 
TT 100 325.2  63.6 006.6  10.5 5.95E-06 001.9 237.0  59.0 0.016825 0.010722 0.006485 hargrave 2024-04-15 14:33:25 
TT 125 319.1  62.9 004.7  12.6 4.45E-06 001.8 234.7  56.5 0.011924 0.007148 0.005056 hargrave 2024-04-15 17:45:36 
TT 150 212.8  45.1 027.6  67.8 1.78E-08 054.1 173.8  20.2 0.001770 0.001413 0.000487 hargrave 2024-04-15 20:20:46 
TT 150 300.4  70.1 009.5  21.8 3.51E-06 001.9 216.3  55.6 0.010616 0.005820 0.002339 hargrave 2024-04-16 08:12:16 
TT 200 296.6  58.9 357.4  21.8 2.65E-06 001.3 226.2  46.2 0.005195 0.000772 0.003955 hargrave 2024-04-16 11:51:43 
TT 250 253.7  54.8 357.3  45.2 2.12E-06 001.3 201.5  32.4 0.004954 0.000754 0.003024 hargrave 2024-04-16 14:18:18 
TT 300 278.6  31.3 324.9  30.2 1.96E-06 002.3 228.6  16.0 0.006584 0.003790 0.004747 hargrave 2024-04-16 17:22:50 
TT 325 218.4  83.7 030.1  29.2 1.94E-08 019.1 179.4  58.5 0.000366 0.000575 0.000119 hargrave 2024-04-17 09:49:32 
TT 325 033.7  18.6 034.8 -48.3 3.09E-07 006.2 350.3  43.3 0.002677 0.002473 0.001015 hargrave 2024-04-17 10:27:40 
TT 350 168.1  60.2 058.2  42.4 1.58E-08 050.2 148.1  41.1 0.001555 0.001202 0.000288 hargrave 2024-04-17 12:55:40 
TT 350 228.9  64.4 019.7  47.0 2.82E-07 007.8 184.4  39.5 0.002237 0.001366 0.003251 hargrave 2024-04-17 13:33:20 
