MF16- 50a sun compass orientation
      0 167.8  24.0 301.0  67.0   1.0
NRM    345.4  63.8 012.6  03.8 1.05E-05 003.6 229.1  54.3 0.054848 0.037012 0.012671 hargrave 2024-04-05 18:20:22 
AF  10 343.5  63.2 011.5  03.9 9.77E-06 003.6 228.8  53.3 0.050478 0.034557 0.012257 hargrave 2024-04-05 18:21:43 
AF  20 342.5  62.7 010.9  03.8 9.12E-06 003.7 228.8  52.6 0.048286 0.033081 0.011822 hargrave 2024-04-05 18:23:03 
AF  30 339.4  62.8 009.9  04.9 8.69E-06 003.7 226.9  51.7 0.046849 0.030537 0.011315 hargrave 2024-04-05 18:24:24 
AF  40 338.4  62.1 009.1  04.8 8.15E-06 003.7 227.1  51.0 0.044426 0.029341 0.010998 hargrave 2024-04-05 18:25:45 
AF  50 336.2  60.3 007.1  04.4 7.83E-06 003.8 227.5  48.9 0.043288 0.028330 0.010855 hargrave 2024-04-05 18:27:06 
AF  60 334.9  59.6 006.1  04.4 7.45E-06 003.8 227.3  47.9 0.041626 0.027577 0.011123 hargrave 2024-04-05 18:28:27 
AF  70 332.8  61.9 007.2  06.7 7.01E-06 003.8 224.1  49.2 0.039678 0.024640 0.009829 hargrave 2024-04-05 18:29:49 
AF  80 329.7  61.5 006.0  07.6 6.72E-06 003.9 222.6  48.0 0.039871 0.024047 0.009572 hargrave 2024-04-05 18:31:09 
AF  90 326.2  60.2 004.0  08.3 6.26E-06 003.9 221.6  45.9 0.037957 0.021734 0.009184 hargrave 2024-04-05 18:32:30 
AF 100 323.7  59.8 003.0  09.1 6.06E-06 003.9 220.4  44.9 0.036531 0.020387 0.009446 hargrave 2024-04-05 18:33:51 
AF 110 316.7  57.3 359.0  11.2 5.81E-06 004.1 217.8  40.9 0.037978 0.019214 0.009701 hargrave 2024-04-05 18:35:12 
AF 120 318.9  58.1 000.2  10.5 5.45E-06 004.0 218.6  42.2 0.034990 0.017782 0.009265 hargrave 2024-04-05 18:36:33 
AF 130 329.1  61.9 006.2  08.1 5.34E-06 003.8 221.9  48.1 0.031595 0.017230 0.008465 hargrave 2024-04-05 18:37:53 
AF 140 329.6  61.4 005.9  07.6 5.08E-06 003.9 222.7  47.9 0.029602 0.017277 0.008566 hargrave 2024-04-05 18:39:14 
AF 150 330.9  59.6 004.9  06.0 4.93E-06 004.0 224.9  46.8 0.028828 0.017737 0.008934 hargrave 2024-04-05 18:40:35 
AF 160 326.6  64.4 007.7  10.4 4.83E-06 003.8 218.4  49.5 0.028338 0.014693 0.007842 hargrave 2024-04-05 18:41:56 
AF 170 328.3  70.5 013.2  13.1 4.80E-06 003.5 213.0  54.6 0.026979 0.012654 0.007235 hargrave 2024-04-05 18:43:16 
AF 180 326.5  65.8 008.9  11.2 4.68E-06 003.7 216.9  50.6 0.027219 0.013602 0.008073 hargrave 2024-04-05 18:44:37 
AF 190 325.2  70.0 012.2  13.8 4.92E-06 003.7 212.2  53.6 0.029065 0.014344 0.006872 hargrave 2024-04-05 18:45:58 
AF 200 306.8  61.1 000.7  17.3 4.61E-06 004.1 209.5  42.1 0.031527 0.013497 0.008408 hargrave 2024-04-05 18:47:18 
AF 220 318.4  56.6 358.8  10.1 3.97E-06 004.1 219.3  40.8 0.024745 0.012629 0.009358 hargrave 2024-04-05 18:48:39 
AF 240 325.8  56.6 000.8  06.5 4.06E-06 004.1 224.0  42.7 0.024544 0.014616 0.008700 hargrave 2024-04-05 18:49:59 
AF 260 318.4  63.3 004.9  13.0 4.04E-06 004.0 214.7  46.6 0.025085 0.011654 0.008678 hargrave 2024-04-05 18:51:20 
AF 280 310.4  56.0 356.3  13.8 3.21E-06 004.4 214.5  38.2 0.021975 0.010507 0.008548 hargrave 2024-04-05 18:52:41 
AF 300 317.4  63.6 004.9  13.6 2.92E-06 004.1 213.9  46.6 0.018294 0.009271 0.006089 hargrave 2024-04-05 18:54:02 
AF 320 311.3  53.7 354.3  12.6 2.65E-06 004.4 216.2  36.3 0.018210 0.009420 0.006861 hargrave 2024-04-05 18:55:22 
AF 340 310.1  56.1 356.4  14.1 2.91E-06 004.3 214.2  38.2 0.019686 0.009169 0.006861 hargrave 2024-04-05 18:56:43 
AF 360 305.3  62.5 002.0  18.4 2.71E-06 004.0 207.8  43.1 0.017855 0.008427 0.005384 hargrave 2024-04-05 18:58:04 
AF 380 302.6  64.3 003.5  19.9 2.72E-06 003.8 205.3  44.2 0.017441 0.007229 0.004884 hargrave 2024-04-05 18:59:24 
AF 400 318.4  57.7 359.8  10.6 3.04E-06 004.0 218.5  41.7 0.018826 0.010292 0.005666 hargrave 2024-04-05 19:00:45 
AF 420 316.0  55.3 357.0  10.7 2.43E-06 004.1 218.5  39.0 0.014478 0.008120 0.006488 hargrave 2024-04-05 19:02:06 
AF 440 324.1  56.8 000.5  07.4 2.67E-06 003.9 222.8  42.4 0.014747 0.009514 0.005835 hargrave 2024-04-05 19:03:26 
AF 460 319.9  58.7 001.0  10.3 2.32E-06 003.9 218.8  43.0 0.013560 0.008052 0.004465 hargrave 2024-04-05 19:04:46 
AF 480 330.5  34.3 344.3 -08.9 1.87E-06 003.7 240.1  24.5 0.008349 0.008092 0.005186 hargrave 2024-04-05 19:06:07 
AF 500 329.4  80.9 022.6  18.5 2.46E-06 002.9 198.5  61.9 0.010734 0.006054 0.003276 hargrave 2024-04-05 19:07:28 
AF 520 304.4  63.3 002.7  18.9 1.41E-06 004.0 206.9  43.7 0.008326 0.004798 0.003430 hargrave 2024-04-05 19:08:49 
AF 540 323.9  55.9 359.6  07.0 1.70E-06 004.0 223.3  41.6 0.009248 0.006735 0.003969 hargrave 2024-04-05 19:10:09 
AF 560 357.4  71.8 020.9  07.6 1.99E-06 003.2 222.3  62.7 0.008321 0.006389 0.003459 hargrave 2024-04-05 19:11:30 
AF 580 275.9  72.0 012.2  29.5 2.28E-06 003.5 188.3  48.5 0.014209 0.005308 0.003812 hargrave 2024-04-05 19:12:50 
AF 600 103.5  74.6 046.4  17.6 1.42E-06 002.3 146.3  78.0 0.003822 0.004266 0.001072 hargrave 2024-04-05 19:14:10 
AF 650 325.7  72.0 014.1  14.6 1.52E-06 003.8 210.2  55.2 0.008333 0.005205 0.003006 hargrave 2024-04-05 19:15:31 
AF 700 323.7  73.5 015.2  15.9 1.61E-06 003.5 207.6  56.0 0.008822 0.004730 0.002449 hargrave 2024-04-05 19:16:51 
AF 750 282.6  56.2 353.8  29.1 1.27E-06 003.8 196.3  33.6 0.009183 0.002496 0.003682 hargrave 2024-04-05 19:18:11 
AF 800 215.6  39.5 018.6  73.0 1.13E-06 003.6 146.5  20.4 0.007130 0.003506 0.003434 hargrave 2024-04-05 19:19:31 
AF 850 029.4  67.6 030.4  00.6 7.59E-07 003.9 243.0  71.4 0.003223 0.003583 0.002705 hargrave 2024-04-05 19:20:52 
AF 900 174.8  79.3 038.4  31.4 1.19E-06 003.8 156.4  62.7 0.006459 0.004346 0.002051 hargrave 2024-04-05 19:22:12 
AF 950 312.8  14.5 319.0 -04.8 7.25E-07 005.2 232.4  00.2 0.004841 0.003968 0.003250 hargrave 2024-04-05 19:23:33 
AF1000 300.7  64.2 003.3  20.7 1.66E-06 003.7 204.3  43.8 0.010374 0.004216 0.003302 hargrave 2024-04-05 19:24:54 
