MF16- 62a sun compass orientation
      0 164.4  30.0 301.0  67.0   1.0
NRM    340.9  60.4 008.7  02.8 1.09E-05 002.5 226.9  47.5 0.041046 0.026052 0.010949 hargrave 2024-04-10 17:32:01 
AF  10 340.4  60.6 008.7  03.1 1.05E-05 002.6 226.5  47.5 0.042142 0.026484 0.011023 hargrave 2024-04-10 17:33:22 
AF  20 339.7  60.4 008.3  03.2 9.99E-06 002.6 226.4  47.1 0.039317 0.024409 0.010314 hargrave 2024-04-10 17:34:43 
AF  30 339.2  59.7 007.6  02.9 9.61E-06 002.6 226.8  46.4 0.038075 0.023222 0.010236 hargrave 2024-04-10 17:36:04 
AF  40 338.9  59.9 007.7  03.1 9.19E-06 002.6 226.5  46.5 0.035779 0.022676 0.010141 hargrave 2024-04-10 17:37:25 
AF  50 338.0  59.1 006.7  02.9 8.71E-06 002.6 226.9  45.6 0.034087 0.021186 0.009596 hargrave 2024-04-10 17:38:45 
AF  60 338.3  58.5 006.4  02.4 8.51E-06 002.5 227.6  45.3 0.033184 0.020753 0.009298 hargrave 2024-04-10 17:40:06 
AF  70 337.9  57.4 005.5  01.8 8.05E-06 002.5 228.5  44.4 0.031265 0.019054 0.008881 hargrave 2024-04-10 17:41:27 
AF  80 337.9  58.7 006.4  02.7 7.83E-06 002.5 227.2  45.3 0.031033 0.018524 0.008152 hargrave 2024-04-10 17:42:48 
AF  90 336.5  57.7 005.2  02.6 7.54E-06 002.6 227.4  44.0 0.030550 0.018493 0.008109 hargrave 2024-04-10 17:44:08 
AF 100 338.4  58.7 006.6  02.5 6.93E-06 002.6 227.5  45.5 0.028120 0.016953 0.007206 hargrave 2024-04-10 17:45:29 
AF 110 336.9  58.3 005.8  02.8 6.59E-06 002.6 227.0  44.6 0.026382 0.017267 0.007314 hargrave 2024-04-10 17:46:50 
AF 120 338.3  58.4 006.4  02.3 6.24E-06 002.5 227.7  45.2 0.024635 0.015170 0.006247 hargrave 2024-04-10 17:48:10 
AF 130 336.7  56.7 004.5  01.8 5.75E-06 002.6 228.5  43.4 0.023591 0.014225 0.006356 hargrave 2024-04-10 17:49:31 
AF 140 341.5  57.9 007.2  00.7 5.75E-06 002.6 229.9  46.1 0.022376 0.015158 0.005808 hargrave 2024-04-10 17:50:52 
AF 150 343.2  57.4 007.5 -00.2 5.70E-06 002.6 231.3  46.4 0.022812 0.014911 0.005245 hargrave 2024-04-10 17:52:13 
AF 160 341.0  57.7 006.8  00.8 5.32E-06 002.7 229.9  45.7 0.021567 0.013867 0.005583 hargrave 2024-04-10 17:53:34 
AF 170 344.0  59.3 009.1  00.9 5.42E-06 002.6 229.7  48.0 0.021553 0.013988 0.005541 hargrave 2024-04-10 17:54:54 
AF 180 342.1  58.3 007.7  00.9 5.00E-06 002.5 229.8  46.6 0.019120 0.012667 0.005148 hargrave 2024-04-10 17:56:15 
AF 190 345.7  58.5 009.2 -00.3 4.67E-06 002.8 231.4  48.1 0.019677 0.013075 0.004671 hargrave 2024-04-10 17:57:36 
AF 200 347.4  56.2 008.4 -02.6 4.32E-06 002.7 234.9  47.3 0.017629 0.011801 0.003636 hargrave 2024-04-10 17:58:57 
AF 220 342.2  55.4 005.7 -01.3 4.32E-06 002.6 232.8  44.6 0.017585 0.011264 0.004068 hargrave 2024-04-10 18:00:17 
AF 240 332.1  55.3 001.8  02.9 4.33E-06 002.6 227.1  40.7 0.017765 0.010630 0.004673 hargrave 2024-04-10 18:01:39 
AF 260 335.4  53.5 001.6  00.3 3.93E-06 002.5 230.6  40.5 0.015494 0.009528 0.003682 hargrave 2024-04-10 18:03:00 
AF 280 334.2  56.3 003.3  02.6 3.98E-06 002.6 227.5  42.2 0.015985 0.009736 0.004523 hargrave 2024-04-10 18:04:21 
AF 300 331.5  53.5 000.1  02.1 3.42E-06 002.8 228.3  39.0 0.014387 0.009399 0.005004 hargrave 2024-04-10 18:05:42 
AF 320 332.7  53.8 000.8  01.7 3.35E-06 002.6 228.8  39.7 0.013601 0.008449 0.003896 hargrave 2024-04-10 18:07:02 
AF 340 320.4  53.6 356.6  07.7 3.36E-06 002.7 221.5  35.2 0.014638 0.009173 0.004249 hargrave 2024-04-10 18:08:23 
AF 360 320.2  49.0 352.5  05.5 3.04E-06 002.6 224.5  31.3 0.012511 0.007042 0.004683 hargrave 2024-04-10 18:09:44 
AF 380 320.8  48.7 352.5  05.0 3.03E-06 002.4 225.0  31.3 0.011965 0.006754 0.004401 hargrave 2024-04-10 18:11:05 
AF 400 331.0  51.1 358.1  00.9 2.73E-06 002.5 229.8  37.0 0.010186 0.006274 0.004166 hargrave 2024-04-10 18:12:26 
AF 420 337.2  49.2 359.1 -03.5 2.61E-06 002.7 235.3  37.9 0.010617 0.006740 0.003811 hargrave 2024-04-10 18:13:47 
AF 440 350.8  46.1 003.8 -11.9 2.34E-06 002.8 247.0  41.5 0.009267 0.006984 0.003153 hargrave 2024-04-10 18:15:07 
AF 460 341.0  45.8 358.4 -07.6 1.63E-06 003.0 240.5  36.9 0.007321 0.006125 0.001869 hargrave 2024-04-10 18:16:28 
AF 480 341.0  52.6 003.2 -02.8 1.65E-06 003.5 234.8  42.1 0.008218 0.006615 0.002664 hargrave 2024-04-10 18:17:49 
AF 500 332.3  56.6 002.9  03.6 1.53E-06 003.0 226.2  41.7 0.006960 0.005042 0.001572 hargrave 2024-04-10 18:19:10 
AF 520 007.5  40.7 011.8 -22.7 1.57E-06 002.9 264.4  45.5 0.006075 0.005754 0.001924 hargrave 2024-04-10 18:20:30 
AF 540 013.7  45.6 018.2 -19.6 1.05E-06 003.1 264.3  52.2 0.004245 0.003795 0.001359 hargrave 2024-04-10 18:21:51 
AF 560 347.6  68.6 016.4  06.9 1.10E-06 003.7 219.1  54.7 0.005600 0.004374 0.001312 hargrave 2024-04-10 18:23:12 
AF 580 333.2  72.1 015.5  12.8 1.13E-06 003.2 209.7  52.6 0.005204 0.003593 0.001469 hargrave 2024-04-10 18:24:33 
AF 600 032.2  69.0 031.4  02.0 1.02E-06 003.4 225.5  70.2 0.004736 0.003821 0.001399 hargrave 2024-04-10 18:25:54 
AF 650 301.0  68.3 007.7  21.3 1.02E-06 003.8 201.4  42.7 0.005086 0.004014 0.002745 hargrave 2024-04-10 18:27:15 
AF 700 047.9  72.0 036.2  05.7 6.80E-07 003.0 210.3  74.1 0.002832 0.002193 0.000576 hargrave 2024-04-10 18:28:36 
AF 750 015.9  61.0 023.7 -05.1 2.90E-07 009.1 242.1  62.1 0.003632 0.002644 0.001285 hargrave 2024-04-10 18:31:32 
AF 800 091.3  36.5 075.8 -07.7 6.11E-07 005.2 032.3  64.1 0.004233 0.003821 0.000893 hargrave 2024-04-10 18:32:53 
AF 850 046.1  70.5 036.0  04.1 8.85E-07 004.5 216.0  74.4 0.004922 0.004996 0.001056 hargrave 2024-04-10 18:34:14 
AF 900 092.7  46.4 068.4 -01.0 8.11E-07 006.4 046.5  72.6 0.006390 0.006503 0.001359 hargrave 2024-04-10 18:35:35 
AF 950 244.0  37.6 336.0  58.2 4.99E-07 004.7 171.7  08.0 0.004234 0.003584 0.001146 hargrave 2024-04-10 18:36:56 
AF1000 110.5  62.4 059.2  15.6 1.00E-06 003.6 113.6  72.7 0.004533 0.004330 0.002410 hargrave 2024-04-10 18:38:17 
