MF16- 70a mag compass orientation (IGRF corrected)
      0 165.1  32.0 301.0  67.0   1.0
NRM    358.6  69.1 019.9  05.0 8.33E-06 002.4 219.3  56.8 0.029829 0.018411 0.009054 hargrave 2024-04-11 19:44:58 
AF  10 000.1  68.6 020.2  04.3 7.93E-06 002.4 220.4  57.1 0.027882 0.017733 0.008817 hargrave 2024-04-11 19:46:18 
AF  20 003.5  68.2 021.1  03.4 7.52E-06 002.4 221.9  58.2 0.026399 0.017240 0.008418 hargrave 2024-04-11 19:47:38 
AF  30 004.0  68.6 021.4  03.7 7.11E-06 002.5 221.4  58.4 0.025497 0.016562 0.007970 hargrave 2024-04-11 19:48:58 
AF  40 006.0  68.4 022.0  03.2 6.79E-06 002.4 222.0  59.1 0.022793 0.015277 0.007703 hargrave 2024-04-11 19:50:19 
AF  50 006.4  69.3 022.5  04.0 6.39E-06 002.5 220.5  59.4 0.022926 0.014712 0.007136 hargrave 2024-04-11 19:51:39 
AF  60 006.9  68.9 022.5  03.5 6.23E-06 002.5 221.3  59.5 0.021865 0.014797 0.007018 hargrave 2024-04-11 19:52:59 
AF  70 010.2  67.6 023.2  01.9 5.85E-06 002.6 224.3  60.4 0.021437 0.014450 0.006936 hargrave 2024-04-11 19:54:19 
AF  80 013.0  68.0 024.3  01.9 5.46E-06 002.2 224.1  61.5 0.016533 0.011722 0.006468 hargrave 2024-04-11 19:55:40 
AF  90 021.8  68.5 027.6  01.7 4.86E-06 002.5 223.7  64.8 0.016492 0.011572 0.006128 hargrave 2024-04-11 19:57:01 
AF 100 025.7  65.4 028.8 -01.5 4.53E-06 002.5 231.4  66.2 0.015673 0.011049 0.006119 hargrave 2024-04-11 19:58:21 
AF 110 032.3  66.1 031.5 -00.9 4.38E-06 002.4 229.9  68.9 0.014510 0.010669 0.005643 hargrave 2024-04-11 19:59:41 
AF 120 026.0  68.9 029.2  02.0 4.13E-06 002.5 222.7  66.4 0.014482 0.009258 0.005495 hargrave 2024-04-11 20:01:01 
AF 130 018.7  65.1 025.9 -01.4 4.33E-06 002.6 231.0  63.2 0.015344 0.010269 0.006373 hargrave 2024-04-11 20:02:21 
AF 140 026.0  64.3 028.8 -02.6 3.81E-06 002.5 234.2  66.2 0.012677 0.009680 0.005594 hargrave 2024-04-11 20:03:41 
AF 150 028.5  66.5 030.0 -00.5 3.69E-06 002.4 228.9  67.3 0.011578 0.008995 0.005596 hargrave 2024-04-11 20:05:01 
AF 160 020.8  61.4 026.1 -05.2 3.55E-06 002.5 239.6  63.2 0.011874 0.008629 0.006024 hargrave 2024-04-11 20:06:21 
AF 170 025.7  57.2 028.1 -09.7 3.27E-06 002.4 250.3  64.1 0.010331 0.007383 0.005785 hargrave 2024-04-11 20:07:42 
AF 180 020.2  58.3 025.3 -08.2 3.28E-06 002.6 245.7  61.8 0.011134 0.008663 0.005757 hargrave 2024-04-11 20:09:02 
AF 190 024.0  57.6 027.2 -09.2 3.22E-06 002.5 248.8  63.4 0.010303 0.008012 0.006073 hargrave 2024-04-11 20:10:23 
AF 200 024.3  58.8 027.5 -08.0 3.07E-06 002.5 246.4  64.0 0.009728 0.007169 0.005547 hargrave 2024-04-11 20:11:43 
AF 220 034.5  60.6 032.7 -06.3 2.83E-06 002.3 245.4  69.5 0.008395 0.006719 0.004744 hargrave 2024-04-11 20:13:03 
AF 240 039.1  59.0 035.2 -07.7 2.56E-06 002.2 251.6  71.4 0.006512 0.006253 0.004283 hargrave 2024-04-11 20:14:23 
AF 260 026.0  65.6 028.9 -01.3 2.45E-06 002.2 231.0  66.3 0.007328 0.004491 0.004451 hargrave 2024-04-11 20:15:43 
AF 280 029.4  62.1 030.2 -04.9 2.31E-06 002.5 240.3  67.3 0.007547 0.005393 0.003878 hargrave 2024-04-11 20:17:03 
AF 300 005.8  62.2 019.5 -02.4 2.24E-06 002.9 233.0  56.9 0.008405 0.005795 0.005076 hargrave 2024-04-11 20:18:23 
AF 320 025.5  50.3 027.3 -16.5 2.01E-06 002.9 263.3  60.7 0.006590 0.006318 0.004856 hargrave 2024-04-11 20:19:44 
AF 340 022.0  57.3 026.1 -09.4 1.91E-06 002.6 248.5  62.3 0.006154 0.005724 0.002908 hargrave 2024-04-11 20:21:04 
AF 360 022.7  56.9 026.4 -09.8 1.83E-06 003.6 249.6  62.5 0.008434 0.006950 0.003769 hargrave 2024-04-11 20:22:25 
AF 380 016.1  48.8 020.8 -16.9 1.89E-06 003.3 258.8  54.9 0.007888 0.006642 0.004014 hargrave 2024-04-11 20:23:45 
AF 400 038.5  58.9 034.9 -07.9 1.62E-06 003.0 251.7  71.1 0.006469 0.004565 0.003528 hargrave 2024-04-11 20:25:05 
AF 420 043.1  35.4 042.5 -30.5 1.34E-06 003.4 303.0  59.0 0.004277 0.005440 0.004492 hargrave 2024-04-11 20:26:25 
AF 440 040.3  25.1 042.1 -41.1 1.60E-06 002.8 308.1  48.9 0.003200 0.005975 0.004112 hargrave 2024-04-11 20:27:45 
AF 460 036.8  47.8 035.1 -19.0 1.67E-06 002.9 277.4  65.2 0.005512 0.005334 0.003889 hargrave 2024-04-11 20:29:05 
AF 480 039.7  42.4 038.1 -24.1 1.74E-06 003.0 289.7  63.0 0.005315 0.006161 0.004761 hargrave 2024-04-11 20:30:25 
AF 500 041.6  31.2 042.0 -34.8 1.36E-06 002.9 304.9  54.8 0.004132 0.004297 0.004212 hargrave 2024-04-11 20:31:45 
AF 520 037.8  48.3 035.8 -18.5 1.12E-06 004.0 277.6  66.0 0.005155 0.004531 0.004430 hargrave 2024-04-11 20:33:05 
AF 540 036.6  51.7 034.6 -15.2 1.28E-06 003.8 269.4  67.3 0.005923 0.005271 0.003507 hargrave 2024-04-11 20:34:25 
AF 560 008.4  36.2 010.6 -27.1 1.26E-06 003.7 266.8  42.1 0.005341 0.003783 0.004773 hargrave 2024-04-11 20:35:46 
AF 580 052.4  42.7 047.7 -21.4 1.77E-06 002.9 307.2  69.1 0.005112 0.006529 0.003962 hargrave 2024-04-11 20:37:06 
AF 600 044.7  37.0 043.4 -28.6 8.58E-07 003.7 303.2  61.1 0.002510 0.003720 0.003934 hargrave 2024-04-11 20:38:26 
AF 650 026.6  38.0 027.1 -28.8 1.27E-06 002.1 281.1  53.1 0.002427 0.002487 0.003293 hargrave 2024-04-11 20:39:46 
AF 700 057.4  59.1 044.3 -05.1 1.29E-06 002.5 255.9  80.7 0.004450 0.003333 0.002134 hargrave 2024-04-11 20:41:07 
AF 750 100.2  33.7 082.2 -03.1 1.43E-06 001.5 045.8  60.4 0.002999 0.001998 0.001450 hargrave 2024-04-11 20:42:27 
AF 800 092.2  41.3 072.3 -04.3 1.66E-06 001.5 040.5  70.1 0.003114 0.002284 0.002943 hargrave 2024-04-11 20:43:47 
AF 850 074.9  43.7 061.8 -12.1 8.95E-07 001.4 359.3  75.7 0.001032 0.001376 0.003194 hargrave 2024-04-11 20:45:08 
AF 900 108.5  43.0 077.0  06.9 1.37E-06 001.2 068.7  64.4 0.002083 0.001132 0.002585 hargrave 2024-04-11 20:46:28 
AF 950 098.9  19.6 093.9 -11.3 1.41E-06 001.6 034.5  47.8 0.002268 0.001539 0.003807 hargrave 2024-04-11 20:47:50 
AF1000 125.1  16.3 107.4  09.9 1.77E-06 001.8 063.0  34.4 0.004216 0.002342 0.002698 hargrave 2024-04-11 20:49:11 
