MF16- 22a sun compass orientation
      0 180.8  38.0 301.0  67.0   1.0
NRM    345.9  77.1 021.6  13.6 1.48E-04 001.8 198.5  47.1 0.350494 0.274164 0.177101 hargrave 2024-03-24 12:16:43 
AF  10 344.3  76.5 020.9  13.4 1.34E-04 001.8 199.0  46.5 0.311195 0.241307 0.164043 hargrave 2024-03-24 12:18:04 
AF  20 345.4  76.4 021.0  13.2 1.21E-04 001.9 199.3  46.7 0.310497 0.243097 0.149398 hargrave 2024-03-24 12:19:24 
AF  30 345.3  76.2 020.9  13.1 1.10E-04 001.8 199.5  46.6 0.222831 0.237780 0.135576 hargrave 2024-03-24 12:20:45 
AF  40 346.8  76.2 021.2  12.8 9.95E-05 001.9 199.8  46.9 0.248898 0.183588 0.120680 hargrave 2024-03-24 12:22:05 
AF  50 341.4  76.3 020.3  13.8 8.95E-05 001.8 198.7  45.8 0.226782 0.133093 0.111610 hargrave 2024-03-24 12:23:26 
AF  60 341.8  75.9 020.1  13.5 8.12E-05 002.0 199.2  45.7 0.238867 0.150797 0.101989 hargrave 2024-03-24 12:24:47 
AF  70 340.1  75.5 019.5  13.5 7.27E-05 002.0 199.4  45.1 0.191997 0.154464 0.093768 hargrave 2024-03-24 12:26:07 
AF  80 345.1  77.3 021.7  13.9 6.47E-05 001.9 198.0  47.1 0.177408 0.113305 0.080660 hargrave 2024-03-24 12:27:29 
AF  90 346.6  76.7 021.5  13.3 5.84E-05 002.2 199.1  47.1 0.192616 0.120982 0.074430 hargrave 2024-03-24 12:28:50 
AF 100 343.2  76.6 020.8  13.7 5.29E-05 002.2 198.7  46.3 0.165641 0.115926 0.068726 hargrave 2024-03-24 12:30:14 
AF 110 342.4  79.2 022.6  15.7 4.83E-05 002.4 195.2  47.5 0.162652 0.115747 0.057783 hargrave 2024-03-24 12:31:34 
AF 120 353.8  76.6 022.8  12.2 4.28E-05 002.3 200.3  48.5 0.134891 0.094739 0.055954 hargrave 2024-03-24 12:32:59 
AF 130 335.4  76.3 019.3  14.8 3.81E-05 002.5 197.5  44.7 0.130036 0.099990 0.052962 hargrave 2024-03-24 12:34:19 
AF 140 340.4  79.4 022.5  16.1 3.57E-05 002.4 194.7  47.3 0.107186 0.100431 0.047565 hargrave 2024-03-24 12:35:40 
AF 150 337.2  81.3 023.7  17.7 3.29E-05 002.5 191.9  47.9 0.121299 0.087746 0.041545 hargrave 2024-03-24 12:37:00 
AF 160 327.4  78.8 020.5  17.7 3.09E-05 002.4 193.3  45.0 0.112995 0.080486 0.035852 hargrave 2024-03-24 12:38:21 
AF 170 347.0  84.9 027.3  19.3 3.16E-05 002.6 187.8  50.5 0.134109 0.068192 0.036279 hargrave 2024-03-24 12:39:41 
AF 180 327.6  83.4 024.7  19.9 3.37E-05 001.8 188.2  48.1 0.062481 0.076814 0.040910 hargrave 2024-03-24 12:41:06 
AF 190 072.2  87.8 032.5  21.3 2.84E-05 003.4 181.2  54.1 0.154594 0.091191 0.033591 hargrave 2024-03-24 12:42:27 
AF 200 274.2  85.1 026.2  25.1 2.67E-05 002.7 180.4  47.1 0.129542 0.049296 0.037797 hargrave 2024-03-24 12:43:47 
AF 220 310.1  83.7 024.3  21.9 2.89E-05 002.7 185.8  47.0 0.137007 0.058722 0.036504 hargrave 2024-03-24 12:45:08 
AF 240 231.6  80.1 026.9  32.3 2.96E-05 001.6 171.3  43.9 0.072100 0.026641 0.041031 hargrave 2024-03-24 12:46:28 
AF 260 243.8  76.9 022.5  33.8 2.24E-05 003.5 172.3  40.0 0.140277 0.074109 0.034536 hargrave 2024-03-24 12:47:49 
AF 280 023.0  83.6 030.1  16.6 1.99E-05 003.1 190.2  54.0 0.105668 0.048289 0.017503 hargrave 2024-03-24 12:49:09 
AF 300 186.5  83.2 034.2  29.1 1.58E-05 003.2 169.3  50.8 0.094938 0.035443 0.013684 hargrave 2024-03-24 12:50:30 
AF 320 291.8  80.3 020.5  24.2 1.96E-05 003.0 184.7  42.8 0.110037 0.044294 0.023827 hargrave 2024-03-24 12:51:50 
AF 340 152.9  71.8 049.1  31.5 1.87E-05 002.9 149.6  57.0 0.087142 0.048120 0.018069 hargrave 2024-03-24 12:53:12 
AF 360 101.2  80.7 040.2  19.6 2.04E-05 003.1 176.6  61.1 0.105307 0.045410 0.020568 hargrave 2024-03-24 12:54:32 
AF 380 047.0  77.2 034.6  10.6 1.68E-05 003.3 198.0  60.1 0.087150 0.044864 0.021785 hargrave 2024-03-24 12:55:53 
AF 400 047.8  71.2 036.4  04.9 1.46E-05 003.8 209.0  63.0 0.082820 0.050666 0.014252 hargrave 2024-03-24 12:57:13 
AF 420 031.1  67.3 031.0  00.3 1.85E-05 003.9 218.8  57.9 0.104119 0.077730 0.020306 hargrave 2024-03-24 12:58:34 
AF 440 025.4  70.0 029.1  03.1 1.35E-05 004.0 213.7  55.9 0.083888 0.050139 0.018224 hargrave 2024-03-24 12:59:54 
AF 460 087.0  67.2 050.0  09.2 1.14E-05 003.4 185.6  74.7 0.055534 0.041649 0.002836 hargrave 2024-03-24 13:01:15 
AF 480 079.8  69.2 046.7  08.6 1.66E-05 003.4 192.7  72.0 0.085217 0.051829 0.005404 hargrave 2024-03-24 13:02:35 
AF 500 019.4  60.5 025.3 -06.0 1.46E-05 004.5 228.6  51.5 0.093606 0.069962 0.027169 hargrave 2024-03-24 13:03:56 
AF 520 115.9  86.4 034.8  22.6 1.05E-05 003.7 177.4  55.2 0.068222 0.026918 0.016596 hargrave 2024-03-24 13:05:16 
AF 540 348.6  59.6 011.0 -00.4 9.91E-06 004.8 218.9  37.8 0.076266 0.050986 0.018683 hargrave 2024-03-24 13:06:37 
AF 560 288.4  81.7 022.1  24.5 3.31E-06 007.5 183.5  44.1 0.042884 0.027133 0.010161 hargrave 2024-03-24 13:07:58 
AF 580 045.1  68.6 036.1  02.1 1.24E-05 004.1 215.1  63.0 0.075865 0.054947 0.005303 hargrave 2024-03-24 13:09:19 
AF 600 232.3  68.9 020.8  42.3 3.10E-06 007.5 164.3  34.2 0.031715 0.022151 0.025408 hargrave 2024-03-24 13:10:39 
