MF16- 29b sun compass orientation
      0 205.1  56.0 301.0  67.0   1.0
NRM    345.8  71.4 017.8  09.4 2.39E-05 001.2 195.3  21.3 0.043477 0.017020 0.040964 hargrave 2024-04-12 19:37:31 
TT  55 001.1  65.1 018.9  01.1 2.33E-05 001.3 204.4  21.5 0.044974 0.018099 0.041988 hargrave 2024-04-15 10:29:16 
TT 100 357.2  63.8 016.8  00.8 2.02E-05 001.8 204.4  19.3 0.062421 0.012477 0.039445 hargrave 2024-04-15 12:57:42 
TT 125 352.3  61.9 013.9  00.4 1.82E-05 001.9 204.4  16.4 0.071008 0.031266 0.035089 hargrave 2024-04-15 15:39:38 
TT 150 346.9  61.6 011.6  01.7 1.53E-05 002.1 202.7  14.3 0.069307 0.015502 0.030212 hargrave 2024-04-15 18:57:47 
TT 200 345.9  58.8 009.5 -00.2 1.33E-05 002.1 204.3  11.9 0.060135 0.013451 0.026579 hargrave 2024-04-16 10:29:41 
TT 250 350.6  54.2 008.6 -05.3 8.11E-06 002.1 209.3  10.3 0.035489 0.007007 0.017491 hargrave 2024-04-16 12:48:17 
TT 300 324.2  71.4 013.3  14.7 3.17E-06 001.7 189.4  17.4 0.015731 0.004752 0.004792 hargrave 2024-04-16 15:44:44 
TT 325 313.4  19.5 323.7 -03.2 3.86E-06 001.6 200.8 -33.8 0.010396 0.007183 0.004766 hargrave 2024-04-16 18:49:35 
TT 350 317.0  56.3 358.1  10.6 3.02E-06 002.1 192.0  02.2 0.014687 0.004740 0.007574 hargrave 2024-04-17 11:14:24 
TT 375 291.1  10.3 306.8  13.1 2.38E-06 001.5 174.3 -45.5 0.008631 0.003630 0.005869 hargrave 2024-04-17 14:23:05 
