MF16- 36a sun compass orientation
      0 186.4  60.0 301.0  67.0   1.0
NRM    025.8  69.6 029.2  02.7 2.67E-05 002.7 203.6  34.7 0.120802 0.056805 0.043459 hargrave 2024-04-02 20:12:42 
AF  10 022.5  69.5 028.0  02.7 2.55E-05 002.6 203.8  33.6 0.113852 0.050552 0.042557 hargrave 2024-04-02 20:14:02 
AF  20 022.2  69.6 027.9  02.8 2.39E-05 002.7 203.7  33.4 0.109917 0.051914 0.040495 hargrave 2024-04-02 20:15:23 
AF  30 019.6  69.6 027.0  02.9 2.22E-05 002.8 203.8  32.5 0.103671 0.045859 0.039244 hargrave 2024-04-02 20:16:44 
AF  40 017.2  68.1 025.9  01.7 2.04E-05 002.9 205.4  31.6 0.099331 0.047958 0.036493 hargrave 2024-04-02 20:18:04 
AF  50 011.6  68.4 024.0  02.5 1.90E-05 003.0 205.0  29.6 0.094614 0.045565 0.034678 hargrave 2024-04-02 20:19:25 
AF  60 014.5  68.6 025.0  02.4 1.71E-05 003.1 204.9  30.7 0.088155 0.041953 0.032974 hargrave 2024-04-02 20:20:46 
AF  70 014.6  67.1 024.7  01.0 1.55E-05 003.2 206.6  30.6 0.082042 0.038292 0.030576 hargrave 2024-04-02 20:22:07 
AF  80 013.1  67.3 024.2  01.2 1.43E-05 003.3 206.3  30.0 0.078644 0.042201 0.029526 hargrave 2024-04-02 20:23:31 
AF  90 013.5  66.3 024.0  00.2 1.30E-05 003.3 207.5  30.0 0.072501 0.033607 0.027657 hargrave 2024-04-02 20:24:56 
AF 100 006.1  65.4 020.9  00.4 1.13E-05 003.5 207.9  26.9 0.066719 0.031210 0.024890 hargrave 2024-04-02 20:26:20 
AF 110 359.0  61.6 016.4 -01.6 1.04E-05 003.7 210.7  22.8 0.064008 0.029710 0.024362 hargrave 2024-04-02 20:27:40 
AF 120 000.5  61.9 017.2 -01.6 9.38E-06 003.7 210.7  23.5 0.058580 0.026153 0.021733 hargrave 2024-04-02 20:29:05 
AF 130 005.3  60.4 018.6 -04.0 8.47E-06 003.8 213.1  25.3 0.053488 0.024868 0.019327 hargrave 2024-04-02 20:30:29 
AF 140 357.9  56.1 013.1 -06.1 7.85E-06 004.1 216.0  20.1 0.050935 0.025405 0.019852 hargrave 2024-04-02 20:31:50 
AF 150 350.7  54.0 008.5 -05.5 8.21E-06 003.7 215.9  15.5 0.048615 0.026356 0.020753 hargrave 2024-04-02 20:33:11 
AF 160 353.8  55.3 010.7 -05.5 7.68E-06 004.0 215.7  17.6 0.049920 0.024916 0.019067 hargrave 2024-04-02 20:34:36 
AF 170 353.9  58.2 012.4 -03.2 7.50E-06 004.0 213.0  19.0 0.049003 0.024387 0.018457 hargrave 2024-04-02 20:36:00 
AF 180 348.7  58.7 010.5 -01.1 6.89E-06 004.1 211.2  16.9 0.047473 0.022044 0.017898 hargrave 2024-04-02 20:37:20 
AF 190 354.6  58.9 013.1 -02.7 5.32E-06 004.2 212.5  19.7 0.037070 0.016929 0.013433 hargrave 2024-04-02 20:38:44 
AF 200 005.5  67.9 021.7  02.8 4.63E-06 003.9 205.0  27.3 0.033062 0.011779 0.011407 hargrave 2024-04-02 20:40:05 
AF 220 004.7  63.5 019.6 -01.1 3.59E-06 003.9 209.8  25.9 0.024494 0.009954 0.007973 hargrave 2024-04-02 20:41:26 
AF 240 011.6  58.1 020.8 -07.3 4.39E-06 004.2 216.5  27.8 0.029506 0.013841 0.010222 hargrave 2024-04-02 20:42:46 
AF 260 004.3  47.4 012.6 -15.6 3.21E-06 004.3 226.2  20.3 0.019285 0.010900 0.009798 hargrave 2024-04-02 20:44:11 
AF 280 344.5  58.5 008.7  00.1 3.21E-06 004.1 210.1  14.9 0.023676 0.010033 0.008118 hargrave 2024-04-02 20:45:35 
AF 300 058.4  56.8 045.7 -06.9 3.17E-06 003.1 213.5  52.3 0.016188 0.006436 0.004360 hargrave 2024-04-02 20:46:55 
AF 320 031.7  32.3 031.8 -34.7 3.68E-06 003.3 249.8  35.5 0.013678 0.015582 0.009047 hargrave 2024-04-02 20:48:16 
AF 340 044.4  40.8 042.2 -25.0 2.93E-06 003.2 240.8  46.9 0.012308 0.008654 0.006979 hargrave 2024-04-02 20:49:36 
AF 360 008.7  26.1 005.9 -36.4 2.52E-06 003.8 248.0  14.5 0.010425 0.009722 0.010444 hargrave 2024-04-02 20:50:56 
AF 380 058.8  41.4 053.0 -20.6 2.72E-06 002.5 239.0  57.7 0.008691 0.006307 0.006897 hargrave 2024-04-02 20:52:16 
AF 400 040.3  69.1 034.3  02.3 3.20E-06 003.4 202.7  39.8 0.020087 0.007206 0.004515 hargrave 2024-04-02 20:53:37 
AF 420 022.1  47.4 024.7 -19.1 2.94E-06 003.9 230.0  31.8 0.016702 0.010105 0.005570 hargrave 2024-04-02 20:54:57 
AF 440 039.9  38.0 039.0 -28.4 1.90E-06 003.5 244.3  43.2 0.008516 0.005717 0.006003 hargrave 2024-04-02 20:56:18 
AF 460 038.2  43.1 036.7 -23.6 2.78E-06 003.4 237.3  42.4 0.012723 0.009447 0.004040 hargrave 2024-04-02 20:57:38 
AF 480 032.3  38.6 032.2 -28.4 3.11E-06 003.4 242.3  37.4 0.013454 0.015240 0.003829 hargrave 2024-04-02 20:58:59 
AF 500 062.4 -05.8 096.3 -55.2 2.03E-06 003.1 312.0  41.6 0.007447 0.007345 0.003337 hargrave 2024-04-02 21:00:20 
AF 520 060.6 -03.0 090.4 -55.0 3.05E-06 003.2 307.6  42.5 0.010740 0.012134 0.005085 hargrave 2024-04-02 21:01:40 
AF 540 016.4  43.9 019.7 -21.8 2.77E-06 003.8 232.8  27.1 0.014511 0.010968 0.003704 hargrave 2024-04-02 21:03:01 
AF 560 060.4 -00.9 087.4 -53.9 3.02E-06 002.9 305.4  43.9 0.010462 0.010847 0.004270 hargrave 2024-04-02 21:04:21 
AF 580 070.1  53.7 053.1 -06.2 2.47E-06 003.4 211.3  59.6 0.014562 0.005951 0.003252 hargrave 2024-04-02 21:05:41 
AF 600 023.1  35.4 023.5 -31.1 2.60E-06 003.6 243.8  29.5 0.011866 0.011775 0.005232 hargrave 2024-04-02 21:07:02 
AF 650 061.8  01.6 085.8 -51.2 2.15E-06 002.5 304.3  46.6 0.006538 0.006391 0.002428 hargrave 2024-04-02 21:08:22 
AF 700 088.9  39.1 072.6 -07.6 2.81E-06 002.0 212.0  79.0 0.008855 0.003792 0.004359 hargrave 2024-04-02 21:09:42 
AF 750 103.6  57.0 062.8  10.3 3.07E-06 002.3 171.5  62.5 0.012643 0.002979 0.002942 hargrave 2024-04-02 21:11:03 
AF 800 064.3  63.2 045.3  00.1 2.53E-06 003.3 202.3  51.0 0.014132 0.004181 0.005538 hargrave 2024-04-02 21:12:24 
AF 850 083.2  06.2 097.8 -31.3 1.58E-06 002.9 329.8  63.1 0.005754 0.005878 0.002431 hargrave 2024-04-02 21:13:45 
AF 900 049.2  49.3 043.2 -15.9 1.70E-06 003.5 227.7  49.7 0.008251 0.005204 0.004360 hargrave 2024-04-02 21:15:06 
AF 950 047.6  13.5 056.7 -50.1 1.79E-06 002.9 279.2  42.2 0.005581 0.008999 0.003553 hargrave 2024-04-02 21:16:27 
AF1000 007.3  58.8 018.9 -05.9 3.14E-06 004.1 215.1  25.8 0.022741 0.009762 0.005741 hargrave 2024-04-02 21:17:49 
