MF16- 41a sun compass orientation
      0 176.3  60.0 301.0  67.0   1.0
NRM    012.0  51.0 018.8 -14.1 1.36E-05 003.8 225.9  32.4 0.079497 0.050665 0.025394 hargrave 2024-04-03 20:33:13 
AF  10 011.3  50.2 018.1 -14.7 1.25E-05 003.9 226.7  31.9 0.073266 0.049292 0.023328 hargrave 2024-04-03 20:34:34 
AF  20 011.4  49.0 017.8 -15.9 1.15E-05 003.9 228.1  31.7 0.067975 0.047312 0.021847 hargrave 2024-04-03 20:35:54 
AF  30 012.2  46.4 017.4 -18.6 1.07E-05 004.0 231.2  31.7 0.061723 0.047003 0.020765 hargrave 2024-04-03 20:37:15 
AF  40 013.9  46.5 018.6 -18.8 9.84E-06 004.0 231.3  32.9 0.057169 0.042955 0.019585 hargrave 2024-04-03 20:38:36 
AF  50 013.2  45.0 017.7 -20.1 9.21E-06 004.0 233.0  32.1 0.052300 0.040358 0.019053 hargrave 2024-04-03 20:39:56 
AF  60 014.5  42.3 017.8 -22.9 8.96E-06 004.0 236.3  32.4 0.049250 0.043217 0.017912 hargrave 2024-04-03 20:41:16 
AF  70 014.9  42.7 018.3 -22.6 8.33E-06 004.0 235.9  32.9 0.045963 0.039141 0.017124 hargrave 2024-04-03 20:42:37 
AF  80 016.8  40.5 019.1 -25.2 7.75E-06 003.9 239.0  33.7 0.040467 0.037720 0.015166 hargrave 2024-04-03 20:43:57 
AF  90 012.4  39.0 015.1 -25.6 7.38E-06 003.9 239.7  30.1 0.038902 0.036275 0.014549 hargrave 2024-04-03 20:45:18 
AF 100 013.9  42.8 017.5 -22.3 7.06E-06 004.1 235.7  32.1 0.039192 0.034456 0.013986 hargrave 2024-04-03 20:46:38 
AF 110 015.0  39.0 017.2 -26.3 6.54E-06 004.0 240.3  32.1 0.034432 0.033620 0.013278 hargrave 2024-04-03 20:47:58 
AF 120 022.4  39.3 023.5 -27.2 6.25E-06 003.8 241.5  37.7 0.029652 0.033209 0.011121 hargrave 2024-04-03 20:49:18 
AF 130 017.0  36.1 018.0 -29.5 5.91E-06 003.8 244.1  32.8 0.027952 0.030803 0.011159 hargrave 2024-04-03 20:50:39 
AF 140 022.0  34.5 022.3 -31.9 5.98E-06 003.7 247.3  36.4 0.027425 0.032171 0.010503 hargrave 2024-04-03 20:51:59 
AF 150 015.0  35.0 015.9 -30.1 6.09E-06 003.8 244.8  31.0 0.029371 0.032010 0.012085 hargrave 2024-04-03 20:53:19 
AF 160 017.1  34.7 017.7 -30.8 5.96E-06 003.8 245.7  32.5 0.028244 0.031782 0.011892 hargrave 2024-04-03 20:54:40 
AF 170 017.2  29.7 016.3 -35.6 5.99E-06 003.5 251.3  31.1 0.024794 0.033043 0.010901 hargrave 2024-04-03 20:56:00 
AF 180 018.2  28.4 016.9 -37.2 5.20E-06 003.5 253.1  31.5 0.020806 0.029946 0.010446 hargrave 2024-04-03 20:57:20 
AF 190 018.1  26.6 016.1 -38.8 4.65E-06 003.4 255.0  30.7 0.017774 0.026252 0.009877 hargrave 2024-04-03 20:58:41 
AF 200 018.7  30.8 018.1 -34.9 4.67E-06 003.5 250.5  32.7 0.018891 0.025927 0.008945 hargrave 2024-04-03 21:00:01 
AF 220 020.0  25.4 017.9 -40.4 5.08E-06 003.2 257.0  31.9 0.017469 0.027732 0.010162 hargrave 2024-04-03 21:01:21 
AF 240 019.2  24.2 016.6 -41.4 4.40E-06 003.4 258.1  30.8 0.016783 0.026221 0.007601 hargrave 2024-04-03 21:02:43 
AF 260 021.0  34.0 021.2 -32.2 4.53E-06 003.8 247.6  35.5 0.019496 0.024440 0.010000 hargrave 2024-04-03 21:04:03 
AF 280 007.1  26.6 004.7 -35.3 3.94E-06 003.3 250.9  21.7 0.014564 0.021277 0.008533 hargrave 2024-04-03 21:05:23 
AF 300 013.1  39.1 015.6 -25.7 4.22E-06 003.9 239.7  30.6 0.020115 0.021272 0.009566 hargrave 2024-04-03 21:06:43 
AF 320 021.8  34.9 022.2 -31.5 3.26E-06 003.5 246.7  36.3 0.012521 0.016451 0.007874 hargrave 2024-04-03 21:08:04 
AF 340 026.6  43.7 027.5 -23.2 3.23E-06 003.8 236.3  41.4 0.013932 0.015069 0.008840 hargrave 2024-04-03 21:09:24 
AF 360 022.0  28.1 020.9 -38.2 2.91E-06 003.3 254.7  34.5 0.009570 0.015329 0.006824 hargrave 2024-04-03 21:10:45 
AF 380 006.6  25.8 003.8 -35.8 2.54E-06 003.3 251.5  20.9 0.007927 0.013261 0.007979 hargrave 2024-04-03 21:12:05 
AF 400 356.1  61.6 015.2 -00.9 1.93E-06 004.0 212.0  26.0 0.013337 0.007622 0.003817 hargrave 2024-04-03 21:13:25 
AF 420 013.3  40.9 016.4 -24.0 4.17E-06 004.0 237.7  31.3 0.019805 0.021862 0.009818 hargrave 2024-04-03 21:14:46 
AF 440 024.4  25.6 023.1 -41.0 2.76E-06 003.3 258.5  35.7 0.011050 0.015971 0.002107 hargrave 2024-04-03 21:16:07 
AF 460 028.9  25.1 028.4 -41.9 2.19E-06 003.7 260.8  39.4 0.009724 0.013121 0.002641 hargrave 2024-04-03 21:17:27 
AF 480 023.4  25.8 022.0 -40.7 1.56E-06 003.2 257.9  35.0 0.006442 0.008647 0.001314 hargrave 2024-04-03 21:18:47 
AF 500 030.8  30.9 030.8 -36.1 2.62E-06 003.5 254.0  42.7 0.010099 0.014607 0.004159 hargrave 2024-04-03 21:20:07 
AF 520 019.3  29.1 018.2 -36.7 3.48E-06 003.4 252.7  32.6 0.014017 0.019669 0.004680 hargrave 2024-04-03 21:21:27 
AF 540 357.5  01.1 332.9 -49.5 2.21E-06 001.9 269.6  01.6 0.005934 0.013077 0.003395 hargrave 2024-04-03 21:22:47 
AF 560 025.6  32.9 025.5 -33.9 3.34E-06 003.3 250.1  38.8 0.012356 0.017751 0.004522 hargrave 2024-04-03 21:24:07 
AF 580 037.9  52.2 035.3 -14.6 2.26E-06 003.6 223.7  48.4 0.010568 0.009500 0.003563 hargrave 2024-04-03 21:25:28 
AF 600 012.1  34.3 013.0 -29.9 2.43E-06 003.6 244.7  28.4 0.008451 0.011920 0.008123 hargrave 2024-04-03 21:26:48 
AF 650 062.3  37.1 057.8 -23.1 2.26E-06 003.0 244.1  68.8 0.007581 0.008372 0.005365 hargrave 2024-04-03 21:28:08 
AF 700 035.6  11.5 038.9 -55.2 1.64E-06 003.1 280.3  39.6 0.005489 0.009542 0.002170 hargrave 2024-04-03 21:29:28 
AF 750 056.4  32.2 055.7 -29.7 1.20E-06 003.6 257.2  64.4 0.004566 0.007178 0.001144 hargrave 2024-04-03 21:30:48 
AF 800 006.4  05.6 347.9 -52.6 1.80E-06 001.8 270.1  11.5 0.004162 0.010871 0.002594 hargrave 2024-04-03 21:32:09 
AF 850 029.3  10.7 028.0 -56.3 1.06E-06 002.5 277.4  33.8 0.002865 0.005407 0.001736 hargrave 2024-04-03 21:33:29 
AF 900 015.8  29.1 014.6 -35.9 1.80E-06 002.5 251.5  29.8 0.005339 0.008739 0.000619 hargrave 2024-04-03 21:34:50 
AF 950 316.4  16.2 322.0 -07.2 1.15E-06 003.9 233.3 -23.2 0.005959 0.004901 0.002825 hargrave 2024-04-03 21:36:10 
AF1000 309.8 -30.1 275.4 -18.5 1.07E-06 002.9 281.4 -52.6 0.001947 0.004452 0.003401 hargrave 2024-04-03 21:37:31 
