MF16- 41b sun compass orientation
      0 176.3  60.0 301.0  67.0   1.0
NRM    020.8  75.0 028.3  08.2 1.46E-05 002.1 196.8  35.2 0.056167 0.019786 0.019056 hargrave 2024-04-12 19:57:49 
TT  55 022.1  70.0 028.0  03.3 1.21E-05 002.0 202.6  36.8 0.042427 0.015172 0.016067 hargrave 2024-04-15 10:48:17 
TT 100 039.0  75.9 033.0  09.1 7.09E-06 001.8 193.3  38.9 0.023446 0.009480 0.006342 hargrave 2024-04-15 13:19:06 
TT 125 129.2  84.7 036.7  23.7 6.62E-06 001.4 175.6  33.8 0.021943 0.008212 0.003258 hargrave 2024-04-15 16:00:20 
TT 150 123.9  84.4 037.1  23.2 5.48E-06 001.3 175.9  34.4 0.017857 0.007081 0.000867 hargrave 2024-04-15 19:16:48 
TT 200 126.4  79.0 042.9  23.6 5.04E-06 001.2 171.0  38.1 0.014351 0.006268 0.002472 hargrave 2024-04-16 10:50:22 
TT 250 121.8  83.2 038.3  22.9 5.10E-06 001.5 175.2  35.4 0.015007 0.006298 0.004804 hargrave 2024-04-16 13:09:35 
TT 300 351.8  28.0 352.4 -26.5 3.88E-06 002.4 243.4  10.0 0.013318 0.004424 0.010770 hargrave 2024-04-16 16:05:19 
TT 325 334.8  00.1 315.8 -30.7 2.32E-06 002.9 258.7 -18.5 0.007146 0.005036 0.011159 hargrave 2024-04-16 19:07:33 
TT 350 347.3  60.9 011.3  01.0 1.98E-06 002.2 211.2  21.8 0.008340 0.001804 0.003056 hargrave 2024-04-17 11:36:32 
TT 375 009.0  51.6 017.2 -12.9 1.49E-06 002.5 224.8  30.7 0.005262 0.003756 0.004219 hargrave 2024-04-17 14:41:57 
TT 400 209.7  78.6 031.3  34.4 3.74E-06 002.1 169.6  23.3 0.009305 0.004006 0.011107 hargrave 2024-04-18 11:31:06 
TT 420 119.9  37.4 085.6  12.9 2.80E-06 001.9 113.9  61.2 0.005699 0.006868 0.002445 hargrave 2024-04-18 15:25:02 
TT 430 166.6  25.2 108.6  49.6 3.51E-06 001.9 108.2  20.2 0.008558 0.004541 0.007528 hargrave 2024-04-19 09:55:44 
