MF16- 49b sun compass orientation
      0 159.2  23.0 301.0  67.0   1.0
NRM    290.3  79.7 019.8  24.5 9.26E-06 002.1 193.0  58.5 0.030825 0.019352 0.005485 hargrave 2024-04-12 20:10:10 
TT  50 305.0  77.1 017.2  21.5 8.21E-06 002.1 200.4  58.1 0.026749 0.016677 0.003947 hargrave 2024-04-15 11:07:41 
TT 100 270.6  74.8 015.8  29.9 5.48E-06 001.9 189.0  52.4 0.017846 0.008867 0.002916 hargrave 2024-04-15 13:58:49 
TT 125 268.2  68.1 009.0  33.3 3.95E-06 001.8 190.0  45.8 0.012682 0.005952 0.002726 hargrave 2024-04-15 17:10:24 
TT 150 282.5  69.7 009.2  27.9 3.38E-06 001.8 196.7  48.6 0.010334 0.005004 0.002877 hargrave 2024-04-15 19:46:14 
TT 200 248.2  52.2 356.4  49.3 2.71E-06 001.2 179.3  29.2 0.007648 0.002587 0.002561 hargrave 2024-04-16 11:16:35 
TT 250 292.5  65.8 004.6  24.4 2.20E-06 001.6 204.0  46.3 0.005477 0.004004 0.002612 hargrave 2024-04-16 13:44:00 
TT 300 044.4 -19.3 107.0 -77.0 1.33E-06 002.1 336.6  01.7 0.003320 0.003517 0.004032 hargrave 2024-04-16 16:50:08 
TT 325 247.6  24.4 310.9  56.6 8.23E-07 002.4 178.5  01.4 0.002724 0.003109 0.001659 hargrave 2024-04-17 09:12:50 
TT 350 243.5 -55.3 228.9  06.9 7.05E-07 006.0 164.2 -78.0 0.004782 0.005508 0.001710 hargrave 2024-04-17 12:19:35 
