MF16- 56a sun compass orientation
      0 145.4  34.0 301.0  67.0   1.0
NRM    101.7  78.3 042.7  18.7 7.44E-06 002.6 161.2  62.9 0.029675 0.018901 0.002185 hargrave 2024-04-08 18:06:32 
AF  10 099.2  77.3 043.3  17.8 7.06E-06 002.7 159.9  63.8 0.028029 0.019721 0.002747 hargrave 2024-04-09 09:19:53 
AF  20 101.0  76.0 044.8  17.6 6.71E-06 002.6 156.7  64.0 0.026241 0.016906 0.002732 hargrave 2024-04-09 09:29:17 
AF  30 103.1  75.6 045.4  17.9 6.19E-06 002.4 155.5  63.7 0.023544 0.012526 0.001710 hargrave 2024-04-09 17:13:35 
AF  40 108.0  75.8 045.7  19.1 6.03E-06 002.3 155.0  62.5 0.023041 0.011170 0.001661 hargrave 2024-04-09 17:14:59 
AF  50 108.5  74.5 047.0  18.9 5.59E-06 002.2 152.2  62.7 0.020273 0.010800 0.001620 hargrave 2024-04-09 17:16:23 
AF  60 107.5  72.0 049.4  17.8 5.41E-06 002.3 147.0  63.4 0.018911 0.012197 0.001815 hargrave 2024-04-09 17:17:44 
AF  70 106.5  68.6 052.6  16.2 5.17E-06 002.2 139.3  64.2 0.016108 0.012643 0.001838 hargrave 2024-04-09 17:19:04 
AF  80 107.3  67.5 053.7  16.1 4.81E-06 002.1 136.9  63.9 0.014246 0.012040 0.001986 hargrave 2024-04-09 17:20:24 
AF  90 110.1  66.9 054.7  16.9 4.74E-06 002.1 135.6  62.8 0.013540 0.012383 0.002595 hargrave 2024-04-09 17:21:45 
AF 100 110.0  64.8 056.8  16.2 4.75E-06 002.1 131.0  62.6 0.012947 0.012992 0.002390 hargrave 2024-04-09 17:23:09 
AF 110 106.8  62.7 058.3  14.1 4.45E-06 002.2 125.9  63.7 0.011479 0.013661 0.003482 hargrave 2024-04-09 17:24:31 
AF 120 106.9  62.4 058.6  14.0 4.01E-06 002.2 125.2  63.6 0.010203 0.012039 0.003256 hargrave 2024-04-09 17:25:51 
AF 130 105.9  60.1 060.5  12.7 3.91E-06 002.1 120.0  63.6 0.009040 0.011945 0.002870 hargrave 2024-04-09 17:27:12 
AF 140 110.3  61.2 060.4  15.1 3.59E-06 002.1 123.5  61.8 0.007938 0.010436 0.004129 hargrave 2024-04-09 17:28:32 
AF 150 111.2  61.0 060.7  15.4 4.04E-06 002.0 123.2  61.3 0.009005 0.011431 0.004147 hargrave 2024-04-09 17:29:53 
AF 160 109.3  56.5 064.6  12.9 3.70E-06 001.9 113.9  60.8 0.006357 0.011187 0.003499 hargrave 2024-04-09 17:31:13 
AF 170 112.6  59.0 062.9  15.4 3.73E-06 002.0 119.8  60.1 0.007651 0.010828 0.003525 hargrave 2024-04-09 17:32:34 
AF 180 125.1  54.7 069.1  20.9 3.81E-06 002.1 118.2  52.1 0.007003 0.012210 0.004678 hargrave 2024-04-09 17:33:55 
AF 190 132.2  51.7 072.9  24.6 3.21E-06 002.1 118.1  46.9 0.006004 0.010807 0.005215 hargrave 2024-04-09 17:35:15 
AF 200 121.7  49.5 074.0  17.7 3.01E-06 002.1 109.3  50.9 0.004949 0.010530 0.005229 hargrave 2024-04-09 17:36:36 
AF 220 123.5  50.7 073.0  19.1 2.85E-06 002.3 112.0  50.7 0.005531 0.009871 0.005127 hargrave 2024-04-09 17:37:56 
AF 240 126.6  47.4 076.9  20.4 2.74E-06 002.3 109.8  47.1 0.004430 0.010230 0.006018 hargrave 2024-04-09 17:39:17 
AF 260 142.7  52.3 072.5  31.1 2.51E-06 002.5 124.5  42.3 0.006730 0.007937 0.005811 hargrave 2024-04-09 17:40:38 
AF 280 121.5  51.7 071.7  18.1 2.49E-06 001.9 112.1  52.3 0.003889 0.007765 0.003843 hargrave 2024-04-09 17:41:58 
AF 300 134.7  56.0 068.3  26.5 1.73E-06 002.4 124.5  48.2 0.004992 0.005042 0.003982 hargrave 2024-04-09 17:43:19 
AF 320 127.2  50.1 074.2  21.3 1.86E-06 002.2 113.3  48.4 0.003738 0.005952 0.003925 hargrave 2024-04-09 17:44:39 
AF 340 129.4  39.9 085.2  20.7 2.27E-06 002.3 104.0  40.6 0.003838 0.009042 0.005152 hargrave 2024-04-09 17:46:00 
AF 360 144.1  39.2 088.1  31.8 2.36E-06 002.1 113.6  32.2 0.004348 0.009338 0.004649 hargrave 2024-04-09 17:47:20 
AF 380 126.3  40.3 084.2  18.5 2.72E-06 002.0 102.1  42.5 0.004436 0.010975 0.003827 hargrave 2024-04-09 17:48:41 
AF 400 133.2  42.6 083.0  24.1 2.09E-06 002.1 109.1  40.4 0.004089 0.007773 0.004686 hargrave 2024-04-09 17:50:02 
AF 420 119.9  29.9 092.8  10.3 2.10E-06 002.2 087.7  38.4 0.004804 0.008912 0.005735 hargrave 2024-04-09 17:51:23 
AF 440 118.9  36.0 086.7  11.7 2.46E-06 001.7 092.3  43.5 0.003348 0.009956 0.003845 hargrave 2024-04-09 17:52:44 
AF 460 121.8  42.0 081.5  15.8 2.01E-06 001.9 100.7  46.1 0.002955 0.006929 0.004025 hargrave 2024-04-09 17:54:04 
AF 480 115.9  48.3 074.0  13.7 1.71E-06 001.7 104.1  53.4 0.002766 0.005208 0.003283 hargrave 2024-04-09 17:55:25 
AF 500 125.5  37.3 087.1  17.1 2.02E-06 001.7 098.7  40.8 0.003280 0.007706 0.004208 hargrave 2024-04-09 17:56:45 
AF 520 126.1  25.2 099.2  13.9 1.79E-06 001.7 089.3  31.4 0.003459 0.008005 0.004285 hargrave 2024-04-09 17:58:06 
AF 540 118.8  21.5 100.3  06.3 1.94E-06 002.3 080.4  32.4 0.005596 0.008330 0.003778 hargrave 2024-04-09 17:59:26 
AF 560 141.8  39.6 087.3  30.0 1.60E-06 002.1 112.3  33.8 0.003462 0.005708 0.003293 hargrave 2024-04-09 18:00:47 
AF 580 129.7  21.3 104.1  15.7 1.60E-06 001.7 089.6  26.3 0.004362 0.007019 0.002117 hargrave 2024-04-09 18:02:08 
AF 600 123.0  34.8 089.0  14.4 1.40E-06 001.3 094.5  40.4 0.001899 0.005662 0.002234 hargrave 2024-04-09 18:03:28 
AF 650 123.3  21.1 102.3  10.1 1.69E-06 001.8 084.1  29.6 0.004189 0.007778 0.002569 hargrave 2024-04-09 18:04:50 
AF 700 148.0  10.0 122.0  28.7 1.45E-06 002.2 097.8  06.8 0.004026 0.006968 0.003606 hargrave 2024-04-09 18:06:11 
AF 750 129.0  40.3 084.7  20.5 1.71E-06 001.9 104.1  41.1 0.003201 0.006858 0.003062 hargrave 2024-04-09 18:07:32 
AF 800 142.3 -04.5 134.0  17.6 1.54E-06 001.8 084.9 -02.0 0.004627 0.007928 0.001793 hargrave 2024-04-09 18:08:53 
AF 850 133.5  17.3 109.3  17.9 1.28E-06 001.7 090.2  20.9 0.003339 0.006196 0.002310 hargrave 2024-04-09 18:10:14 
AF 900 133.1  02.8 123.2  12.2 1.29E-06 001.9 081.3  09.1 0.003515 0.006595 0.000770 hargrave 2024-04-09 18:11:35 
AF 950 169.5 -08.3 153.8  38.8 1.21E-06 003.7 105.8 -20.2 0.005314 0.006082 0.003624 hargrave 2024-04-09 18:12:56 
AF1000 150.7 -09.4 142.7  22.8 1.31E-06 003.1 089.1 -10.7 0.005205 0.005949 0.004578 hargrave 2024-04-09 18:14:18 
