MF16- 61a sun compass orientation
      0 167.9  24.0 301.0  67.0   1.0
NRM    359.7  67.7 019.6  03.6 9.55E-06 003.4 230.6  61.2 0.044246 0.036014 0.008364 hargrave 2024-04-09 22:41:00 
AF  10 358.0  67.1 018.7  03.4 9.16E-06 003.4 230.8  60.4 0.042360 0.035004 0.008264 hargrave 2024-04-09 22:42:20 
AF  20 357.0  67.1 018.4  03.6 8.75E-06 003.4 230.4  60.0 0.040401 0.033259 0.007838 hargrave 2024-04-09 22:43:40 
AF  30 358.1  67.1 018.8  03.4 8.38E-06 003.3 230.8  60.4 0.037884 0.031594 0.007455 hargrave 2024-04-09 22:45:01 
AF  40 358.9  66.6 018.8  02.8 8.11E-06 003.3 232.0  60.4 0.036212 0.030557 0.007498 hargrave 2024-04-09 22:46:21 
AF  50 357.7  66.5 018.3  02.9 7.70E-06 003.3 231.7  59.9 0.034404 0.028841 0.006854 hargrave 2024-04-09 22:47:43 
AF  60 357.7  65.8 018.0  02.3 7.28E-06 003.3 232.8  59.5 0.032367 0.027753 0.006518 hargrave 2024-04-09 22:49:03 
AF  70 358.7  66.3 018.6  02.5 6.78E-06 003.3 232.5  60.1 0.030193 0.025586 0.006561 hargrave 2024-04-09 22:50:23 
AF  80 000.8  64.8 018.6  00.8 6.52E-06 003.3 236.0  59.9 0.028079 0.025095 0.006721 hargrave 2024-04-09 22:51:43 
AF  90 359.7  66.2 018.9  02.3 6.04E-06 003.2 233.1  60.4 0.026076 0.021996 0.006393 hargrave 2024-04-09 22:53:03 
AF 100 358.2  65.2 017.9  01.8 5.99E-06 003.3 233.8  59.3 0.026008 0.022340 0.006213 hargrave 2024-04-09 22:54:24 
AF 110 355.9  66.0 017.4  02.9 5.59E-06 003.3 231.5  59.0 0.025088 0.020904 0.005390 hargrave 2024-04-09 22:55:44 
AF 120 358.7  62.7 016.8 -00.6 5.36E-06 003.3 237.9  57.8 0.022338 0.021225 0.005647 hargrave 2024-04-09 22:57:04 
AF 130 357.9  62.1 016.2 -00.9 5.17E-06 003.2 238.3  57.2 0.021045 0.020065 0.005690 hargrave 2024-04-09 22:58:24 
AF 140 352.7  61.5 013.8 -00.0 4.66E-06 003.3 235.9  55.0 0.019804 0.018836 0.004855 hargrave 2024-04-09 22:59:44 
AF 150 002.3  60.9 017.5 -02.9 4.86E-06 003.1 242.5  58.0 0.018024 0.020178 0.004728 hargrave 2024-04-09 23:01:05 
AF 160 356.1  59.0 013.8 -03.1 4.44E-06 003.2 241.1  54.4 0.017347 0.018585 0.004608 hargrave 2024-04-09 23:02:25 
AF 170 001.9  58.9 016.4 -04.7 4.11E-06 003.2 245.0  56.4 0.015597 0.017650 0.003854 hargrave 2024-04-09 23:03:45 
AF 180 356.4  58.0 013.4 -04.0 3.90E-06 003.2 242.4  53.7 0.014992 0.016162 0.003916 hargrave 2024-04-09 23:05:05 
AF 190 003.3  58.7 017.0 -05.1 3.96E-06 003.1 246.1  56.8 0.014901 0.016363 0.003952 hargrave 2024-04-09 23:06:24 
AF 200 353.1  60.1 013.2 -01.3 4.06E-06 003.2 237.9  54.1 0.016375 0.016337 0.003714 hargrave 2024-04-09 23:07:44 
AF 220 356.1  62.6 015.7 -00.1 4.03E-06 003.2 236.6  56.9 0.016080 0.015689 0.004057 hargrave 2024-04-09 23:09:04 
AF 240 346.6  67.4 015.3  06.2 4.19E-06 003.1 225.0  57.1 0.017717 0.014975 0.003209 hargrave 2024-04-09 23:10:24 
AF 260 353.3  60.7 013.6 -00.9 3.80E-06 003.2 237.4  54.6 0.015554 0.015879 0.002504 hargrave 2024-04-09 23:11:43 
AF 280 356.2  52.7 010.5 -08.5 3.56E-06 003.1 247.9  49.7 0.012564 0.016723 0.002949 hargrave 2024-04-09 23:13:03 
AF 300 359.1  50.2 010.8 -11.5 3.41E-06 003.0 252.4  48.8 0.010165 0.015875 0.004253 hargrave 2024-04-09 23:14:23 
AF 320 003.6  54.4 015.3 -09.1 3.50E-06 002.7 251.6  53.8 0.009765 0.014201 0.004273 hargrave 2024-04-09 23:15:43 
AF 340 017.3  45.8 020.8 -20.1 3.66E-06 002.6 272.0  52.5 0.008236 0.016113 0.004488 hargrave 2024-04-09 23:17:03 
AF 360 020.8  44.4 023.2 -21.9 3.12E-06 002.6 276.6  52.9 0.007068 0.013555 0.003812 hargrave 2024-04-09 23:18:23 
AF 380 010.5  30.7 010.0 -32.8 2.92E-06 002.5 276.8  36.9 0.006352 0.014110 0.004542 hargrave 2024-04-09 23:19:43 
AF 400 357.1  44.9 006.9 -15.4 3.05E-06 002.8 255.3  43.8 0.009480 0.013804 0.003639 hargrave 2024-04-09 23:21:03 
AF 420 016.0  30.9 015.4 -34.2 2.61E-06 002.7 281.9  39.3 0.006243 0.012855 0.004319 hargrave 2024-04-09 23:22:23 
AF 440 019.3  40.6 021.2 -25.5 3.07E-06 002.8 278.5  49.0 0.007669 0.013235 0.005973 hargrave 2024-04-09 23:23:43 
AF 460 014.3  31.6 014.0 -33.1 2.63E-06 002.8 279.9  39.3 0.006869 0.012018 0.005176 hargrave 2024-04-09 23:25:03 
AF 480 023.8  38.1 024.6 -28.5 2.27E-06 003.0 285.0  48.8 0.006032 0.010167 0.004659 hargrave 2024-04-09 23:26:24 
AF 500 028.5  23.7 027.8 -43.3 2.55E-06 002.9 298.7  37.5 0.007387 0.009405 0.006096 hargrave 2024-04-09 23:27:44 
AF 520 023.4  32.1 023.2 -34.5 1.93E-06 002.8 288.7  43.3 0.004532 0.008258 0.004334 hargrave 2024-04-09 23:29:05 
AF 540 352.1  19.2 345.8 -33.2 2.43E-06 002.1 265.7  19.2 0.006653 0.014430 0.001784 hargrave 2024-04-09 23:30:26 
AF 560 353.4  19.4 347.1 -33.9 2.51E-06 002.3 266.8  19.9 0.006442 0.013869 0.004093 hargrave 2024-04-09 23:31:46 
AF 580 348.9  15.6 340.2 -33.6 2.26E-06 002.0 264.4  14.6 0.006163 0.013099 0.001670 hargrave 2024-04-09 23:33:06 
AF 600 351.3 -11.1 311.6 -50.4 1.94E-06 001.4 277.6 -08.8 0.003647 0.011031 0.001739 hargrave 2024-04-09 23:34:27 
AF 650 011.0  14.1 001.2 -48.0 2.53E-06 002.6 285.5  22.2 0.006706 0.013691 0.003502 hargrave 2024-04-09 23:35:48 
AF 700 000.2  10.6 345.8 -44.8 2.05E-06 001.8 276.9  14.7 0.004115 0.011486 0.002837 hargrave 2024-04-09 23:37:08 
AF 750 021.2  02.5 009.3 -62.8 1.73E-06 003.6 300.1  15.3 0.006092 0.010408 0.004524 hargrave 2024-04-09 23:38:28 
AF 800 009.2  36.8 011.5 -26.7 1.80E-06 002.8 271.7  41.7 0.005189 0.010407 0.001883 hargrave 2024-04-09 23:39:50 
AF 850 012.1  02.5 352.7 -58.6 1.79E-06 002.4 291.4  11.9 0.004071 0.008918 0.002768 hargrave 2024-04-09 23:41:11 
AF 900 015.2  00.6 355.7 -61.8 2.01E-06 002.8 295.0  11.3 0.005736 0.010821 0.002447 hargrave 2024-04-09 23:42:32 
AF 950 011.1 -00.2 348.0 -60.1 1.78E-06 002.6 291.5  09.0 0.003359 0.009616 0.004402 hargrave 2024-04-09 23:43:54 
AF1000 025.7  03.7 019.3 -62.8 2.17E-06 003.1 304.0  17.9 0.006814 0.010159 0.004072 hargrave 2024-04-09 23:45:15 
