MF16- 45a sun compass orientation
      0 229.9  35.0 301.0  67.0   1.0
NRM    335.5  62.9 008.8  06.4 1.27E-05 002.6 188.0  28.6 0.073500 0.027766 0.017484 hargrave 2024-04-04 20:50:36 
AF  10 336.2  62.2 008.5  05.7 1.21E-05 002.6 188.5  27.9 0.071182 0.026300 0.016683 hargrave 2024-04-04 20:51:56 
AF  20 336.1  61.4 007.8  05.1 1.15E-05 002.7 188.6  27.1 0.069444 0.025388 0.016094 hargrave 2024-04-04 20:53:15 
AF  30 336.4  60.7 007.4  04.6 1.09E-05 002.7 188.9  26.4 0.067680 0.024586 0.015764 hargrave 2024-04-04 20:54:35 
AF  40 333.1  59.0 005.0  04.8 1.04E-05 002.6 187.4  24.5 0.065026 0.021668 0.015039 hargrave 2024-04-04 20:55:54 
AF  50 333.4  57.6 004.1  03.8 9.83E-06 002.6 187.8  23.2 0.064053 0.020387 0.014353 hargrave 2024-04-04 20:57:14 
AF  60 332.7  57.5 003.7  04.0 9.35E-06 002.6 187.4  23.0 0.061601 0.019505 0.013180 hargrave 2024-04-04 20:58:34 
AF  70 330.4  58.8 004.1  05.8 9.06E-06 002.6 185.9  24.1 0.060800 0.018141 0.012181 hargrave 2024-04-04 20:59:54 
AF  80 329.9  57.6 002.9  05.3 8.68E-06 002.5 185.8  22.9 0.059342 0.016788 0.011402 hargrave 2024-04-04 21:01:13 
AF  90 330.6  57.6 003.1  05.0 8.28E-06 002.5 186.2  22.9 0.057527 0.015563 0.011062 hargrave 2024-04-04 21:02:33 
AF 100 328.0  56.3 001.3  05.3 7.89E-06 002.4 184.8  21.5 0.056186 0.015024 0.010104 hargrave 2024-04-04 21:03:52 
AF 110 330.9  56.2 002.1  04.0 7.39E-06 002.6 186.5  21.5 0.053909 0.015499 0.009728 hargrave 2024-04-04 21:05:12 
AF 120 332.2  53.0 360.0  01.4 7.40E-06 002.5 187.8  18.4 0.054299 0.015210 0.009850 hargrave 2024-04-04 21:06:32 
AF 130 331.0  52.4 359.1  01.6 6.82E-06 002.5 187.1  17.8 0.051151 0.014445 0.009791 hargrave 2024-04-04 21:07:51 
AF 140 325.8  47.7 353.3  01.7 6.39E-06 002.1 184.1  12.8 0.048844 0.011900 0.008987 hargrave 2024-04-04 21:09:11 
AF 150 330.9  52.4 359.0  01.7 5.91E-06 002.6 187.0  17.8 0.046931 0.012777 0.008394 hargrave 2024-04-04 21:10:31 
AF 160 321.5  55.7 358.7  08.1 5.47E-06 002.3 180.9  20.7 0.043139 0.008532 0.007031 hargrave 2024-04-04 21:11:51 
AF 170 323.6  50.8 355.2  04.6 5.29E-06 002.2 182.4  15.8 0.043619 0.009471 0.007360 hargrave 2024-04-04 21:13:10 
AF 180 318.0  48.5 351.4  06.6 5.36E-06 001.8 178.7  13.5 0.044094 0.007717 0.007476 hargrave 2024-04-04 21:14:31 
AF 190 329.3  55.4 000.9  04.3 5.64E-06 002.6 185.7  20.7 0.045966 0.011206 0.006855 hargrave 2024-04-04 21:15:51 
AF 200 320.8  57.0 359.8  09.1 5.40E-06 002.5 180.5  22.0 0.043634 0.009081 0.007805 hargrave 2024-04-04 21:17:11 
AF 220 324.8  57.6 001.3  07.5 4.52E-06 002.6 182.8  22.6 0.037707 0.008177 0.005962 hargrave 2024-04-04 21:18:31 
AF 240 320.9  52.7 355.9  06.9 4.30E-06 002.2 180.7  17.7 0.036581 0.007503 0.005533 hargrave 2024-04-04 21:19:51 
AF 260 316.7  54.7 356.6  10.1 4.02E-06 002.2 178.1  19.8 0.034844 0.007012 0.004757 hargrave 2024-04-04 21:21:10 
AF 280 311.5  42.0 343.4  07.9 3.65E-06 001.4 173.7  07.2 0.032110 0.005678 0.005518 hargrave 2024-04-04 21:22:30 
AF 300 313.6  43.1 345.2  06.9 3.83E-06 001.1 175.4  08.3 0.034078 0.005280 0.004237 hargrave 2024-04-04 21:23:50 
AF 320 310.5  49.2 349.9  11.3 3.52E-06 001.8 173.7  14.5 0.031286 0.004841 0.004539 hargrave 2024-04-04 21:25:10 
AF 340 308.6  41.6 342.3  09.7 3.93E-06 001.3 171.5  07.1 0.033517 0.004916 0.005705 hargrave 2024-04-04 21:26:30 
AF 360 308.0  54.7 354.6  14.7 3.14E-06 002.2 172.7  20.1 0.028452 0.005144 0.002628 hargrave 2024-04-04 21:27:50 
AF 380 313.6  45.1 347.0  07.8 2.96E-06 001.5 175.5  10.3 0.028375 0.005466 0.003033 hargrave 2024-04-04 21:29:10 
AF 400 305.9  44.3 344.1  12.5 3.02E-06 001.2 169.9  10.0 0.026347 0.003167 0.003355 hargrave 2024-04-04 21:30:30 
AF 420 300.0  37.7 336.2  14.6 2.89E-06 001.6 164.4  04.3 0.025710 0.003455 0.003201 hargrave 2024-04-04 21:31:50 
AF 440 296.4  39.5 337.1  17.8 2.93E-06 002.0 161.9  06.7 0.025142 0.004340 0.003103 hargrave 2024-04-04 21:33:10 
AF 460 299.1  46.4 344.6  17.7 2.90E-06 002.1 165.4  12.9 0.025956 0.003856 0.002928 hargrave 2024-04-04 21:34:30 
AF 480 294.9  41.9 339.3  19.5 2.42E-06 002.2 161.4  09.2 0.021500 0.002772 0.003679 hargrave 2024-04-04 21:35:49 
AF 500 302.4  33.1 332.3  11.2 2.57E-06 001.5 165.4 -00.6 0.022876 0.003208 0.001956 hargrave 2024-04-04 21:37:09 
AF 520 318.5  39.3 343.4  01.9 2.66E-06 001.1 178.9  04.3 0.025156 0.004538 0.002125 hargrave 2024-04-04 21:38:29 
AF 540 322.0  40.2 345.6 -00.0 2.89E-06 001.4 181.6  05.2 0.027309 0.005360 0.002586 hargrave 2024-04-04 21:39:50 
AF 560 303.7  54.5 353.7  17.1 2.54E-06 002.4 170.0  20.3 0.022943 0.003296 0.002434 hargrave 2024-04-04 21:41:10 
AF 580 310.1  70.1 010.3  18.5 2.38E-06 003.4 175.9  35.3 0.020959 0.004810 0.002449 hargrave 2024-04-04 21:42:30 
AF 600 317.0  59.6 001.2  12.1 1.73E-06 002.6 178.4  24.6 0.015392 0.003424 0.002476 hargrave 2024-04-04 21:43:50 
AF 650 349.7  64.9 014.7  03.5 1.72E-06 003.8 194.4  32.0 0.015052 0.006312 0.000881 hargrave 2024-04-04 21:45:10 
AF 700 286.2  45.1 341.5  26.3 1.88E-06 003.2 156.2  14.1 0.015627 0.005009 0.002995 hargrave 2024-04-04 21:46:30 
AF 750 317.6  53.0 355.3  08.8 6.68E-07 005.1 178.5  18.0 0.007083 0.005266 0.000551 hargrave 2024-04-04 21:47:50 
AF 800 327.0  30.0 339.0 -08.8 1.04E-06 002.7 186.1 -04.7 0.010678 0.003525 0.002135 hargrave 2024-04-04 21:49:10 
AF 850 356.0  55.1 011.7 -06.4 1.11E-06 004.4 201.6  24.0 0.008929 0.005165 0.002280 hargrave 2024-04-04 21:50:30 
AF 900 345.9  14.6 337.0 -32.0 1.89E-06 004.3 206.3 -17.0 0.016495 0.008212 0.002319 hargrave 2024-04-04 21:51:50 
AF 950 021.0  40.0 022.4 -26.3 1.17E-06 005.0 224.9  18.3 0.008212 0.007245 0.000901 hargrave 2024-04-04 21:53:10 
AF1000 050.8  10.2 063.5 -51.6 2.44E-07 008.3 264.9  08.8 0.003269 0.004054 0.001427 hargrave 2024-04-04 21:56:05 
