MF16- 60a sun compass orientation
      0 156.6  34.0 301.0  67.0   1.0
NRM    023.0  62.2 027.3 -04.6 9.53E-06 003.0 236.4  67.3 0.038136 0.032828 0.004412 hargrave 2024-04-09 21:35:41 
AF  10 021.8  62.6 026.8 -04.1 9.04E-06 003.0 235.3  66.7 0.036280 0.031301 0.003963 hargrave 2024-04-09 21:37:00 
AF  20 023.9  62.4 027.7 -04.4 8.50E-06 002.9 235.9  67.7 0.033305 0.028918 0.004031 hargrave 2024-04-09 21:38:19 
AF  30 024.7  62.1 028.1 -04.8 8.08E-06 002.9 236.7  68.1 0.031426 0.027444 0.003520 hargrave 2024-04-09 21:39:39 
AF  40 025.1  61.7 028.2 -05.1 7.50E-06 002.9 237.7  68.2 0.028920 0.025707 0.003001 hargrave 2024-04-09 21:40:58 
AF  50 025.8  60.5 028.4 -06.4 7.14E-06 002.8 241.2  68.4 0.026434 0.024268 0.003150 hargrave 2024-04-09 21:42:19 
AF  60 027.0  59.7 029.0 -07.3 6.60E-06 002.8 243.6  69.0 0.023686 0.022002 0.003102 hargrave 2024-04-09 21:43:38 
AF  70 028.4  59.9 029.7 -07.1 6.18E-06 002.7 243.1  69.7 0.021927 0.019883 0.002755 hargrave 2024-04-09 21:44:58 
AF  80 033.3  58.6 032.2 -08.4 5.87E-06 002.6 247.9  72.0 0.019595 0.018427 0.003351 hargrave 2024-04-09 21:46:17 
AF  90 033.6  58.3 032.4 -08.7 5.49E-06 002.7 249.0  72.1 0.018977 0.017762 0.002569 hargrave 2024-04-09 21:47:37 
AF 100 033.3  56.9 032.3 -10.1 5.17E-06 002.6 253.2  71.8 0.017121 0.016301 0.002647 hargrave 2024-04-09 21:48:56 
AF 110 042.7  56.5 037.5 -09.9 4.73E-06 002.5 258.1  76.8 0.015137 0.013968 0.002336 hargrave 2024-04-09 21:50:16 
AF 120 048.8  58.8 040.2 -06.8 4.54E-06 002.4 246.2  80.0 0.014163 0.013057 0.002194 hargrave 2024-04-09 21:51:35 
AF 130 044.3  58.6 038.0 -07.6 4.34E-06 002.5 248.3  77.8 0.014395 0.012832 0.002297 hargrave 2024-04-09 21:52:55 
AF 140 054.6  61.6 042.0 -03.3 4.10E-06 002.4 223.2  81.7 0.013660 0.010644 0.002410 hargrave 2024-04-09 21:54:14 
AF 150 055.9  60.8 042.9 -03.8 4.12E-06 002.3 225.1  82.7 0.013498 0.009634 0.003071 hargrave 2024-04-09 21:55:34 
AF 160 059.6  61.6 044.2 -02.3 3.74E-06 002.3 210.0  83.3 0.012234 0.009801 0.003336 hargrave 2024-04-09 21:56:54 
AF 170 057.0  63.7 042.2 -00.9 3.61E-06 002.4 207.8  80.9 0.012625 0.009104 0.002423 hargrave 2024-04-09 21:58:13 
AF 180 049.0  61.1 039.6 -04.6 3.27E-06 002.4 233.6  79.6 0.011369 0.008554 0.002713 hargrave 2024-04-09 21:59:33 
AF 190 055.2  56.4 044.3 -08.0 3.23E-06 002.4 261.4  83.7 0.010375 0.009092 0.003409 hargrave 2024-04-09 22:00:52 
AF 200 063.6  49.4 052.0 -12.0 3.02E-06 002.3 343.5  83.2 0.009256 0.007587 0.003871 hargrave 2024-04-09 22:02:12 
AF 220 074.0  49.6 057.5 -08.0 2.85E-06 002.2 038.0  82.2 0.008286 0.006715 0.004618 hargrave 2024-04-09 22:03:32 
AF 240 062.1  49.6 051.0 -12.3 2.88E-06 002.1 335.1  83.0 0.008258 0.006552 0.004289 hargrave 2024-04-09 22:04:51 
AF 260 077.5  50.4 058.7 -05.9 2.53E-06 002.2 054.0  81.5 0.007275 0.005952 0.004494 hargrave 2024-04-09 22:06:11 
AF 280 070.9  49.9 055.7 -09.0 2.31E-06 002.4 024.7  83.4 0.007273 0.005799 0.003878 hargrave 2024-04-09 22:07:30 
AF 300 092.9  42.9 071.3 -03.0 2.14E-06 002.4 063.2  68.7 0.006022 0.005671 0.005206 hargrave 2024-04-09 22:08:51 
AF 320 092.6  35.8 077.0 -07.3 2.29E-06 002.5 052.0  63.2 0.006865 0.006031 0.005665 hargrave 2024-04-09 22:10:10 
AF 340 092.7  39.0 074.4 -05.3 2.27E-06 002.3 056.6  65.8 0.006513 0.005665 0.005530 hargrave 2024-04-09 22:11:30 
AF 360 090.2  39.9 072.6 -06.4 2.04E-06 002.2 053.8  67.6 0.005537 0.004675 0.005792 hargrave 2024-04-09 22:12:49 
AF 380 095.1  43.8 071.5 -01.1 2.04E-06 002.2 068.0  68.2 0.005786 0.004864 0.004607 hargrave 2024-04-09 22:14:09 
AF 400 097.4  35.1 079.8 -04.4 2.08E-06 002.4 058.1  60.4 0.006053 0.006066 0.004854 hargrave 2024-04-09 22:15:29 
AF 420 080.6  32.2 073.5 -17.3 1.98E-06 002.4 028.2  64.2 0.006168 0.004216 0.005515 hargrave 2024-04-09 22:16:49 
AF 440 106.8  25.7 091.9 -02.0 2.34E-06 002.6 060.6  48.2 0.007087 0.008108 0.006390 hargrave 2024-04-09 22:18:09 
AF 460 099.0  14.9 098.1 -13.4 1.99E-06 003.3 044.2  42.0 0.008095 0.006883 0.006275 hargrave 2024-04-09 22:19:28 
AF 480 105.4  12.7 103.0 -08.9 2.48E-06 003.4 050.3  37.4 0.009353 0.009685 0.007824 hargrave 2024-04-09 22:20:48 
AF 500 085.6  16.2 089.8 -23.7 2.21E-06 003.2 027.7  47.6 0.009784 0.005983 0.006710 hargrave 2024-04-09 22:22:08 
AF 520 107.9  31.4 087.3  01.4 1.92E-06 002.8 066.9  52.2 0.006125 0.007057 0.005356 hargrave 2024-04-09 22:23:28 
AF 540 092.9  19.7 090.8 -16.1 1.61E-06 003.2 039.2  48.7 0.007030 0.004703 0.004844 hargrave 2024-04-09 22:24:48 
AF 560 083.9 -20.8 129.2 -41.2 1.83E-06 003.4 016.5  11.8 0.011871 0.005302 0.006315 hargrave 2024-04-09 22:26:08 
AF 580 093.9  07.5 102.4 -21.4 1.80E-06 003.7 034.7  36.9 0.009014 0.006349 0.005238 hargrave 2024-04-09 22:27:28 
AF 600 091.1  06.2 102.3 -24.5 1.91E-06 003.6 030.8  36.5 0.009897 0.006541 0.004789 hargrave 2024-04-09 22:28:49 
AF 650 077.0  16.2 084.1 -30.3 1.33E-06 003.1 015.5  49.5 0.006541 0.003076 0.003440 hargrave 2024-04-09 22:30:09 
AF 700 104.2 -27.8 142.2 -24.7 1.37E-06 004.1 032.6  00.4 0.008394 0.005919 0.003278 hargrave 2024-04-09 22:31:29 
AF 750 088.5 -02.8 110.0 -30.9 1.16E-06 003.7 025.1  28.5 0.006968 0.003887 0.003031 hargrave 2024-04-09 22:32:49 
AF 800 068.4  29.0 067.4 -26.7 1.27E-06 002.4 003.4  63.0 0.005019 0.002109 0.002501 hargrave 2024-04-09 22:34:10 
AF 850 102.2 -01.0 114.4 -17.7 1.48E-06 003.8 040.4  26.1 0.007573 0.006044 0.003573 hargrave 2024-04-09 22:35:30 
AF 900 087.9 -25.1 135.5 -38.4 1.48E-06 003.3 019.4  06.9 0.008600 0.004783 0.004338 hargrave 2024-04-09 22:36:51 
AF 950 133.1 -03.3 128.9  09.8 1.22E-06 003.4 068.4  10.1 0.004516 0.006499 0.003634 hargrave 2024-04-09 22:38:12 
AF1000 090.1  19.7 089.3 -18.3 9.25E-07 003.4 035.4  49.7 0.004176 0.003301 0.002019 hargrave 2024-04-09 22:39:32 
