MF16- 38b sun compass orientation
      0 166.6  54.0 301.0  67.0   1.0
NRM    037.1  74.3 032.7  07.4 1.26E-05 002.1 194.7  47.3 0.049474 0.023564 0.006224 hargrave 2024-04-12 19:53:23 
TT  55 039.9  75.6 033.2  08.7 1.11E-05 001.9 192.6  46.9 0.038789 0.018419 0.007269 hargrave 2024-04-15 10:43:47 
TT 100 134.4  50.0 075.0  25.9 4.36E-06 000.9 127.6  46.7 0.006187 0.006197 0.005438 hargrave 2024-04-15 13:14:37 
TT 125 146.5  36.5 091.4  33.5 4.12E-06 001.3 112.9  34.9 0.005599 0.005708 0.009522 hargrave 2024-04-15 15:55:51 
TT 150 151.7  14.0 119.0  33.4 4.07E-06 001.9 092.9  20.1 0.009554 0.006897 0.012067 hargrave 2024-04-15 19:12:17 
TT 200 151.3 -02.4 136.2  26.6 5.65E-06 002.1 078.9  10.9 0.017182 0.010305 0.016066 hargrave 2024-04-16 10:45:55 
TT 250 165.1 -13.0 154.9  32.4 3.56E-06 002.8 078.6 -06.4 0.014267 0.007277 0.011112 hargrave 2024-04-16 13:05:08 
TT 300 137.4 -10.5 137.3  10.7 1.89E-06 003.8 063.5  16.3 0.007761 0.002427 0.011798 hargrave 2024-04-16 16:00:50 
TT 325 138.5  37.1 089.8  27.2 3.60E-06 001.8 110.7  41.1 0.004364 0.006194 0.012961 hargrave 2024-04-16 19:03:09 
TT 350 106.8 -30.1 145.3 -23.0 3.31E-06 002.3 027.3  18.1 0.006926 0.007352 0.010189 hargrave 2024-04-17 11:32:06 
TT 375 009.2 -01.7 343.0 -60.0 1.62E-06 003.6 285.1  17.0 0.003383 0.004342 0.010791 hargrave 2024-04-17 14:37:30 
