MF16- 53b sun compass orientation
      0 176.6  35.0 301.0  67.0   1.0
NRM    349.2  64.6 014.4  03.3 1.41E-05 002.6 217.1  45.1 0.056932 0.027559 0.023877 hargrave 2024-04-12 20:16:18 
TT  50 337.7  60.8 007.9  04.1 1.22E-05 002.6 216.3  38.6 0.055846 0.024007 0.015736 hargrave 2024-04-15 11:13:47 
TT 100 332.3  55.5 002.0  02.9 7.63E-06 002.5 217.9  32.8 0.034170 0.012895 0.011916 hargrave 2024-04-15 14:05:02 
TT 125 334.7  49.3 358.1 -02.1 6.19E-06 002.5 223.7  28.8 0.027160 0.011057 0.010917 hargrave 2024-04-15 17:16:33 
TT 150 333.6  50.1 358.3 -01.0 5.11E-06 002.5 222.4  29.0 0.021711 0.008800 0.009280 hargrave 2024-04-15 19:52:29 
TT 200 348.0  53.4 006.9 -05.0 4.86E-06 002.6 227.9  37.3 0.021871 0.010513 0.005011 hargrave 2024-04-16 11:22:44 
TT 250 034.3  26.1 035.0 -40.8 4.52E-06 002.7 285.6  42.5 0.012448 0.017629 0.006910 hargrave 2024-04-16 13:50:07 
TT 300 089.8  59.1 057.2  05.2 1.26E-06 001.9 158.5  85.6 0.000934 0.004095 0.001372 hargrave 2024-04-16 16:56:15 
TT 325 062.1  03.7 083.7 -49.6 3.19E-06 002.7 329.7  35.0 0.005099 0.017109 0.008482 hargrave 2024-04-17 09:18:56 
TT 350 021.0 -10.8 351.2 -74.5 1.96E-06 003.4 296.2  04.5 0.006667 0.010542 0.005380 hargrave 2024-04-17 12:25:45 
