MF16- 37a sun compass orientation
      0 167.5  46.0 301.0  67.0   1.0
NRM    359.7  66.8 019.2  02.8 1.63E-05 003.5 212.6  44.3 0.094001 0.054848 0.017987 hargrave 2024-04-02 21:19:13 
AF  10 356.9  65.1 017.4  02.0 1.47E-05 003.6 214.4  42.8 0.086171 0.052700 0.016971 hargrave 2024-04-02 21:20:34 
AF  20 357.5  65.0 017.5  01.7 1.33E-05 003.8 214.7  43.0 0.079759 0.049285 0.015381 hargrave 2024-04-02 21:21:54 
AF  30 357.3  64.4 017.1  01.2 1.25E-05 003.8 215.5  42.8 0.076489 0.046546 0.014591 hargrave 2024-04-02 21:23:15 
AF  40 356.7  64.8 017.1  01.7 1.13E-05 003.9 214.8  42.7 0.070712 0.043812 0.013808 hargrave 2024-04-02 21:24:36 
AF  50 358.1  64.2 017.3  00.9 1.06E-05 004.0 215.8  43.1 0.066773 0.041631 0.013025 hargrave 2024-04-02 21:25:57 
AF  60 353.6  63.0 015.0  00.9 1.01E-05 004.1 216.6  40.8 0.064864 0.040447 0.013043 hargrave 2024-04-02 21:27:17 
AF  70 355.1  62.4 015.3  00.1 9.61E-06 004.1 217.6  41.3 0.061590 0.038844 0.011920 hargrave 2024-04-02 21:28:38 
AF  80 354.6  62.4 015.1  00.2 9.23E-06 004.1 217.6  41.1 0.059149 0.037940 0.011119 hargrave 2024-04-02 21:29:58 
AF  90 354.8  59.7 013.6 -02.2 8.65E-06 004.2 221.0  40.2 0.055668 0.036331 0.011348 hargrave 2024-04-02 21:31:19 
AF 100 350.1  59.8 011.8 -00.7 8.31E-06 004.2 219.7  38.1 0.054959 0.035572 0.011752 hargrave 2024-04-02 21:32:39 
AF 110 353.2  61.7 014.1 -00.0 8.07E-06 004.2 218.1  40.2 0.052227 0.033675 0.010635 hargrave 2024-04-02 21:34:04 
AF 120 353.6  60.7 013.7 -01.0 7.80E-06 004.2 219.5  40.0 0.050824 0.033044 0.011127 hargrave 2024-04-02 21:35:24 
AF 130 353.5  58.3 012.3 -02.9 7.54E-06 004.2 222.3  39.1 0.048116 0.033109 0.011419 hargrave 2024-04-02 21:36:45 
AF 140 359.0  62.4 016.8 -00.9 7.39E-06 004.1 218.4  43.0 0.046730 0.030526 0.009614 hargrave 2024-04-02 21:38:07 
AF 150 005.1  60.0 018.3 -04.3 6.89E-06 004.1 222.6  45.3 0.041656 0.029189 0.008969 hargrave 2024-04-02 21:39:27 
AF 160 357.5  56.3 013.1 -05.8 6.67E-06 004.3 225.8  40.3 0.041507 0.031189 0.010037 hargrave 2024-04-02 21:40:48 
AF 170 356.4  62.2 015.6 -00.4 6.38E-06 004.2 218.2  41.8 0.041658 0.026683 0.008804 hargrave 2024-04-02 21:42:08 
AF 180 353.2  58.4 012.2 -02.8 6.43E-06 004.3 222.2  38.9 0.041112 0.028471 0.010303 hargrave 2024-04-02 21:43:29 
AF 190 355.1  53.9 010.6 -07.0 5.84E-06 004.2 227.9  38.1 0.035730 0.027158 0.009063 hargrave 2024-04-02 21:44:49 
AF 200 000.7  59.0 015.9 -04.3 5.92E-06 004.3 223.2  42.8 0.037037 0.026520 0.009178 hargrave 2024-04-02 21:46:10 
AF 220 009.1  66.5 022.4  01.0 5.45E-06 004.1 213.7  48.0 0.034533 0.021679 0.007353 hargrave 2024-04-02 21:47:30 
AF 240 353.6  67.2 017.4  04.4 5.20E-06 004.0 211.2  42.1 0.034180 0.017602 0.008881 hargrave 2024-04-02 21:48:51 
AF 260 001.6  73.5 022.9  08.4 5.32E-06 003.9 203.3  45.7 0.035780 0.016784 0.007144 hargrave 2024-04-02 21:50:11 
AF 280 001.8  73.2 022.8  08.1 4.63E-06 004.1 203.7  45.8 0.032441 0.016435 0.006520 hargrave 2024-04-02 21:51:32 
AF 300 029.4  77.2 030.6  10.2 4.53E-06 003.7 195.4  51.6 0.028813 0.013297 0.004976 hargrave 2024-04-02 21:52:52 
AF 320 005.4  56.2 017.0 -07.8 4.83E-06 003.9 227.8  44.4 0.026837 0.020373 0.007469 hargrave 2024-04-02 21:54:12 
AF 340 005.4  74.6 024.3  09.0 3.42E-06 003.7 201.7  46.7 0.022521 0.010930 0.003368 hargrave 2024-04-02 21:55:33 
AF 360 019.0  61.4 025.3 -05.0 3.73E-06 003.6 221.7  52.2 0.019555 0.014042 0.005066 hargrave 2024-04-02 21:56:53 
AF 380 002.5  66.9 020.2  02.5 2.75E-06 003.8 212.6  45.4 0.017195 0.009689 0.003160 hargrave 2024-04-02 21:58:13 
AF 400 352.6  60.6 013.3 -00.8 2.52E-06 004.0 219.4  39.6 0.016215 0.010214 0.004204 hargrave 2024-04-02 21:59:33 
AF 420 345.7  40.5 357.2 -13.8 2.72E-06 004.3 237.6  25.7 0.015540 0.015104 0.006058 hargrave 2024-04-02 22:00:53 
AF 440 025.8  62.0 028.5 -04.9 2.19E-06 004.0 220.4  55.3 0.011668 0.010029 0.005029 hargrave 2024-04-02 22:02:13 
AF 460 340.9  58.2 007.2  01.2 2.52E-06 004.4 218.7  33.2 0.017395 0.011060 0.006004 hargrave 2024-04-02 22:03:35 
AF 480 351.5  79.7 024.2  14.9 3.07E-06 003.3 194.4  43.8 0.020086 0.006911 0.004483 hargrave 2024-04-02 22:04:55 
AF 500 352.1  68.8 017.8  06.0 2.13E-06 004.2 209.0  42.0 0.014277 0.008708 0.004970 hargrave 2024-04-02 22:06:15 
AF 520 032.8  53.8 032.1 -13.2 1.86E-06 003.9 235.3  59.6 0.008822 0.008825 0.003686 hargrave 2024-04-02 22:07:35 
AF 540 023.3  63.5 027.6 -03.3 1.43E-06 004.4 218.0  54.0 0.008089 0.007571 0.003805 hargrave 2024-04-02 22:08:56 
AF 560 100.4  60.9 058.6  10.6 1.86E-06 003.5 149.2  68.3 0.009458 0.007822 0.003433 hargrave 2024-04-02 22:10:16 
AF 580 070.8  62.0 048.4  00.8 1.03E-06 004.5 190.0  71.5 0.005803 0.006128 0.002060 hargrave 2024-04-02 22:11:36 
AF 600 032.7  17.1 033.5 -49.9 1.41E-06 004.3 291.0  43.8 0.003861 0.009374 0.005517 hargrave 2024-04-02 22:12:56 
AF 650 348.3  28.8 350.5 -23.9 7.87E-07 004.9 248.9  20.1 0.004924 0.005618 0.003081 hargrave 2024-04-02 22:14:17 
AF 700 028.9  49.5 029.5 -17.5 1.16E-06 004.5 243.0  56.8 0.005772 0.007377 0.002501 hargrave 2024-04-02 22:15:37 
AF 750 025.6 -03.0 015.7 -69.4 1.83E-06 003.2 300.7  24.0 0.004744 0.009761 0.004607 hargrave 2024-04-02 22:16:58 
AF 800 073.0  07.4 089.5 -38.9 1.51E-06 004.3 352.6  53.2 0.005824 0.008667 0.004993 hargrave 2024-04-02 22:18:18 
AF 850 098.6  04.9 107.2 -18.4 1.91E-06 004.1 031.5  46.7 0.008892 0.010036 0.003455 hargrave 2024-04-02 22:19:39 
AF 900 058.2  06.3 076.4 -50.4 1.91E-06 003.5 330.1  48.7 0.006817 0.009493 0.004357 hargrave 2024-04-02 22:20:59 
AF 950 073.6 -23.2 129.9 -50.9 1.50E-06 003.0 356.1  22.7 0.008158 0.005776 0.003699 hargrave 2024-04-02 22:22:19 
AF1000 067.8  46.9 055.8 -12.6 1.66E-06 003.7 243.2  82.6 0.007000 0.008284 0.002976 hargrave 2024-04-02 22:23:39 
