MF16- 60b sun compass orientation
      0 156.6  34.0 301.0  67.0   1.0
NRM    343.5  55.2 006.1 -02.0 1.16E-05 002.5 234.7  46.0 0.044171 0.026415 0.014946 hargrave 2024-04-12 20:31:03 
TT  50 337.5  59.2 006.6  03.1 1.10E-05 002.3 227.3  45.7 0.040979 0.018173 0.014339 hargrave 2024-04-15 11:26:49 
TT 100 330.2  55.8 001.5  04.1 7.69E-06 002.4 227.3  40.6 0.032028 0.011379 0.010224 hargrave 2024-04-15 14:16:29 
TT 125 327.8  46.9 353.5  00.1 5.49E-06 002.5 233.7  33.2 0.023159 0.009304 0.008198 hargrave 2024-04-15 17:28:46 
TT 150 327.5  45.4 352.1 -00.6 5.25E-06 002.4 234.8  31.9 0.021901 0.008507 0.007297 hargrave 2024-04-15 20:04:36 
TT 200 320.7  44.3 348.5  02.9 4.52E-06 002.3 231.3  28.0 0.019010 0.005519 0.005836 hargrave 2024-04-16 11:36:31 
TT 250 315.4  21.2 326.1 -04.2 2.13E-06 002.2 241.0  06.4 0.007894 0.002229 0.003899 hargrave 2024-04-16 14:03:09 
TT 300 295.2  33.7 331.0  17.1 1.69E-06 001.8 219.1  08.7 0.005769 0.003136 0.002978 hargrave 2024-04-16 17:07:39 
TT 325 291.1  16.7 313.0  15.3 2.25E-06 001.7 222.7 -08.3 0.006493 0.003454 0.003423 hargrave 2024-04-17 09:31:59 
TT 350 317.5  54.7 356.8  09.7 3.19E-06 002.9 221.7  34.8 0.017549 0.007455 0.003657 hargrave 2024-04-17 12:38:44 
TT 375 281.9  54.4 351.7  29.6 3.02E-06 002.2 201.6  24.1 0.013506 0.005411 0.004139 hargrave 2024-04-17 15:38:51 
