MF16- 25a sun compass orientation
      0 172.3  37.0 301.0  67.0   1.0
NRM    039.9  77.7 032.9  10.8 3.39E-05 002.5 197.3  61.1 0.133048 0.076475 0.017985 hargrave 2024-03-24 15:06:00 
AF  10 035.3  78.1 031.9  11.1 3.16E-05 002.5 197.6  60.0 0.125723 0.073102 0.017605 hargrave 2024-03-24 15:07:20 
AF  20 034.4  78.2 031.7  11.3 2.94E-05 002.5 197.5  59.8 0.118089 0.066772 0.016545 hargrave 2024-03-24 15:08:41 
AF  30 032.2  78.6 031.2  11.6 2.73E-05 002.6 197.2  59.2 0.112849 0.064256 0.015623 hargrave 2024-03-24 15:10:01 
AF  40 036.1  78.9 032.0  12.0 2.49E-05 002.6 195.9  59.7 0.104437 0.055078 0.012166 hargrave 2024-03-24 15:11:22 
AF  50 037.0  78.5 032.2  11.5 2.31E-05 002.6 196.6  60.1 0.098016 0.049556 0.011275 hargrave 2024-03-24 15:12:42 
AF  60 042.8  77.1 033.7  10.3 2.07E-05 002.6 197.6  61.9 0.089742 0.044746 0.008609 hargrave 2024-03-24 15:14:03 
AF  70 054.4  77.7 035.9  11.7 1.88E-05 002.6 192.8  63.3 0.083827 0.037735 0.005705 hargrave 2024-03-24 15:15:23 
AF  80 060.6  73.6 039.1  08.6 1.70E-05 002.7 195.8  67.5 0.073946 0.037084 0.003056 hargrave 2024-03-24 15:16:44 
AF  90 061.9  72.1 040.2  07.4 1.46E-05 002.7 197.4  69.0 0.063260 0.032258 0.003529 hargrave 2024-03-24 15:18:04 
AF 100 051.0  72.9 036.8  06.8 1.27E-05 002.9 202.3  66.2 0.060476 0.030586 0.003465 hargrave 2024-03-24 15:19:25 
AF 110 054.5  74.1 037.3  08.3 1.10E-05 002.8 198.3  66.0 0.053316 0.023488 0.002221 hargrave 2024-03-24 15:20:45 
AF 120 069.2  76.2 039.6  12.0 8.89E-06 002.8 187.7  66.2 0.045095 0.015843 0.004072 hargrave 2024-03-24 15:22:05 
AF 130 062.5  70.7 041.0  06.3 9.15E-06 002.7 199.3  70.2 0.040344 0.020518 0.003111 hargrave 2024-03-24 15:23:26 
AF 140 080.4  68.4 047.4  08.2 8.10E-06 002.6 182.6  74.6 0.032761 0.019668 0.005571 hargrave 2024-03-24 15:24:46 
AF 150 065.5  67.1 043.8  03.7 6.85E-06 002.6 203.7  73.7 0.027723 0.016881 0.004687 hargrave 2024-03-24 15:26:07 
AF 160 073.5  62.0 049.5  01.5 7.35E-06 002.2 204.0  79.8 0.024953 0.015715 0.005766 hargrave 2024-03-24 15:27:27 
AF 170 059.3  65.6 042.3  01.2 5.18E-06 002.4 213.5  73.0 0.020001 0.011711 0.004347 hargrave 2024-03-24 15:28:51 
AF 180 059.5  53.2 047.8 -09.9 5.05E-06 002.3 259.8  76.4 0.014893 0.014134 0.008204 hargrave 2024-03-24 15:30:12 
AF 190 046.9  47.8 042.1 -17.7 3.41E-06 002.7 268.6  67.1 0.012512 0.010356 0.008902 hargrave 2024-03-24 15:31:36 
AF 200 060.5  31.3 059.7 -28.8 2.68E-06 002.9 315.4  63.2 0.009199 0.008090 0.010030 hargrave 2024-03-24 15:33:00 
AF 220 063.8  33.6 060.9 -25.3 4.15E-06 002.6 318.4  66.6 0.012770 0.013913 0.007930 hargrave 2024-03-24 15:34:21 
AF 240 096.9  10.6 101.1 -17.3 2.99E-06 003.5 021.0  46.0 0.014291 0.007885 0.011585 hargrave 2024-03-24 15:35:45 
AF 260 126.6  52.8 071.3  21.4 3.26E-06 002.6 107.6  63.7 0.012048 0.009509 0.008520 hargrave 2024-03-24 15:37:05 
AF 280 123.1  63.0 060.1  21.3 1.58E-06 002.7 131.4  66.7 0.008121 0.002165 0.007142 hargrave 2024-03-24 15:38:29 
AF 300 142.6  16.7 112.9  25.9 1.49E-06 003.8 076.1  31.0 0.005531 0.005573 0.009533 hargrave 2024-03-24 15:39:54 
AF 320 103.4 -17.0 130.7 -22.4 1.69E-06 004.0 021.2  17.7 0.010295 0.003577 0.009111 hargrave 2024-03-24 15:41:14 
AF 340 147.7 -02.5 134.6  23.4 4.20E-06 003.6 068.5  12.4 0.014703 0.024643 0.010536 hargrave 2024-03-24 15:42:34 
AF 360 134.4  03.0 123.5  13.5 1.86E-06 005.0 059.8  24.3 0.011317 0.009834 0.007343 hargrave 2024-03-24 15:43:56 
AF 380 154.1  05.8 129.1  32.6 4.95E-06 002.7 078.8  15.6 0.012646 0.029230 0.013083 hargrave 2024-03-24 15:45:16 
AF 400 160.8 -26.7 163.9  20.5 4.29E-06 003.3 064.7 -14.6 0.014559 0.020818 0.012347 hargrave 2024-03-24 15:46:36 
AF 420 150.3  05.8 127.4  29.2 4.86E-06 002.8 075.6  17.7 0.012911 0.027532 0.010044 hargrave 2024-03-24 15:47:57 
AF 440 204.8  02.0 194.1  68.1 2.43E-06 002.8 118.0 -17.2 0.009471 0.011137 0.005684 hargrave 2024-03-24 15:49:17 
AF 460 135.1  21.3 105.8  20.5 4.13E-06 003.0 072.6  39.0 0.011106 0.020624 0.008005 hargrave 2024-03-24 15:50:37 
AF 480 138.4 -23.2 149.2  05.7 3.06E-06 004.2 049.8 -00.3 0.013245 0.014232 0.012164 hargrave 2024-03-24 15:51:58 
AF 500 093.3 -46.1 162.2 -35.3 2.29E-06 002.5 007.7 -09.5 0.015063 0.002415 0.008799 hargrave 2024-03-24 15:53:18 
AF 520 111.7 -49.2 166.4 -23.2 3.94E-06 002.8 019.4 -15.2 0.027447 0.010789 0.011846 hargrave 2024-03-24 15:54:42 
AF 540 156.6 -42.9 174.1  07.3 3.79E-06 003.5 051.1 -25.1 0.018417 0.012869 0.005158 hargrave 2024-03-24 15:56:06 
AF 560 161.1 -16.5 155.5  27.2 2.77E-06 003.4 071.2 -06.6 0.009274 0.014584 0.009513 hargrave 2024-03-24 15:57:31 
AF 580 167.0 -32.5 172.4  20.4 1.75E-06 004.1 065.3 -22.5 0.008988 0.009122 0.004114 hargrave 2024-03-24 15:58:51 
AF 600 159.7 -38.5 172.4  12.0 3.20E-06 003.6 056.2 -23.2 0.012902 0.012347 0.009896 hargrave 2024-03-24 16:00:15 
