MF16- 72a mag compass orientation (IGRF corrected)
      0 154.1  25.0 301.0  67.0   1.0
NRM    352.6  68.1 017.6  05.4 1.39E-05 002.4 231.2  63.0 0.047576 0.038358 0.005154 hargrave 2024-04-11 21:58:49 
AF  10 353.0  67.9 017.6  05.1 1.33E-05 002.4 231.7  63.0 0.045693 0.037375 0.004685 hargrave 2024-04-11 22:00:09 
AF  20 354.6  67.8 018.0  04.7 1.26E-05 002.4 232.6  63.5 0.042304 0.035037 0.004585 hargrave 2024-04-11 22:01:29 
AF  30 356.2  67.9 018.5  04.4 1.19E-05 002.4 233.0  64.1 0.039525 0.033227 0.004583 hargrave 2024-04-11 22:02:49 
AF  40 359.1  67.6 019.4  03.7 1.13E-05 002.4 234.6  65.0 0.036589 0.031701 0.004364 hargrave 2024-04-11 22:04:09 
AF  50 000.1  67.7 019.8  03.5 1.07E-05 002.4 234.8  65.4 0.034792 0.030521 0.003981 hargrave 2024-04-11 22:05:30 
AF  60 000.5  67.3 019.7  03.2 1.01E-05 002.4 235.8  65.3 0.033169 0.028451 0.004295 hargrave 2024-04-11 22:06:50 
AF  70 001.1  66.7 019.6  02.5 9.65E-06 002.5 237.4  65.3 0.032189 0.028133 0.003469 hargrave 2024-04-11 22:08:10 
AF  80 000.8  66.2 019.3  02.1 9.19E-06 002.5 238.4  64.9 0.030552 0.027387 0.003214 hargrave 2024-04-11 22:09:30 
AF  90 003.2  66.1 020.1  01.5 8.80E-06 002.5 239.7  65.8 0.029486 0.026671 0.003543 hargrave 2024-04-11 22:10:50 
AF 100 001.5  66.1 019.5  01.8 8.48E-06 002.5 238.9  65.1 0.028935 0.025427 0.003466 hargrave 2024-04-11 22:12:11 
AF 110 000.1  65.9 018.9  02.0 8.04E-06 002.5 238.6  64.6 0.027070 0.023907 0.002820 hargrave 2024-04-11 22:13:31 
AF 120 000.4  65.4 018.8  01.4 7.73E-06 002.6 239.9  64.4 0.026578 0.023659 0.003912 hargrave 2024-04-11 22:14:51 
AF 130 002.3  64.1 018.9 -00.1 7.27E-06 002.6 243.4  64.5 0.024729 0.022237 0.004043 hargrave 2024-04-11 22:16:11 
AF 140 001.4  64.7 018.8  00.7 6.91E-06 002.6 241.6  64.5 0.024261 0.021549 0.004034 hargrave 2024-04-11 22:17:31 
AF 150 359.5  65.0 018.2  01.3 6.70E-06 002.5 240.2  63.9 0.023032 0.019489 0.004054 hargrave 2024-04-11 22:18:51 
AF 160 354.7  65.1 016.5  02.4 6.41E-06 002.6 237.7  62.2 0.022603 0.019562 0.002990 hargrave 2024-04-11 22:20:11 
AF 170 001.2  62.3 017.7 -01.4 6.31E-06 002.6 246.1  63.1 0.021765 0.019740 0.003415 hargrave 2024-04-11 22:21:31 
AF 180 359.1  63.3 017.3 -00.1 6.20E-06 002.4 243.2  62.9 0.020542 0.017954 0.003999 hargrave 2024-04-11 22:22:51 
AF 190 009.4  64.6 021.9 -00.8 6.24E-06 002.6 245.9  67.4 0.020557 0.019689 0.003549 hargrave 2024-04-11 22:24:11 
AF 200 005.3  63.4 019.8 -01.3 5.80E-06 002.5 246.5  65.3 0.019024 0.018322 0.003809 hargrave 2024-04-11 22:25:31 
AF 220 009.5  63.1 021.5 -02.2 5.58E-06 002.7 249.2  66.8 0.019177 0.018500 0.002684 hargrave 2024-04-11 22:26:51 
AF 240 359.4  61.5 016.5 -01.8 5.18E-06 002.8 246.7  62.0 0.018696 0.017626 0.004021 hargrave 2024-04-11 22:28:11 
AF 260 005.7  58.0 017.8 -06.3 4.82E-06 002.6 256.7  62.4 0.015907 0.015684 0.004696 hargrave 2024-04-11 22:29:31 
AF 280 007.2  61.3 019.8 -03.5 4.45E-06 002.7 251.6  64.9 0.015222 0.014856 0.003160 hargrave 2024-04-11 22:30:51 
AF 300 008.6  56.7 018.8 -08.1 3.90E-06 002.8 261.0  62.8 0.013190 0.013846 0.004222 hargrave 2024-04-11 22:32:11 
AF 320 007.1  57.3 018.3 -07.2 3.98E-06 003.0 258.9  62.5 0.014550 0.014924 0.003744 hargrave 2024-04-11 22:33:31 
AF 340 003.7  52.0 014.3 -11.3 3.67E-06 002.7 263.8  57.4 0.011471 0.013233 0.004150 hargrave 2024-04-11 22:34:51 
AF 360 010.2  52.8 018.3 -12.1 3.58E-06 002.8 268.5  60.7 0.011714 0.012846 0.003449 hargrave 2024-04-11 22:36:11 
AF 380 012.5  57.0 020.9 -08.5 3.84E-06 002.7 263.5  64.6 0.012584 0.013483 0.003850 hargrave 2024-04-11 22:37:31 
AF 400 014.1  58.4 022.2 -07.4 3.60E-06 002.5 262.3  66.1 0.010372 0.011587 0.002988 hargrave 2024-04-11 22:38:51 
AF 420 015.4  61.3 023.5 -04.8 3.65E-06 002.6 256.9  68.2 0.012159 0.011940 0.002246 hargrave 2024-04-11 22:40:11 
AF 440 001.1  57.3 015.3 -05.9 3.39E-06 002.9 254.5  60.0 0.013022 0.011582 0.003349 hargrave 2024-04-11 22:41:31 
AF 460 010.1  53.5 018.5 -11.4 3.23E-06 003.2 267.4  61.2 0.012226 0.013244 0.003833 hargrave 2024-04-11 22:42:51 
AF 480 008.1  64.5 021.4 -00.7 3.53E-06 002.6 245.4  66.9 0.011540 0.011303 0.003056 hargrave 2024-04-11 22:44:12 
AF 500 005.3  65.1 020.5  00.3 3.10E-06 003.2 242.7  66.1 0.012751 0.012143 0.002537 hargrave 2024-04-11 22:45:32 
AF 520 007.3  59.7 019.3 -05.0 3.36E-06 002.8 254.8  64.1 0.011947 0.011753 0.003093 hargrave 2024-04-11 22:46:52 
AF 540 017.6  60.3 024.4 -06.0 3.14E-06 002.8 260.9  68.6 0.010297 0.011480 0.002699 hargrave 2024-04-11 22:48:12 
AF 560 020.7  64.9 026.6 -01.8 2.76E-06 002.9 250.5  72.0 0.009861 0.010298 0.001767 hargrave 2024-04-11 22:49:32 
AF 580 011.5  60.5 021.5 -05.0 2.94E-06 002.7 256.2  66.2 0.009751 0.010496 0.002228 hargrave 2024-04-11 22:50:52 
AF 600 020.7  63.9 026.5 -02.7 2.32E-06 002.7 253.4  71.6 0.007290 0.007974 0.002217 hargrave 2024-04-11 22:52:11 
AF 650 013.8  67.5 024.5  01.4 3.30E-06 002.8 240.2  70.1 0.011770 0.010978 0.003216 hargrave 2024-04-11 22:53:31 
AF 700 019.1  59.9 025.0 -06.5 2.74E-06 003.2 262.8  69.1 0.010061 0.011292 0.002680 hargrave 2024-04-11 22:54:51 
AF 750 015.3  51.7 021.0 -14.1 2.79E-06 002.6 274.7  62.1 0.008124 0.009452 0.003153 hargrave 2024-04-11 22:56:10 
AF 800 014.5  58.3 022.3 -07.6 2.96E-06 002.9 262.9  66.2 0.010507 0.010675 0.001977 hargrave 2024-04-11 22:57:31 
AF 850 041.3  63.2 035.6 -03.4 2.98E-06 002.2 269.8  79.9 0.007360 0.009189 0.002259 hargrave 2024-04-11 22:58:51 
AF 900 024.5  60.8 027.8 -06.0 2.71E-06 002.2 264.9  71.8 0.007325 0.007522 0.002162 hargrave 2024-04-11 23:00:11 
AF 950 013.0  50.2 019.2 -15.1 2.92E-06 002.8 274.5  60.0 0.009440 0.010969 0.003155 hargrave 2024-04-11 23:01:31 
AF1000 002.3  59.3 016.8 -04.4 2.69E-06 002.9 252.2  61.8 0.009332 0.009646 0.003249 hargrave 2024-04-11 23:02:51 
