MF16- 55b sun compass orientation
      0 138.9  28.0 301.0  67.0   1.0
NRM    287.2  85.7 026.4  24.0 5.78E-06 002.3 187.2  59.5 0.020651 0.009557 0.008466 hargrave 2024-04-12 20:19:39 
TT  50 212.4  83.3 030.8  29.7 4.62E-06 002.1 176.6  55.5 0.015111 0.005286 0.008265 hargrave 2024-04-15 11:18:05 
TT 100 204.7  73.3 033.3  39.5 2.83E-06 002.9 170.2  46.3 0.010775 0.004609 0.009364 hargrave 2024-04-15 14:09:21 
TT 125 206.5  59.2 034.9  53.7 2.29E-06 004.0 166.6  32.4 0.010773 0.008476 0.009939 hargrave 2024-04-15 17:21:39 
TT 150 191.0  39.9 071.4  66.1 9.19E-09 047.7 150.5  16.2 0.000558 0.000771 0.000312 hargrave 2024-04-15 19:57:34 
TT 150 192.7  59.8 045.5  51.0 1.55E-06 003.1 158.8  34.9 0.005085 0.002261 0.006316 hargrave 2024-04-16 08:09:23 
TT 200 152.0  53.4 070.5  36.6 9.19E-09 052.4 130.6  39.8 0.000875 0.000715 0.000181 hargrave 2024-04-16 11:29:26 
TT 200 174.9  44.3 076.3  53.7 1.41E-06 003.0 140.4  24.7 0.002348 0.003797 0.006067 hargrave 2024-04-16 12:09:31 
TT 250 211.9  47.5 029.6  65.5 1.06E-06 005.2 167.8  20.3 0.006441 0.005017 0.006881 hargrave 2024-04-16 13:56:01 
TT 300 085.5  73.3 044.9  12.8 1.42E-08 008.0 145.3  72.1 0.000111 0.000137 0.000153 hargrave 2024-04-16 17:00:32 
TT 300 017.2 -56.0 224.6 -55.4 1.17E-06 002.6 340.0 -30.6 0.005474 0.005167 0.001813 hargrave 2024-04-16 17:44:50 
TT 325 180.6  60.6 052.3  46.9 1.33E-08 054.5 152.3  37.7 0.001152 0.001568 0.000205 hargrave 2024-04-17 09:24:52 
TT 325 214.5  16.9 240.4  83.1 6.46E-07 002.8 166.1 -10.2 0.002406 0.001716 0.002973 hargrave 2024-04-17 10:26:07 
TT 350 195.8  66.0 039.8  45.9 4.52E-09 059.7 163.1  39.5 0.000381 0.000581 0.000136 hargrave 2024-04-17 12:31:40 
TT 350 321.4  21.6 329.1 -08.8 6.28E-07 006.5 261.5  20.1 0.005595 0.005364 0.003788 hargrave 2024-04-17 13:30:59 
