MF16- 48b sun compass orientation
      0 138.4  33.0 301.0  67.0   1.0
NRM    004.4  75.6 024.5  10.0 1.03E-05 002.4 204.5  65.5 0.035381 0.022866 0.008821 hargrave 2024-04-12 20:08:33 
TT  50 354.8  72.8 020.8  08.8 9.64E-06 002.2 212.5  63.7 0.032200 0.019899 0.007443 hargrave 2024-04-15 11:04:24 
TT 100 004.8  72.9 023.5  07.5 6.05E-06 002.4 210.7  66.6 0.021631 0.013678 0.003441 hargrave 2024-04-15 13:56:19 
TT 125 015.3  70.0 025.7  03.7 3.85E-06 002.1 214.4  70.7 0.011671 0.008599 0.001977 hargrave 2024-04-15 17:07:08 
TT 150 019.5  75.4 028.1  08.7 3.00E-06 002.4 199.6  68.7 0.010630 0.006704 0.001568 hargrave 2024-04-15 19:42:57 
TT 200 054.4  78.8 035.5  12.7 1.73E-06 001.7 176.9  68.1 0.004671 0.002616 0.001606 hargrave 2024-04-16 11:14:06 
TT 250 195.8  26.7 102.7  75.7 7.58E-07 002.3 151.2 -01.9 0.004459 0.001746 0.002586 hargrave 2024-04-16 13:41:28 
TT 300 156.0  44.2 081.7  40.6 1.58E-06 001.6 129.4  27.8 0.003023 0.003141 0.002464 hargrave 2024-04-16 16:47:39 
TT 325 311.3  65.0 005.3  16.5 1.88E-06 002.1 218.0  47.0 0.007576 0.001804 0.001732 hargrave 2024-04-17 09:08:45 
TT 350 265.7  27.2 317.8  40.7 7.32E-07 003.4 212.6 -00.2 0.002705 0.001114 0.003939 hargrave 2024-04-17 12:15:28 
