MF16- 34b sun compass orientation
      0 188.9  55.0 301.0  67.0   1.0
NRM    356.2  72.8 021.2  08.6 3.67E-05 001.5 199.4  29.7 0.097318 0.019368 0.064280 hargrave 2024-04-12 19:44:40 
TT  55 001.8  69.3 021.0  04.7 3.57E-05 001.3 203.9  30.0 0.069916 0.017331 0.065751 hargrave 2024-04-15 10:37:45 
TT 100 000.9  66.7 019.6  02.5 3.06E-05 001.9 206.5  28.8 0.086587 0.030872 0.056568 hargrave 2024-04-15 13:07:01 
TT 125 351.5  70.8 018.8  07.8 2.79E-05 001.8 200.7  27.4 0.083126 0.025278 0.046849 hargrave 2024-04-15 15:48:58 
TT 150 000.0  63.8 017.9  00.1 2.23E-05 002.1 209.4  27.3 0.084605 0.020872 0.039645 hargrave 2024-04-15 19:06:17 
TT 200 343.7  67.7 014.7  07.2 1.94E-05 002.2 202.0  23.5 0.069940 0.037987 0.034322 hargrave 2024-04-16 10:39:05 
TT 250 005.1  63.4 019.7 -01.2 1.43E-05 002.5 210.8  29.3 0.063914 0.020804 0.025350 hargrave 2024-04-16 12:57:35 
TT 300 346.6  57.0 008.6 -01.8 6.81E-06 002.4 212.0  18.2 0.031325 0.006653 0.014918 hargrave 2024-04-16 15:53:15 
TT 325 332.1  45.8 354.3 -02.9 4.92E-06 002.5 214.0  04.0 0.022913 0.005914 0.011695 hargrave 2024-04-16 18:57:15 
TT 350 348.8  42.6 000.4 -13.7 3.67E-06 002.7 224.6  10.4 0.018808 0.002265 0.008826 hargrave 2024-04-17 11:24:31 
TT 375 344.6  11.6 333.3 -32.9 3.37E-06 002.5 246.1 -12.4 0.011868 0.004864 0.008534 hargrave 2024-04-17 14:31:33 
TT 400 317.8  15.1 321.7 -08.9 3.00E-06 001.2 223.2 -27.7 0.009991 0.002667 0.005666 hargrave 2024-04-18 11:25:44 
TT 420 117.5  71.9 050.4  20.7 2.13E-08 006.8 170.8  51.6 0.000172 0.000234 0.000317 hargrave 2024-04-18 15:18:50 
TT 420 355.4  36.7 000.9 -21.5 1.93E-06 004.0 232.6  10.9 0.014757 0.006230 0.006328 hargrave 2024-04-18 17:14:41 
TT 430 289.2  78.2 018.2  24.9 1.37E-08 012.4 182.3  23.2 0.000164 0.000124 0.000253 hargrave 2024-04-19 09:50:18 
TT 430 007.1  26.8 004.8 -35.1 2.26E-06 003.9 246.6  13.7 0.015696 0.009612 0.004709 hargrave 2024-04-19 12:02:21 
