MF16- 28a sun compass orientation
      0 170.3  36.0 301.0  67.0   1.0
NRM    005.5  68.7 022.0  03.5 3.45E-05 002.4 216.8  54.1 0.097121 0.102132 0.042071 hargrave 2024-04-01 18:06:05 
AF  10 004.1  68.0 021.2  03.2 3.23E-05 002.4 217.5  53.4 0.092625 0.096497 0.039288 hargrave 2024-04-01 18:07:32 
AF  20 003.3  67.7 020.8  03.0 3.02E-05 002.4 217.9  53.0 0.087385 0.092147 0.036061 hargrave 2024-04-01 18:08:48 
AF  30 357.4  72.4 021.3  08.1 2.77E-05 002.9 209.5  52.5 0.122069 0.074605 0.031411 hargrave 2024-04-01 18:18:49 
AF  40 356.2  72.2 020.8  08.1 2.55E-05 003.0 209.6  52.1 0.116110 0.072898 0.028909 hargrave 2024-04-01 18:20:10 
AF  50 357.7  72.3 021.3  08.0 2.37E-05 003.1 209.7  52.5 0.109968 0.069217 0.026775 hargrave 2024-04-01 18:21:30 
AF  60 000.9  71.8 021.9  07.1 2.23E-05 003.1 210.9  53.4 0.105107 0.066287 0.024537 hargrave 2024-04-01 18:22:51 
AF  70 002.9  71.0 022.2  06.1 2.05E-05 002.9 212.5  53.8 0.089149 0.061584 0.020200 hargrave 2024-04-01 18:24:13 
AF  80 355.2  70.3 019.6  06.7 1.88E-05 003.3 212.3  51.1 0.094304 0.058369 0.020292 hargrave 2024-04-01 18:25:34 
AF  90 353.7  68.0 017.8  05.1 1.75E-05 003.4 215.4  49.7 0.090370 0.055535 0.018771 hargrave 2024-04-01 18:26:54 
AF 100 358.1  67.4 018.9  03.6 1.60E-05 003.4 217.3  51.0 0.083126 0.050206 0.016398 hargrave 2024-04-01 18:28:15 
AF 110 357.7  68.6 019.4  04.8 1.41E-05 003.4 215.4  51.3 0.074908 0.044707 0.012482 hargrave 2024-04-01 18:29:36 
AF 120 004.6  70.1 022.2  05.0 1.35E-05 003.4 214.3  54.1 0.070592 0.042549 0.012698 hargrave 2024-04-01 18:30:57 
AF 130 358.0  68.8 019.6  04.8 1.18E-05 003.6 215.2  51.5 0.065635 0.041118 0.010166 hargrave 2024-04-01 18:32:17 
AF 140 004.1  70.0 022.1  05.0 1.15E-05 003.5 214.3  53.9 0.063265 0.036962 0.009456 hargrave 2024-04-01 18:33:38 
AF 150 015.5  71.3 026.1  04.9 9.91E-06 003.3 213.0  57.8 0.051248 0.029560 0.007225 hargrave 2024-04-01 18:34:59 
AF 160 029.0  69.4 030.3  02.5 9.26E-06 003.2 216.3  62.5 0.044088 0.028265 0.006538 hargrave 2024-04-01 18:36:20 
AF 170 013.4  66.1 023.9  00.1 8.46E-06 003.5 222.4  56.4 0.045137 0.028884 0.005850 hargrave 2024-04-01 18:37:41 
AF 180 018.3  68.3 026.3  01.8 7.85E-06 003.6 218.8  58.6 0.042675 0.027247 0.004134 hargrave 2024-04-01 18:39:02 
AF 190 027.7  67.9 029.7  00.9 8.57E-06 003.3 219.8  62.1 0.043362 0.028436 0.002641 hargrave 2024-04-01 18:40:23 
AF 200 026.6  71.7 029.6  04.8 8.12E-06 003.5 211.8  61.3 0.045638 0.027012 0.001041 hargrave 2024-04-01 18:41:43 
AF 220 010.7  77.3 026.5  11.0 8.58E-06 003.7 202.0  56.5 0.052947 0.026585 0.007117 hargrave 2024-04-01 18:43:05 
AF 240 019.8  71.0 027.4  04.3 7.04E-06 003.7 213.6  59.2 0.040192 0.026243 0.003839 hargrave 2024-04-01 18:44:25 
AF 260 002.9  69.9 021.6  05.0 5.92E-06 004.1 214.3  53.5 0.038639 0.023607 0.004372 hargrave 2024-04-01 18:45:46 
AF 280 301.5  82.2 022.6  22.7 6.87E-06 003.8 187.6  47.9 0.050375 0.019388 0.008339 hargrave 2024-04-01 18:47:07 
AF 300 332.9  79.2 021.4  17.0 6.02E-06 003.8 196.0  49.6 0.040551 0.019557 0.004592 hargrave 2024-04-01 18:48:27 
AF 320 294.1  67.0 005.9  23.7 4.65E-06 003.8 195.2  33.6 0.039099 0.016142 0.006056 hargrave 2024-04-01 18:49:49 
AF 340 332.9  72.9 016.1  13.3 6.06E-06 003.9 203.9  46.2 0.042304 0.020848 0.006284 hargrave 2024-04-01 18:51:10 
AF 360 251.1  77.3 021.4  32.4 4.65E-06 003.4 177.3  41.4 0.035583 0.014476 0.005895 hargrave 2024-04-01 18:52:31 
AF 380 209.8  78.7 031.3  34.3 3.35E-06 003.4 167.4  46.1 0.022308 0.010673 0.005997 hargrave 2024-04-01 18:53:52 
AF 400 257.2  64.9 008.0  38.6 3.23E-06 003.3 178.5  29.0 0.027667 0.011090 0.005648 hargrave 2024-04-01 18:55:13 
AF 420 318.1  54.1 356.4  09.1 1.42E-06 004.3 214.3  28.1 0.010419 0.007670 0.005893 hargrave 2024-04-01 18:56:34 
AF 440 198.2  55.7 043.8  55.9 1.73E-06 004.6 144.6  30.9 0.010778 0.008596 0.008449 hargrave 2024-04-01 18:57:55 
AF 460 357.1  73.6 021.8  09.2 4.11E-06 002.9 207.6  52.7 0.021642 0.011602 0.004964 hargrave 2024-04-01 18:59:15 
AF 480 037.8  85.0 031.6  18.0 2.79E-06 002.7 186.4  57.6 0.013141 0.006781 0.005851 hargrave 2024-04-01 19:00:43 
AF 500 169.0  69.5 048.1  37.3 2.87E-06 003.4 147.2  49.7 0.016964 0.008842 0.005643 hargrave 2024-04-01 19:02:08 
AF 520 242.2  59.0 007.6  47.7 1.73E-06 002.4 169.9  24.0 0.012470 0.003877 0.005747 hargrave 2024-04-01 19:03:29 
AF 540 288.8  68.8 007.9  25.8 2.89E-06 003.5 192.1  34.5 0.023430 0.011219 0.005649 hargrave 2024-04-01 19:04:50 
AF 560 265.3  57.0 356.7  38.3 2.28E-06 003.1 182.9  21.1 0.022648 0.009479 0.009476 hargrave 2024-04-01 19:06:11 
AF 580 238.7 -17.2 247.4  41.5 7.20E-07 009.1 147.1 -49.6 0.008294 0.008270 0.008329 hargrave 2024-04-01 19:09:08 
AF 600 272.7  66.5 006.5  32.2 2.50E-06 003.7 185.7  30.8 0.021233 0.010103 0.006175 hargrave 2024-04-01 19:10:29 
AF 650 176.3  69.5 045.9  39.1 1.29E-06 005.1 149.0  47.4 0.009937 0.006907 0.009122 hargrave 2024-04-01 19:11:50 
AF 700 220.6  36.2 001.0  74.4 3.05E-06 003.5 148.8  06.5 0.023359 0.010514 0.010433 hargrave 2024-04-01 19:13:10 
AF 750 197.0  46.0 053.9  64.3 2.89E-06 004.0 137.4  23.5 0.018309 0.013265 0.010075 hargrave 2024-04-01 19:14:31 
AF 800 011.8  78.2 027.1  11.8 4.48E-06 004.2 200.3  56.7 0.029056 0.018731 0.005622 hargrave 2024-04-01 19:15:51 
AF 850 059.0  49.5 049.3 -13.3 2.88E-06 002.9 280.2  76.2 0.009787 0.012591 0.006173 hargrave 2024-04-01 19:17:12 
AF 900 203.8  67.4 034.9  45.3 3.23E-06 002.9 155.9  38.5 0.019233 0.006773 0.004688 hargrave 2024-04-01 19:18:33 
AF 950 110.0  07.8 109.4 -06.9 1.47E-06 006.5 038.6  38.0 0.008710 0.011598 0.008363 hargrave 2024-04-01 19:19:54 
AF1000 121.4  44.0 079.5  16.0 4.14E-06 003.3 086.2  61.7 0.014550 0.017840 0.008398 hargrave 2024-04-01 19:21:15 
