MF16- 15a sun compass orientation
  118.2 233.4  50.0 301.0  67.0   1.0
NRM    338.3  69.6 014.7  09.9 9.07E-06 001.8 185.5  20.2 0.036642 0.020141 0.006328 hargrave 2023-11-22 17:47:52 
AF  10 338.1  70.1 014.9  10.3 8.82E-06 001.7 185.3  20.6 0.035064 0.016921 0.006669 hargrave 2023-11-22 17:49:12 
AF  20 341.3  70.8 016.3  10.0 8.43E-06 001.7 186.2  21.6 0.031107 0.016595 0.006515 hargrave 2023-11-22 17:50:37 
AF  30 342.3  71.6 017.0  10.3 8.13E-06 001.8 186.4  22.4 0.033059 0.015731 0.006054 hargrave 2023-11-22 17:51:57 
AF  40 343.5  71.4 017.2  09.9 7.71E-06 001.7 186.8  22.3 0.034480 0.013269 0.005854 hargrave 2023-11-22 17:53:25 
AF  50 347.0  72.7 018.9  10.1 7.24E-06 001.8 187.5  23.9 0.030151 0.013888 0.005780 hargrave 2023-11-22 17:54:46 
AF  60 345.6  73.6 019.2  11.1 6.74E-06 001.8 186.7  24.6 0.028400 0.013043 0.005176 hargrave 2023-11-22 17:56:06 
AF  70 347.8  74.6 020.3  11.5 6.50E-06 001.7 187.0  25.8 0.024186 0.011420 0.005171 hargrave 2023-11-22 17:57:28 
AF  80 343.6  74.3 019.2  12.0 6.03E-06 001.8 185.9  25.1 0.025642 0.011598 0.005006 hargrave 2023-11-22 17:58:49 
AF  90 345.0  75.2 020.2  12.4 5.80E-06 001.9 186.0  26.1 0.024972 0.011068 0.004795 hargrave 2023-11-22 18:00:10 
AF 100 344.1  77.3 021.5  14.0 5.69E-06 001.9 185.1  28.0 0.024250 0.010332 0.004675 hargrave 2023-11-22 18:01:30 
AF 110 346.7  78.6 022.8  14.6 5.66E-06 001.9 185.2  29.4 0.023918 0.010200 0.004940 hargrave 2023-11-22 18:02:51 
AF 120 354.9  77.0 023.2  12.3 5.32E-06 002.0 187.7  28.6 0.023075 0.009892 0.004583 hargrave 2023-11-22 18:04:11 
AF 130 349.7  79.4 023.8  14.9 5.09E-06 001.9 185.4  30.3 0.021767 0.009087 0.004158 hargrave 2023-11-22 18:05:32 
AF 140 357.7  78.1 024.4  13.0 4.67E-06 002.0 187.7  29.9 0.020648 0.008714 0.003951 hargrave 2023-11-22 18:06:52 
AF 150 354.7  77.4 023.4  12.7 4.56E-06 001.9 187.4  29.0 0.018760 0.008254 0.003780 hargrave 2023-11-22 18:08:16 
AF 160 353.7  77.9 023.5  13.2 4.30E-06 002.0 187.0  29.3 0.019280 0.008051 0.003910 hargrave 2023-11-22 18:09:37 
AF 170 340.3  79.4 022.5  16.1 3.82E-06 001.7 183.5  29.8 0.015483 0.005981 0.002984 hargrave 2023-11-22 18:11:02 
AF 180 328.3  84.2 025.5  20.2 3.71E-06 001.9 180.6  34.2 0.016212 0.005852 0.002493 hargrave 2023-11-22 18:12:23 
AF 190 350.0  81.8 025.4  16.7 3.55E-06 001.9 184.4  32.6 0.015910 0.005762 0.002009 hargrave 2023-11-22 18:13:43 
AF 200 015.5  79.2 028.1  12.5 3.42E-06 002.1 190.2  32.9 0.015219 0.006245 0.002361 hargrave 2023-11-22 18:15:03 
AF 220 021.7  83.3 029.9  16.4 2.76E-06 002.0 187.1  36.3 0.012002 0.004554 0.001661 hargrave 2023-11-22 18:16:24 
AF 240 031.5  84.3 031.1  17.4 2.65E-06 002.0 186.6  37.7 0.011639 0.004177 0.001175 hargrave 2023-11-22 18:17:44 
AF 260 045.2  78.2 033.9  11.5 2.44E-06 002.3 194.8  37.4 0.010710 0.004748 0.001392 hargrave 2023-11-22 18:19:05 
AF 280 043.9  76.4 034.1  09.7 2.16E-06 002.3 196.8  36.5 0.009919 0.003860 0.001197 hargrave 2023-11-22 18:20:25 
AF 300 077.5  72.9 043.5  10.8 1.91E-06 002.3 202.3  44.9 0.007811 0.003070 0.001060 hargrave 2023-11-22 18:21:45 
AF 320 069.4  75.8 040.0  11.6 1.83E-06 002.2 198.6  42.4 0.007331 0.003117 0.001141 hargrave 2023-11-22 18:23:06 
AF 340 084.4  77.6 041.3  15.3 1.84E-06 002.2 195.2  45.4 0.008125 0.002441 0.000784 hargrave 2023-11-22 18:24:27 
AF 360 135.7  76.4 045.6  25.8 1.94E-06 001.9 183.0  53.4 0.007029 0.001647 0.001041 hargrave 2023-11-22 18:25:48 
AF 380 144.5  80.3 040.9  26.5 2.02E-06 001.8 179.7  49.7 0.007394 0.001792 0.001275 hargrave 2023-11-22 18:27:08 
AF 400 133.4  76.4 045.8  25.2 1.48E-06 001.8 184.0  53.4 0.005306 0.000987 0.000637 hargrave 2023-11-22 18:28:29 
AF 420 157.2  76.8 043.4  30.3 1.81E-06 001.7 174.8  52.8 0.005919 0.001090 0.001050 hargrave 2023-11-22 18:29:49 
AF 440 169.6  74.0 043.8  34.5 1.71E-06 001.7 168.1  53.8 0.005403 0.001415 0.001396 hargrave 2023-11-22 18:31:09 
AF 460 007.0  81.5 027.4  15.2 1.20E-06 001.9 187.0  33.6 0.005670 0.001697 0.000280 hargrave 2023-11-22 18:32:29 
AF 480 209.7  81.8 031.2  31.2 1.05E-06 001.6 169.8  42.8 0.003899 0.000855 0.000129 hargrave 2023-11-22 18:33:50 
AF 500 071.6  60.7 049.6 -00.0 1.62E-06 002.4 219.2  42.7 0.005782 0.003323 0.001715 hargrave 2023-11-22 18:35:10 
AF 520 074.8  61.7 050.2  01.7 9.99E-07 002.3 218.1  44.3 0.003478 0.001930 0.000805 hargrave 2023-11-22 18:36:30 
AF 540 089.0  70.1 048.2  11.6 1.47E-06 002.2 205.0  49.1 0.005332 0.002357 0.001496 hargrave 2023-11-22 18:37:51 
AF 560 101.4  52.7 066.2  07.1 1.42E-06 002.0 231.8  58.9 0.004130 0.002446 0.001448 hargrave 2023-11-22 18:39:11 
AF 580 111.2  42.9 077.9  08.7 1.11E-06 001.3 252.6  65.9 0.001663 0.001802 0.001233 hargrave 2023-11-22 18:40:32 
AF 600 111.4  55.7 065.9  13.7 1.06E-06 001.6 222.5  63.8 0.002386 0.001460 0.001063 hargrave 2023-11-22 18:41:52 
