MF16- 40a sun compass orientation
      0 163.4  45.0 301.0  67.0   1.0
NRM    353.5  65.0 016.0  02.6 1.05E-05 003.8 215.3  43.9 0.064002 0.036701 0.015552 hargrave 2024-04-03 19:25:38 
AF  10 351.7  65.5 015.8  03.5 9.60E-06 003.8 214.3  43.3 0.058812 0.033966 0.014424 hargrave 2024-04-03 19:26:58 
AF  20 349.5  65.9 015.2  04.3 9.04E-06 003.9 213.5  42.5 0.056287 0.032387 0.014374 hargrave 2024-04-03 19:28:18 
AF  30 351.2  65.8 015.8  03.8 8.45E-06 003.9 213.8  43.2 0.052584 0.029905 0.013169 hargrave 2024-04-03 19:29:37 
AF  40 351.0  66.1 015.8  04.1 7.81E-06 003.9 213.5  43.2 0.048886 0.026078 0.012141 hargrave 2024-04-03 19:30:57 
AF  50 348.6  65.3 014.6  04.0 7.31E-06 003.9 214.1  42.0 0.046162 0.025443 0.011739 hargrave 2024-04-03 19:32:17 
AF  60 347.4  64.7 013.8  03.9 6.93E-06 003.9 214.6  41.3 0.043712 0.023953 0.011727 hargrave 2024-04-03 19:33:37 
AF  70 343.8  65.7 013.3  05.7 6.62E-06 004.0 212.7  40.3 0.042879 0.023713 0.011159 hargrave 2024-04-03 19:34:56 
AF  80 345.0  65.3 013.5  05.1 6.47E-06 004.0 213.3  40.6 0.041589 0.022769 0.011242 hargrave 2024-04-03 19:36:16 
AF  90 342.2  65.8 012.9  06.2 6.13E-06 004.0 212.2  39.7 0.039870 0.021612 0.010650 hargrave 2024-04-03 19:37:36 
AF 100 338.6  67.1 012.8  08.1 6.17E-06 003.9 210.0  38.9 0.040809 0.020269 0.010752 hargrave 2024-04-03 19:38:56 
AF 110 342.9  69.1 015.4  08.3 5.70E-06 003.9 208.4  41.2 0.037412 0.018521 0.009566 hargrave 2024-04-03 19:40:15 
AF 120 340.8  69.2 014.9  08.9 5.51E-06 003.8 207.9  40.5 0.035974 0.017213 0.009085 hargrave 2024-04-03 19:41:39 
AF 130 338.4  65.0 011.2  06.8 5.10E-06 004.0 212.2  37.9 0.033251 0.018210 0.009529 hargrave 2024-04-03 19:42:59 
AF 140 331.8  64.5 009.0  08.6 4.53E-06 004.0 211.1  35.2 0.030135 0.015757 0.008872 hargrave 2024-04-03 19:44:19 
AF 150 329.1  64.1 008.0  09.3 4.70E-06 004.1 210.8  34.0 0.032112 0.016586 0.009865 hargrave 2024-04-03 19:45:39 
AF 160 315.2  66.7 007.5  15.6 4.52E-06 003.9 204.0  31.1 0.032245 0.013150 0.009646 hargrave 2024-04-03 19:46:59 
AF 170 321.5  70.2 011.9  15.0 4.52E-06 003.8 202.6  35.2 0.030907 0.012130 0.009658 hargrave 2024-04-03 19:48:20 
AF 180 324.1  64.1 006.8  11.2 4.25E-06 003.9 209.2  32.3 0.028822 0.013636 0.008340 hargrave 2024-04-03 19:49:39 
AF 190 331.0  68.7 012.3  11.3 4.29E-06 003.8 206.4  37.1 0.028640 0.012541 0.007696 hargrave 2024-04-03 19:50:59 
AF 200 315.0  78.1 018.8  19.7 4.34E-06 003.5 193.4  38.5 0.029302 0.009758 0.008319 hargrave 2024-04-03 19:52:19 
AF 220 317.1  72.2 013.1  17.1 4.38E-06 003.5 199.6  35.3 0.029898 0.010570 0.007616 hargrave 2024-04-03 19:53:39 
AF 240 336.0  65.1 010.6  07.6 3.63E-06 003.9 211.6  37.1 0.022627 0.011784 0.007000 hargrave 2024-04-03 19:54:59 
AF 260 305.3  77.8 017.9  21.5 3.86E-06 003.3 192.0  36.8 0.026085 0.007947 0.006727 hargrave 2024-04-03 19:56:19 
AF 280 308.3  73.4 013.5  20.0 3.29E-06 003.5 196.4  34.2 0.022439 0.007556 0.006264 hargrave 2024-04-03 19:57:40 
AF 300 295.7  79.7 019.8  23.6 2.94E-06 003.3 188.7  37.0 0.018815 0.005180 0.006657 hargrave 2024-04-03 19:59:00 
AF 320 293.0  70.2 009.5  24.3 2.51E-06 003.6 194.2  28.8 0.017354 0.006115 0.006687 hargrave 2024-04-03 20:00:20 
AF 340 250.7  65.6 010.7  40.4 2.43E-06 002.5 178.8  20.6 0.018108 0.003465 0.004813 hargrave 2024-04-03 20:01:41 
AF 360 251.3  72.6 017.2  35.7 2.63E-06 002.8 179.3  27.6 0.018349 0.003019 0.005878 hargrave 2024-04-03 20:03:01 
AF 380 250.7  66.5 011.6  39.8 3.10E-06 002.5 178.8  21.5 0.022886 0.003609 0.006682 hargrave 2024-04-03 20:04:21 
AF 400 219.0  63.8 025.7  48.8 2.51E-06 002.3 164.4  22.2 0.016636 0.001521 0.005110 hargrave 2024-04-03 20:05:42 
AF 420 230.5  83.1 028.4  29.5 2.90E-06 002.8 176.6  38.6 0.018456 0.002605 0.004145 hargrave 2024-04-03 20:07:02 
AF 440 252.3  80.2 023.6  30.1 2.85E-06 002.8 179.8  35.3 0.018228 0.002907 0.004939 hargrave 2024-04-03 20:08:22 
AF 460 223.6  79.7 028.3  33.0 2.13E-06 002.6 173.7  35.9 0.012969 0.001453 0.003681 hargrave 2024-04-03 20:09:43 
AF 480 224.7  38.5 357.1  70.6 1.58E-06 002.3 157.9 -02.6 0.009653 0.002130 0.004895 hargrave 2024-04-03 20:11:03 
AF 500 194.6  62.4 042.5  49.0 2.12E-06 002.5 153.5  27.2 0.011638 0.002570 0.003758 hargrave 2024-04-03 20:12:23 
AF 520 197.6  54.0 045.6  57.4 1.56E-06 002.4 148.9  19.8 0.008270 0.002159 0.002680 hargrave 2024-04-03 20:13:44 
AF 540 187.2  49.7 060.0  57.4 2.37E-06 002.8 140.8  20.8 0.011246 0.005167 0.004442 hargrave 2024-04-03 20:15:04 
AF 560 180.3  54.9 058.7  50.8 2.15E-06 002.7 141.7  27.4 0.009890 0.004291 0.002746 hargrave 2024-04-03 20:16:24 
AF 580 180.7  69.1 044.6  40.4 2.10E-06 002.5 155.2  35.9 0.011252 0.002530 0.002620 hargrave 2024-04-03 20:17:45 
AF 600 222.4  44.0 009.6  67.0 2.11E-06 002.1 158.2  03.1 0.013909 0.004671 0.003392 hargrave 2024-04-03 20:19:05 
AF 650 221.2  42.8 010.2  68.5 1.35E-06 002.1 157.0  02.4 0.008626 0.001821 0.002701 hargrave 2024-04-03 20:20:25 
AF 700 176.0  82.0 036.3  29.5 2.07E-06 003.0 169.3  42.7 0.011831 0.003369 0.003986 hargrave 2024-04-03 20:21:45 
AF 750 162.3  65.9 053.7  37.2 1.55E-06 003.0 147.5  40.6 0.007829 0.002503 0.003626 hargrave 2024-04-03 20:23:06 
AF 800 215.3  78.1 029.9  34.9 2.54E-06 002.5 171.0  35.2 0.016796 0.002721 0.003282 hargrave 2024-04-03 20:24:27 
AF 850 278.9  82.8 023.6  25.5 2.65E-06 002.8 184.0  38.4 0.017715 0.003684 0.002794 hargrave 2024-04-03 20:25:48 
AF 900 159.7  75.5 044.3  31.5 2.75E-06 002.6 159.6  44.1 0.015002 0.003017 0.002615 hargrave 2024-04-03 20:27:08 
AF 950 175.5  67.0 048.4  40.7 1.91E-06 002.5 151.7  36.4 0.009971 0.002221 0.001419 hargrave 2024-04-03 20:28:29 
AF1000 163.7  66.2 053.0  37.6 2.97E-06 002.9 148.1  40.2 0.015593 0.007026 0.002458 hargrave 2024-04-03 20:29:50 
