MF16- 68b mag compass orientation (IGRF corrected)
      0 153.1  21.0 301.0  67.0   1.0
NRM    016.5  60.9 024.0 -05.3 5.26E-06 002.0 269.7  69.3 0.012071 0.012666 0.007888 hargrave 2024-04-12 20:47:45 
TT  50 020.4  56.2 025.0 -10.3 4.38E-06 001.9 282.5  67.3 0.008140 0.011215 0.006554 hargrave 2024-04-15 11:42:07 
TT 100 026.5  46.8 027.7 -20.1 3.00E-06 002.4 301.7  61.4 0.006206 0.009434 0.006116 hargrave 2024-04-15 14:31:52 
TT 125 029.6  49.1 030.1 -17.9 2.63E-06 002.0 303.5  64.3 0.003357 0.007399 0.005742 hargrave 2024-04-15 17:44:05 
TT 150 029.8  46.1 030.1 -20.9 2.37E-06 002.0 306.6  61.7 0.002047 0.007156 0.005772 hargrave 2024-04-15 20:19:10 
TT 200 026.7  42.0 027.5 -24.9 2.06E-06 001.7 305.9  57.0 0.001138 0.005610 0.004874 hargrave 2024-04-16 11:50:07 
TT 250 064.0  30.1 063.3 -28.1 1.73E-06 001.6 001.2  51.1 0.003094 0.003276 0.003964 hargrave 2024-04-16 14:16:46 
TT 300 047.6  03.0 065.0 -59.4 2.27E-06 001.8 343.1  23.2 0.005316 0.004750 0.005971 hargrave 2024-04-16 17:21:19 
TT 325 054.6  06.4 071.8 -52.6 1.69E-06 001.8 350.4  27.2 0.004125 0.003180 0.004948 hargrave 2024-04-17 09:47:11 
TT 350 049.2  35.0 048.1 -29.5 1.70E-06 001.5 339.9  55.2 0.002358 0.002957 0.005111 hargrave 2024-04-17 12:54:07 
TT 375 038.7  26.0 040.1 -40.4 1.73E-06 002.4 328.5  44.6 0.002055 0.006185 0.005829 hargrave 2024-04-17 15:53:09 
TT 400 304.5 -47.7 256.3 -19.1 5.92E-07 003.1 266.5 -53.7 0.002500 0.001816 0.001850 hargrave 2024-04-18 11:49:23 
TT 420 031.1  26.5 031.1 -40.5 5.67E-07 002.1 319.2  43.5 0.002574 0.001266 0.001372 hargrave 2024-04-18 15:46:14 
TT 430 290.0  21.2 317.0  17.7 6.00E-07 002.1 223.3  06.3 0.001334 0.002565 0.000754 hargrave 2024-04-19 10:17:28 
