MF16- 38a sun compass orientation
      0 166.6  54.0 301.0  67.0   1.0
NRM    019.6  56.9 024.7 -09.5 1.68E-05 003.6 222.3  47.1 0.094060 0.058741 0.015971 hargrave 2024-04-03 17:10:21 
AF  10 017.0  58.5 023.7 -07.7 1.56E-05 003.6 220.1  45.6 0.089046 0.054667 0.015408 hargrave 2024-04-03 17:11:43 
AF  20 016.6  59.3 023.7 -06.8 1.45E-05 003.7 219.0  45.4 0.084555 0.051900 0.014061 hargrave 2024-04-03 17:13:04 
AF  30 019.8  60.8 025.5 -05.7 1.39E-05 003.7 216.6  46.8 0.081257 0.049093 0.012335 hargrave 2024-04-03 17:14:25 
AF  40 019.8  60.3 025.4 -06.2 1.28E-05 003.7 217.3  46.9 0.074396 0.046891 0.011463 hargrave 2024-04-03 17:15:49 
AF  50 020.8  60.8 026.0 -05.8 1.21E-05 003.7 216.5  47.3 0.072343 0.043823 0.010040 hargrave 2024-04-03 17:17:10 
AF  60 020.8  61.5 026.1 -05.2 1.15E-05 003.8 215.6  47.2 0.069957 0.041481 0.010186 hargrave 2024-04-03 17:18:30 
AF  70 021.2  63.3 026.6 -03.3 1.09E-05 003.8 212.8  47.0 0.068028 0.038508 0.009214 hargrave 2024-04-03 17:19:51 
AF  80 023.6  66.0 028.0 -00.8 1.04E-05 003.7 208.6  47.3 0.065560 0.034325 0.009150 hargrave 2024-04-03 17:21:12 
AF  90 021.5  66.3 027.2 -00.4 1.03E-05 003.7 208.6  46.4 0.066224 0.034425 0.007976 hargrave 2024-04-03 17:22:33 
AF 100 021.8  66.3 027.3 -00.4 1.01E-05 003.7 208.5  46.5 0.062890 0.033820 0.008324 hargrave 2024-04-03 17:23:57 
AF 110 023.2  66.8 027.9  00.0 9.75E-06 003.7 207.6  46.9 0.063087 0.031850 0.007701 hargrave 2024-04-03 17:25:19 
AF 120 018.2  68.3 026.3  01.8 9.20E-06 003.8 206.2  44.6 0.061784 0.030199 0.007467 hargrave 2024-04-03 17:26:39 
AF 130 015.8  68.7 025.5  02.4 9.24E-06 003.7 206.0  43.7 0.061482 0.029442 0.008299 hargrave 2024-04-03 17:28:00 
AF 140 009.3  70.2 023.8  04.5 8.55E-06 003.8 204.5  41.2 0.059240 0.026664 0.008654 hargrave 2024-04-03 17:29:20 
AF 150 003.9  70.6 022.3  05.6 8.33E-06 003.7 204.2  39.4 0.058417 0.025994 0.008223 hargrave 2024-04-03 17:30:41 
AF 160 009.1  69.7 023.5  04.0 8.37E-06 003.9 205.2  41.2 0.058253 0.029730 0.008012 hargrave 2024-04-03 17:32:05 
AF 170 006.4  64.6 020.7 -00.4 8.05E-06 004.0 212.0  40.4 0.055655 0.030343 0.007964 hargrave 2024-04-03 17:33:26 
AF 180 014.9  66.4 024.6  00.2 7.65E-06 004.0 209.3  43.8 0.053577 0.027857 0.006387 hargrave 2024-04-03 17:34:47 
AF 190 008.4  70.0 023.4  04.4 7.15E-06 003.8 204.9  40.9 0.050716 0.023273 0.005900 hargrave 2024-04-03 17:36:07 
AF 200 008.5  66.3 022.1  01.0 7.78E-06 004.0 209.7  41.2 0.054681 0.027322 0.008071 hargrave 2024-04-03 17:37:28 
AF 220 020.4  67.0 026.9  00.3 7.45E-06 003.9 207.8  45.8 0.050600 0.025841 0.005157 hargrave 2024-04-03 17:38:49 
AF 240 007.3  69.3 022.8  03.9 6.35E-06 003.9 205.8  40.6 0.045254 0.021881 0.006400 hargrave 2024-04-03 17:40:10 
AF 260 013.8  69.8 025.1  03.6 5.90E-06 003.9 204.7  42.8 0.041726 0.019066 0.005171 hargrave 2024-04-03 17:41:30 
AF 280 001.3  72.9 022.5  07.9 6.35E-06 003.9 201.4  38.5 0.047613 0.020010 0.007011 hargrave 2024-04-03 17:42:51 
AF 300 341.7  68.9 015.0  08.5 5.95E-06 004.0 204.9  31.6 0.046972 0.021203 0.007107 hargrave 2024-04-03 17:44:12 
AF 320 334.0  74.0 017.2  13.7 6.18E-06 003.6 198.3  31.1 0.048403 0.017202 0.007522 hargrave 2024-04-03 17:45:32 
AF 340 348.5  81.8 025.2  16.9 5.38E-06 003.5 190.1  35.8 0.043003 0.013310 0.004452 hargrave 2024-04-03 17:46:53 
AF 360 335.4  73.1 016.7  12.9 5.64E-06 003.6 199.5  31.1 0.044102 0.015290 0.005825 hargrave 2024-04-03 17:48:13 
AF 380 005.9  78.7 026.1  12.7 5.24E-06 003.6 193.7  38.9 0.039765 0.013357 0.004123 hargrave 2024-04-03 17:49:34 
AF 400 348.0  73.9 019.9  10.9 6.22E-06 003.5 199.8  34.7 0.046915 0.017098 0.004419 hargrave 2024-04-03 17:50:55 
AF 420 280.7  77.4 017.8  26.8 5.41E-06 002.6 185.6  24.4 0.043488 0.007586 0.004973 hargrave 2024-04-03 17:52:15 
AF 440 305.5  81.0 021.4  22.0 5.43E-06 003.0 187.8  29.9 0.043007 0.009565 0.004842 hargrave 2024-04-03 17:53:36 
AF 460 298.4  84.1 024.6  23.1 5.97E-06 002.9 184.6  31.5 0.046359 0.009829 0.003896 hargrave 2024-04-03 17:54:57 
AF 480 297.2  71.9 011.3  23.0 4.98E-06 003.1 192.6  21.6 0.042791 0.012065 0.006321 hargrave 2024-04-03 17:56:21 
AF 500 339.2  77.7 021.0  15.1 5.42E-06 003.6 194.6  33.5 0.043771 0.014652 0.005043 hargrave 2024-04-03 17:57:46 
AF 520 332.4  74.2 017.2  14.2 5.53E-06 003.4 197.9  30.8 0.043868 0.014526 0.004100 hargrave 2024-04-03 17:59:06 
AF 540 261.4  77.1 019.4  30.8 5.21E-06 002.5 181.2  23.1 0.043215 0.008560 0.005440 hargrave 2024-04-03 18:00:27 
AF 560 291.6  66.6 005.4  24.7 5.53E-06 002.8 193.7  16.0 0.046564 0.012815 0.006641 hargrave 2024-04-03 18:01:48 
AF 580 308.9  74.4 014.5  20.0 5.35E-06 003.1 193.7  25.7 0.044627 0.012801 0.003557 hargrave 2024-04-03 18:03:08 
AF 600 317.8  79.2 020.0  19.5 5.18E-06 003.1 191.0  30.3 0.042830 0.011859 0.002425 hargrave 2024-04-03 18:04:30 
AF 650 337.7  74.4 018.2  13.2 5.44E-06 003.5 198.2  32.2 0.043651 0.015269 0.002799 hargrave 2024-04-03 18:05:50 
AF 700 317.8  70.5 011.5  16.2 4.26E-06 003.5 198.9  25.1 0.036006 0.013142 0.001980 hargrave 2024-04-03 18:07:11 
AF 750 298.2  72.6 012.1  22.7 5.42E-06 002.9 192.4  22.3 0.044886 0.011936 0.004863 hargrave 2024-04-03 18:08:32 
AF 800 266.6  65.5 006.4  34.8 4.80E-06 001.7 184.2  11.8 0.041466 0.007483 0.003927 hargrave 2024-04-03 18:09:52 
AF 850 294.6  70.2 009.4  23.7 4.97E-06 002.8 192.8  19.7 0.043084 0.012077 0.001668 hargrave 2024-04-03 18:11:17 
AF 900 281.7  58.0 355.9  29.5 4.10E-06 002.3 193.1  06.3 0.036997 0.009190 0.001893 hargrave 2024-04-03 18:12:38 
AF 950 300.1  79.1 019.2  22.7 3.61E-06 002.7 188.4  27.8 0.030599 0.007824 0.002149 hargrave 2024-04-03 18:13:59 
AF1000 330.0  70.2 013.3  12.5 3.84E-06 003.6 201.7  28.3 0.033010 0.013720 0.001230 hargrave 2024-04-03 18:15:20 
