MF16- 58b sun compass orientation
      0 144.6  22.0 301.0  67.0   1.0
NRM    106.4  67.7 053.4  15.9 1.08E-05 001.8 113.5  71.0 0.030877 0.019015 0.008446 hargrave 2024-04-12 20:27:36 
TT  50 105.7  59.8 060.8  12.4 8.66E-06 001.6 094.4  66.9 0.021131 0.012598 0.013383 hargrave 2024-04-15 11:23:54 
TT 100 113.9  37.6 083.6  08.5 7.03E-06 001.5 077.9  45.8 0.011133 0.009420 0.016097 hargrave 2024-04-15 14:13:37 
TT 125 112.8  24.0 095.9  02.2 6.31E-06 001.4 069.3  33.8 0.009909 0.006488 0.016802 hargrave 2024-04-15 17:25:54 
TT 150 111.3  16.5 102.0 -02.1 6.88E-06 001.6 064.5  27.5 0.014915 0.006190 0.018517 hargrave 2024-04-15 20:01:47 
TT 200 119.9 -03.7 123.9 -02.4 5.39E-06 001.7 065.6  05.6 0.009100 0.006697 0.015705 hargrave 2024-04-16 11:33:39 
TT 250 093.3 -27.0 138.9 -33.9 4.32E-06 002.2 034.4 -09.2 0.016086 0.010394 0.011932 hargrave 2024-04-16 14:00:15 
TT 300 222.5 -13.8 229.1  51.6 1.37E-06 006.3 165.5 -35.2 0.009179 0.013981 0.002403 hargrave 2024-04-16 17:04:47 
TT 325 185.1  25.4 109.9  66.3 3.13E-06 003.0 135.8  10.2 0.009191 0.015421 0.003614 hargrave 2024-04-17 09:29:06 
TT 350 259.7  21.5 308.9  45.1 3.16E-06 003.0 203.2  01.4 0.010719 0.014981 0.005211 hargrave 2024-04-17 12:35:54 
