MF16- 31b sun compass orientation
      0 221.7  42.0 301.0  67.0   1.0
NRM    004.3  71.2 022.6  06.0 2.85E-05 001.8 198.2  34.9 0.086612 0.031055 0.037592 hargrave 2024-04-12 19:41:36 
TT  55 011.8  69.0 024.2  03.1 2.77E-05 001.3 202.3  35.1 0.052570 0.018914 0.040292 hargrave 2024-04-15 10:32:36 
TT 100 006.2  69.9 022.7  04.5 2.41E-05 001.3 199.9  34.3 0.049222 0.017746 0.035818 hargrave 2024-04-15 13:01:03 
TT 125 001.4  68.6 020.6  04.1 2.15E-05 001.8 199.2  32.3 0.072089 0.022217 0.030221 hargrave 2024-04-15 15:43:47 
TT 150 009.5  67.5 022.9  01.9 1.83E-05 002.1 202.8  33.4 0.069508 0.036964 0.025334 hargrave 2024-04-15 19:01:08 
TT 200 010.9  63.7 022.3 -01.9 1.56E-05 002.3 206.3  31.0 0.068982 0.023955 0.022516 hargrave 2024-04-16 10:34:42 
TT 250 002.0  67.2 020.2  02.8 1.22E-05 002.3 200.4  31.3 0.055891 0.015417 0.018522 hargrave 2024-04-16 12:51:37 
TT 300 023.6  70.1 028.5  03.2 5.39E-06 002.6 204.6  38.9 0.025411 0.008709 0.007715 hargrave 2024-04-16 15:48:05 
TT 325 006.6  62.6 020.0 -02.2 4.47E-06 002.7 205.5  28.9 0.021767 0.007256 0.009420 hargrave 2024-04-16 18:52:55 
TT 350 039.2  60.2 035.1 -06.6 4.32E-06 003.0 219.8  39.1 0.020479 0.007669 0.009665 hargrave 2024-04-17 11:18:33 
TT 375 019.3  60.8 025.3 -05.7 1.88E-06 003.3 212.0  31.6 0.009975 0.005554 0.004889 hargrave 2024-04-17 14:26:06 
TT 400 104.9  68.4 052.5  15.7 2.02E-06 004.1 203.6  65.6 0.011117 0.010737 0.002677 hargrave 2024-04-18 11:22:45 
TT 420 187.6  71.4 040.5  39.8 1.63E-08 011.0 152.2  55.2 0.000176 0.000247 0.000169 hargrave 2024-04-18 15:15:06 
TT 420 356.6  74.2 022.0  09.7 1.09E-06 003.0 193.7  35.9 0.006917 0.003465 0.002750 hargrave 2024-04-18 17:13:16 
TT 430 168.5  88.8 031.9  23.9 1.31E-08 022.5 178.9  48.7 0.000304 0.000210 0.000390 hargrave 2024-04-19 09:47:22 
TT 430 270.9  50.1 347.3  36.6 1.07E-06 003.0 154.4  14.2 0.007715 0.004660 0.001002 hargrave 2024-04-19 11:59:28 
