MF16- 17a sun compass orientation
  145.2 186.3  62.0 301.0  67.0   1.0
NRM    004.9  70.0 022.3  04.8 3.13E-05 000.9 202.3  25.7 0.053699 0.020985 0.031532 hargrave 2023-11-22 19:38:41 
AF  10 003.9  69.2 021.7  04.2 3.05E-05 001.6 203.1  25.2 0.088875 0.051796 0.030046 hargrave 2023-11-22 19:40:02 
AF  20 003.8  69.0 021.5  04.1 2.89E-05 001.5 203.3  25.1 0.068422 0.051735 0.028777 hargrave 2023-11-22 19:41:23 
AF  30 004.3  68.2 021.4  03.3 2.73E-05 001.9 204.2  25.1 0.116299 0.056466 0.027219 hargrave 2023-11-22 19:42:44 
AF  40 003.7  68.9 021.5  04.0 2.56E-05 002.1 203.4  25.1 0.089715 0.066130 0.024988 hargrave 2023-11-22 19:44:11 
AF  50 005.3  69.1 022.1  04.0 2.39E-05 002.5 203.3  25.7 0.084410 0.089156 0.024214 hargrave 2023-11-22 19:45:35 
AF  60 001.9  68.4 020.7  03.9 2.20E-05 002.0 203.7  24.3 0.070309 0.041467 0.022746 hargrave 2023-11-22 19:46:55 
AF  70 001.5  67.7 020.2  03.3 2.02E-05 002.0 204.4  24.0 0.065952 0.038492 0.020744 hargrave 2023-11-22 19:48:16 
AF  80 002.3  67.8 020.6  03.3 1.81E-05 002.1 204.4  24.3 0.059949 0.035858 0.019225 hargrave 2023-11-22 19:49:37 
AF  90 000.0  68.7 020.2  04.4 1.58E-05 002.1 203.2  23.7 0.053677 0.031993 0.016660 hargrave 2023-11-22 19:50:57 
AF 100 356.3  66.7 018.0  03.4 1.43E-05 002.1 204.8  21.7 0.050519 0.029636 0.014812 hargrave 2023-11-22 19:52:18 
AF 110 357.6  64.3 017.2  01.0 1.26E-05 001.7 207.5  21.4 0.044003 0.018854 0.014166 hargrave 2023-11-22 19:53:46 
AF 120 006.5  68.2 022.1  03.0 1.25E-05 002.2 204.4  25.9 0.044169 0.025899 0.013454 hargrave 2023-11-22 19:55:07 
AF 130 018.5  65.4 025.8 -01.1 1.13E-05 002.3 208.2  30.3 0.041266 0.023679 0.012964 hargrave 2023-11-22 19:56:27 
AF 140 014.5  60.5 022.9 -05.4 1.03E-05 002.4 213.5  28.1 0.037572 0.022279 0.012462 hargrave 2023-11-22 19:57:48 
AF 150 013.9  59.7 022.4 -06.1 9.16E-06 002.6 214.4  27.6 0.031506 0.028859 0.011671 hargrave 2023-11-22 19:59:12 
AF 160 013.0  52.5 019.9 -12.9 7.42E-06 002.7 222.2  25.8 0.028694 0.017531 0.010210 hargrave 2023-11-22 20:00:32 
AF 170 020.0  55.3 024.7 -11.1 7.29E-06 002.5 219.8  30.4 0.026123 0.016758 0.010288 hargrave 2023-11-22 20:01:53 
AF 180 015.7  52.8 021.6 -13.0 6.81E-06 002.6 222.2  27.5 0.025423 0.016105 0.009870 hargrave 2023-11-22 20:03:14 
AF 190 027.0  58.2 028.9 -08.8 7.82E-06 002.4 216.7  34.3 0.027955 0.016595 0.009549 hargrave 2023-11-22 20:04:34 
AF 200 011.3  58.3 020.7 -07.1 6.60E-06 002.7 215.7  26.1 0.023580 0.020529 0.010073 hargrave 2023-11-22 20:05:59 
AF 220 020.4  51.9 024.3 -14.6 6.04E-06 002.5 223.8  30.2 0.021402 0.013844 0.007385 hargrave 2023-11-22 20:07:20 
AF 240 359.8  48.0 010.1 -13.7 4.60E-06 002.8 223.8  16.4 0.016952 0.012189 0.008413 hargrave 2023-11-22 20:08:40 
AF 260 016.6  41.6 019.3 -24.0 4.87E-06 002.5 234.6  25.5 0.015854 0.012543 0.007501 hargrave 2023-11-22 20:10:01 
AF 280 031.0  37.1 031.0 -29.9 5.07E-06 002.2 242.5  35.3 0.014376 0.012460 0.004912 hargrave 2023-11-22 20:11:21 
AF 300 066.8  40.7 058.8 -18.1 5.29E-06 001.3 234.5  62.7 0.009145 0.007812 0.003933 hargrave 2023-11-22 20:12:42 
AF 320 078.0  28.5 074.7 -21.4 3.66E-06 000.9 263.8  73.9 0.002248 0.004605 0.005292 hargrave 2023-11-22 20:14:02 
AF 340 079.1  49.6 060.0 -05.8 4.53E-06 001.4 206.6  64.7 0.009654 0.005553 0.003722 hargrave 2023-11-22 20:15:23 
AF 360 066.3  32.8 063.3 -24.9 5.03E-06 001.3 252.0  63.7 0.006830 0.008769 0.004411 hargrave 2023-11-22 20:16:43 
AF 380 077.6  25.7 076.7 -23.6 2.44E-06 001.3 273.7  73.2 0.002715 0.004713 0.001865 hargrave 2023-11-22 20:18:04 
AF 400 075.2  28.2 073.0 -23.4 1.89E-06 001.4 264.4  71.4 0.002628 0.003055 0.004696 hargrave 2023-11-22 20:19:25 
AF 420 090.5 -27.3 138.9 -36.5 2.07E-06 002.6 353.8  34.4 0.011735 0.005228 0.002964 hargrave 2023-11-22 20:20:45 
AF 440 078.5 -07.1 109.5 -41.7 2.28E-06 002.4 331.3  51.0 0.007525 0.006931 0.001949 hargrave 2023-11-22 20:22:05 
AF 460 139.6 -03.1 131.4  15.8 2.56E-06 002.8 060.4  38.1 0.009938 0.007370 0.002073 hargrave 2023-11-22 20:23:26 
AF 480 125.4 -05.6 127.9  01.8 2.38E-06 002.9 044.3  46.2 0.010286 0.005936 0.003008 hargrave 2023-11-22 20:24:47 
AF 500 086.8 -05.0 111.5 -33.3 3.33E-06 002.0 343.1  55.7 0.011688 0.006931 0.002186 hargrave 2023-11-22 20:26:07 
AF 520 094.8 -08.3 118.5 -27.3 3.03E-06 002.1 357.4  53.7 0.011109 0.005298 0.003860 hargrave 2023-11-22 20:27:27 
AF 540 106.5  34.1 084.3  01.6 5.56E-06 000.5 127.3  79.3 0.005059 0.001514 0.000441 hargrave 2023-11-22 20:28:48 
AF 560 110.5  09.4 108.2 -05.8 3.35E-06 001.9 038.4  67.1 0.008604 0.006798 0.001417 hargrave 2023-11-22 20:30:08 
AF 580 115.6 -19.2 136.9 -12.2 2.67E-06 002.9 023.7  39.3 0.012620 0.008038 0.003611 hargrave 2023-11-22 20:31:29 
AF 600 106.2 -19.7 134.4 -20.6 4.81E-06 002.2 012.5  41.3 0.018788 0.011497 0.001489 hargrave 2023-11-22 20:32:49 
