MF16- 39b sun compass orientation
      0 165.5  51.0 301.0  67.0   1.0
NRM    019.1  57.5 024.5 -08.8 1.33E-05 002.5 223.6  49.6 0.051233 0.031166 0.016778 hargrave 2024-04-12 19:54:51 
TT  55 017.9  55.8 023.6 -10.4 1.10E-05 002.4 226.2  49.0 0.039522 0.024057 0.014779 hargrave 2024-04-15 10:45:19 
TT 100 022.5  49.7 025.3 -16.9 5.10E-06 002.9 236.1  51.5 0.021172 0.014256 0.008824 hargrave 2024-04-15 13:16:06 
TT 125 026.9  45.3 027.9 -21.6 4.28E-06 002.9 243.8  54.0 0.017661 0.012728 0.007118 hargrave 2024-04-15 15:57:20 
TT 150 045.3  46.5 041.4 -19.3 3.01E-06 003.0 241.4  66.8 0.012046 0.010407 0.006994 hargrave 2024-04-15 19:13:46 
TT 200 030.9  37.0 030.9 -30.0 4.04E-06 002.8 258.9  55.1 0.012921 0.012598 0.011814 hargrave 2024-04-16 10:47:23 
TT 250 095.1  15.9 095.3 -16.2 1.59E-06 004.0 042.1  61.2 0.005199 0.007769 0.009134 hargrave 2024-04-16 13:06:36 
TT 300 038.1 -30.1 170.6 -80.5 2.68E-06 003.1 327.4  12.7 0.006289 0.009004 0.013415 hargrave 2024-04-16 16:02:18 
TT 325 162.4  59.5 060.8  40.2 2.55E-06 001.9 142.2  34.3 0.009900 0.007672 0.002575 hargrave 2024-04-16 19:04:37 
TT 350 004.9 -82.2 215.0 -30.0 2.81E-06 001.8 350.8 -36.0 0.009625 0.004449 0.005464 hargrave 2024-04-17 11:33:34 
TT 375 344.9 -27.5 284.9 -48.3 2.90E-06 002.4 291.7 -17.3 0.004943 0.002890 0.011769 hargrave 2024-04-17 14:39:01 
