MF16- 29a sun compass orientation
      0 205.1  56.0 301.0  67.0   1.0
NRM    005.2  71.0 022.8  05.7 2.52E-05 001.3 199.9  25.9 0.060504 0.016147 0.041509 hargrave 2024-04-01 19:22:42 
AF  10 001.1  70.2 021.2  05.6 2.35E-05 002.6 199.8  24.3 0.109415 0.055986 0.040438 hargrave 2024-04-01 19:24:03 
AF  20 359.2  68.8 020.0  04.6 2.19E-05 002.7 200.7  23.0 0.104565 0.053704 0.038434 hargrave 2024-04-01 19:25:23 
AF  30 357.6  67.6 018.8  03.9 2.03E-05 002.8 201.4  21.8 0.099800 0.053530 0.036108 hargrave 2024-04-01 19:26:43 
AF  40 357.6  67.2 018.6  03.6 1.86E-05 002.8 201.7  21.5 0.094951 0.048937 0.032762 hargrave 2024-04-01 19:28:04 
AF  50 355.0  65.5 016.9  02.7 1.69E-05 003.0 202.4  19.7 0.090210 0.048633 0.030395 hargrave 2024-04-01 19:29:25 
AF  60 354.7  64.3 016.1  01.7 1.48E-05 003.1 203.3  18.8 0.083349 0.044693 0.027104 hargrave 2024-04-01 19:30:45 
AF  70 358.0  65.3 017.9  01.9 1.35E-05 003.1 203.4  20.5 0.079204 0.039702 0.022657 hargrave 2024-04-01 19:32:06 
AF  80 354.4  63.8 015.7  01.4 1.21E-05 003.2 203.6  18.3 0.072724 0.036297 0.021191 hargrave 2024-04-01 19:33:27 
AF  90 358.4  62.6 016.6 -00.6 1.12E-05 003.5 205.8  19.0 0.070793 0.037061 0.019387 hargrave 2024-04-01 19:34:47 
AF 100 356.7  60.8 015.0 -01.7 1.04E-05 003.6 206.7  17.2 0.067626 0.035311 0.019305 hargrave 2024-04-01 19:36:08 
AF 110 359.5  57.8 014.8 -05.0 9.68E-06 003.8 210.1  16.4 0.064170 0.035074 0.018076 hargrave 2024-04-01 19:37:29 
AF 120 000.6  55.2 014.0 -07.6 7.59E-06 004.0 212.6  15.2 0.053697 0.028308 0.013975 hargrave 2024-04-01 19:38:49 
AF 130 349.9  49.9 005.6 -08.5 7.12E-06 004.1 212.0  06.9 0.051965 0.027861 0.013168 hargrave 2024-04-01 19:40:10 
AF 140 350.2  41.5 000.5 -15.2 6.48E-06 004.2 217.9  00.9 0.046280 0.026469 0.010936 hargrave 2024-04-01 19:41:32 
AF 150 356.4  41.9 004.7 -17.6 6.27E-06 004.4 220.9  04.5 0.043683 0.027466 0.012782 hargrave 2024-04-01 19:42:52 
AF 160 357.9  37.5 003.2 -21.9 5.76E-06 004.4 224.9  02.3 0.039342 0.026140 0.011819 hargrave 2024-04-01 19:44:13 
AF 170 359.4  33.4 001.8 -26.1 4.85E-06 004.4 228.8  00.4 0.030849 0.023356 0.010726 hargrave 2024-04-01 19:45:33 
AF 180 005.7  45.9 012.8 -17.4 5.26E-06 004.5 222.2  12.1 0.037310 0.024356 0.009335 hargrave 2024-04-01 19:46:54 
AF 190 003.1  44.0 010.3 -18.3 4.78E-06 004.6 222.5  09.5 0.034821 0.021690 0.008948 hargrave 2024-04-01 19:48:14 
AF 200 352.7  52.6 008.7 -07.3 4.32E-06 004.2 211.3  10.0 0.034426 0.016806 0.007453 hargrave 2024-04-01 19:49:35 
AF 220 022.5  51.7 025.5 -14.9 3.42E-06 004.3 222.9  24.5 0.022929 0.015132 0.003995 hargrave 2024-04-01 19:50:56 
AF 240 353.6  34.8 358.4 -22.2 2.92E-06 004.3 224.5 -02.1 0.019216 0.013028 0.004249 hargrave 2024-04-01 19:52:16 
AF 260 351.6  41.3 001.2 -16.1 2.41E-06 004.2 218.8  01.4 0.017130 0.009351 0.004039 hargrave 2024-04-01 19:53:37 
AF 280 332.2  26.0 338.3 -14.9 2.41E-06 003.9 215.3 -20.4 0.016594 0.010576 0.003782 hargrave 2024-04-01 19:54:59 
AF 300 004.9  45.9 012.3 -17.1 2.78E-06 004.4 221.8  11.7 0.019988 0.012883 0.005049 hargrave 2024-04-01 19:56:19 
AF 320 011.5  27.0 009.3 -36.6 3.10E-06 003.8 240.3  04.6 0.015074 0.016862 0.006195 hargrave 2024-04-01 19:57:40 
AF 340 012.8  28.5 011.3 -35.6 2.84E-06 003.9 239.7  06.4 0.014439 0.014129 0.007069 hargrave 2024-04-01 19:59:01 
AF 360 026.7  09.0 023.1 -57.7 1.87E-06 001.9 263.4  06.4 0.004848 0.012141 0.001643 hargrave 2024-04-01 20:00:21 
AF 380 014.6 -05.8 346.0 -66.6 3.34E-06 001.5 269.0 -11.9 0.006898 0.017666 0.007573 hargrave 2024-04-01 20:01:42 
AF 400 012.1 -18.1 313.0 -71.6 2.57E-06 001.2 278.4 -20.6 0.003415 0.012719 0.004263 hargrave 2024-04-01 20:03:03 
AF 420 354.6 -12.8 311.1 -54.0 2.35E-06 001.7 263.7 -32.2 0.003233 0.011630 0.001960 hargrave 2024-04-01 20:04:23 
AF 440 008.0  06.0 350.5 -53.3 2.95E-06 002.4 255.3 -10.6 0.008537 0.017476 0.002029 hargrave 2024-04-01 20:05:44 
AF 460 354.5 -40.6 262.3 -54.7 1.42E-06 003.1 296.4 -43.2 0.006440 0.006560 0.001062 hargrave 2024-04-01 20:07:05 
AF 480 358.3 -17.7 304.7 -59.0 2.98E-06 001.5 270.8 -31.8 0.002955 0.014818 0.001799 hargrave 2024-04-01 20:08:26 
AF 500 332.7  00.4 315.0 -28.7 2.49E-06 002.9 233.6 -40.8 0.009991 0.007917 0.002450 hargrave 2024-04-01 20:09:47 
AF 520 358.6  19.5 351.7 -37.0 1.56E-06 004.2 238.7 -09.3 0.008420 0.008058 0.005753 hargrave 2024-04-01 20:11:08 
AF 540 003.2  11.6 350.0 -45.9 6.39E-07 005.9 247.8 -10.9 0.005356 0.006029 0.002239 hargrave 2024-04-01 20:12:29 
AF 560 313.6  22.2 326.3 -02.2 1.73E-06 003.5 200.0 -31.1 0.012005 0.006160 0.001257 hargrave 2024-04-01 20:13:49 
AF 580 334.5 -08.0 306.9 -33.8 2.73E-06 002.7 243.5 -45.4 0.008292 0.010230 0.003267 hargrave 2024-04-01 20:15:10 
AF 600 304.5  16.4 317.4  03.3 2.21E-06 003.2 191.6 -38.8 0.011858 0.007815 0.004196 hargrave 2024-04-01 20:16:31 
AF 650 022.9  13.3 017.9 -52.9 5.37E-07 003.0 257.8  05.6 0.002089 0.003340 0.001142 hargrave 2024-04-01 20:17:52 
AF 700 192.4 -32.9 192.7  31.4 1.19E-06 004.0 056.0 -08.7 0.004749 0.006499 0.003759 hargrave 2024-04-01 20:19:12 
AF 750 035.4 -01.6 043.0 -68.2 4.03E-06 001.7 277.2  07.6 0.007674 0.024176 0.006121 hargrave 2024-04-01 20:20:33 
AF 800 028.0  05.1 024.6 -61.8 3.02E-06 001.9 267.4  05.2 0.008601 0.020067 0.004136 hargrave 2024-04-01 20:21:54 
AF 850 322.3 -25.2 283.6 -27.9 2.54E-06 001.5 256.8 -64.9 0.003542 0.005726 0.003089 hargrave 2024-04-01 20:23:15 
AF 900 026.2  41.2 027.0 -25.7 1.91E-06 004.3 234.4  22.3 0.011255 0.009744 0.002887 hargrave 2024-04-01 20:24:36 
AF 950 346.2 -27.9 284.3 -49.4 3.18E-06 001.4 276.5 -46.2 0.003281 0.009944 0.003013 hargrave 2024-04-01 20:25:57 
AF1000 026.0 -11.6 007.4 -77.7 1.61E-06 001.4 280.2 -05.7 0.003195 0.010009 0.001771 hargrave 2024-04-01 20:27:19 
