MF16- 31a sun compass orientation
      0 221.7  42.0 301.0  67.0   1.0
NRM    009.1  66.0 022.3  00.5 2.93E-05 002.0 203.9  32.2 0.038216 0.083868 0.060686 hargrave 2024-04-01 21:36:44 
AF  10 005.5  65.1 020.6  00.3 2.79E-05 001.7 203.2  30.5 0.072740 0.052592 0.058468 hargrave 2024-04-01 21:38:05 
AF  20 003.1  63.8 019.1 -00.5 2.65E-05 001.3 203.2  28.9 0.055864 0.011942 0.055344 hargrave 2024-04-01 21:39:25 
AF  30 001.1  63.9 018.4  00.0 2.45E-05 002.6 202.3  28.4 0.095132 0.057188 0.052072 hargrave 2024-04-01 21:40:45 
AF  40 001.4  62.3 017.7 -01.5 2.24E-05 002.8 203.5  27.2 0.091962 0.056660 0.048989 hargrave 2024-04-01 21:42:06 
AF  50 001.3  60.3 016.7 -03.3 2.08E-05 002.8 204.7  25.5 0.087126 0.051657 0.045878 hargrave 2024-04-01 21:43:26 
AF  60 001.2  58.6 016.0 -04.7 1.90E-05 003.0 205.7  24.1 0.083341 0.051606 0.043168 hargrave 2024-04-01 21:44:47 
AF  70 002.7  57.3 016.0 -06.2 1.75E-05 003.1 207.2  23.4 0.079627 0.050054 0.040703 hargrave 2024-04-01 21:46:07 
AF  80 004.6  56.6 016.7 -07.3 1.64E-05 003.2 208.6  23.4 0.077569 0.049345 0.037478 hargrave 2024-04-01 21:47:28 
AF  90 003.4  57.0 016.3 -06.7 1.52E-05 003.2 207.8  23.4 0.074294 0.045987 0.034245 hargrave 2024-04-01 21:48:48 
AF 100 000.7  55.5 014.2 -07.3 1.40E-05 003.2 207.3  21.3 0.070181 0.042598 0.031231 hargrave 2024-04-01 21:50:09 
AF 110 358.8  53.1 012.1 -08.9 1.31E-05 003.3 207.7  18.7 0.067962 0.041133 0.027701 hargrave 2024-04-01 21:51:30 
AF 120 005.8  50.9 015.0 -12.8 1.21E-05 003.5 212.7  19.2 0.065372 0.041078 0.026053 hargrave 2024-04-01 21:52:50 
AF 130 001.9  51.0 012.8 -11.7 1.09E-05 003.6 210.5  17.9 0.060773 0.038103 0.023248 hargrave 2024-04-01 21:54:11 
AF 140 354.9  51.7 009.3 -08.8 1.01E-05 003.4 206.2  16.4 0.057250 0.031881 0.023637 hargrave 2024-04-01 21:55:31 
AF 150 002.1  49.0 012.0 -13.6 9.26E-06 003.7 211.8  16.3 0.054000 0.031990 0.020547 hargrave 2024-04-01 21:56:52 
AF 160 358.6  46.6 008.6 -14.5 8.41E-06 003.8 211.0  13.0 0.051716 0.029924 0.018608 hargrave 2024-04-01 21:58:12 
AF 170 009.0  42.1 013.5 -21.8 7.79E-06 004.1 219.9  13.2 0.047486 0.030831 0.017292 hargrave 2024-04-01 21:59:32 
AF 180 008.0  40.0 012.0 -23.4 6.60E-06 004.1 220.5  11.2 0.040469 0.027473 0.013981 hargrave 2024-04-01 22:00:53 
AF 190 014.5  39.7 017.0 -25.4 6.49E-06 004.2 224.8  13.9 0.038671 0.027978 0.015851 hargrave 2024-04-01 22:02:13 
AF 200 005.0  35.7 007.6 -26.4 5.49E-06 004.2 220.9  06.2 0.032781 0.022821 0.014135 hargrave 2024-04-01 22:03:33 
AF 220 015.1  32.8 015.2 -32.2 4.99E-06 004.2 229.5  08.6 0.029255 0.022519 0.011225 hargrave 2024-04-01 22:04:53 
AF 240 011.9  31.0 011.4 -32.9 4.88E-06 004.2 228.3  05.6 0.027581 0.022217 0.011166 hargrave 2024-04-01 22:06:13 
AF 260 010.3  25.8 007.4 -37.3 4.01E-06 004.1 230.2  00.5 0.021612 0.018489 0.009663 hargrave 2024-04-01 22:07:33 
AF 280 357.9  22.3 353.3 -34.4 4.65E-06 004.1 222.5 -08.4 0.028005 0.019736 0.007567 hargrave 2024-04-01 22:08:54 
AF 300 002.2  20.6 356.0 -38.1 4.29E-06 004.1 226.8 -07.9 0.025207 0.017587 0.010271 hargrave 2024-04-01 22:10:14 
AF 320 017.3  31.5 016.9 -34.0 3.64E-06 004.2 231.8  08.8 0.018887 0.015878 0.011347 hargrave 2024-04-01 22:11:34 
AF 340 351.6  30.1 353.7 -24.8 3.16E-06 004.0 213.8 -04.1 0.019996 0.011238 0.009552 hargrave 2024-04-01 22:12:54 
AF 360 040.8  31.0 041.3 -35.2 2.99E-06 003.6 247.5  22.0 0.011144 0.015438 0.009730 hargrave 2024-04-01 22:14:15 
AF 380 003.7  01.8 340.4 -53.7 3.67E-06 002.9 238.8 -22.9 0.012682 0.016530 0.006895 hargrave 2024-04-01 22:15:36 
AF 400 023.2  15.1 018.9 -51.1 2.50E-06 003.1 246.2 -00.6 0.008602 0.011938 0.005769 hargrave 2024-04-01 22:16:56 
AF 420 003.9  21.4 358.3 -38.4 4.15E-06 004.2 227.8 -06.4 0.023043 0.018871 0.010576 hargrave 2024-04-01 22:18:17 
AF 440 357.2  33.6 000.2 -24.9 4.86E-06 004.2 216.5  01.1 0.033072 0.018627 0.010291 hargrave 2024-04-01 22:19:37 
AF 460 037.2  31.0 037.6 -35.6 2.16E-06 003.4 245.2  19.8 0.007552 0.010106 0.006980 hargrave 2024-04-01 22:20:57 
AF 480 027.9  42.4 028.5 -24.5 3.00E-06 003.9 230.9  22.5 0.014871 0.012334 0.008580 hargrave 2024-04-01 22:22:17 
AF 500 018.1  39.1 019.8 -26.7 2.67E-06 004.5 227.4  15.1 0.014623 0.010709 0.011538 hargrave 2024-04-01 22:23:38 
AF 520 042.3  06.8 052.8 -58.2 4.87E-06 001.8 265.9  05.5 0.010165 0.023431 0.009328 hargrave 2024-04-01 22:24:58 
AF 540 056.5  32.2 055.8 -29.6 3.75E-06 003.0 256.5  32.8 0.013450 0.018029 0.005477 hargrave 2024-04-01 22:26:18 
AF 560 088.0  34.6 075.7 -11.0 2.79E-06 002.7 276.3  55.1 0.007764 0.011544 0.004494 hargrave 2024-04-01 22:27:38 
AF 580 064.6  06.5 083.1 -45.8 2.45E-06 003.0 283.0  20.1 0.009907 0.015093 0.004231 hargrave 2024-04-01 22:28:58 
AF 600 048.4  18.6 054.7 -45.0 2.98E-06 002.8 262.1  18.2 0.008163 0.015255 0.008846 hargrave 2024-04-01 22:30:18 
AF 650 049.4 -37.1 166.9 -68.8 1.79E-06 002.6 301.4 -22.1 0.004893 0.005045 0.004673 hargrave 2024-04-01 22:31:39 
AF 700 027.0  04.9 022.6 -61.8 3.35E-06 002.5 255.8 -06.0 0.009385 0.016834 0.007486 hargrave 2024-04-01 22:32:59 
AF 750 045.4 -32.4 160.8 -74.2 3.56E-06 002.2 295.4 -21.3 0.008253 0.014124 0.003711 hargrave 2024-04-01 22:34:19 
AF 800 058.7 -06.7 093.9 -58.8 2.25E-06 002.0 287.2  06.2 0.004716 0.011573 0.003239 hargrave 2024-04-01 22:35:39 
AF 850 051.2  31.9 051.1 -31.8 1.60E-06 003.3 253.4  29.1 0.006993 0.009111 0.001111 hargrave 2024-04-01 22:37:00 
AF 900 176.6 -41.0 184.3  18.5 6.81E-07 005.3 032.5 -07.5 0.006460 0.004776 0.003415 hargrave 2024-04-01 22:38:20 
AF 950 357.8 -43.0 256.8 -56.1 2.51E-06 001.7 278.6 -57.8 0.004474 0.007001 0.001925 hargrave 2024-04-01 22:39:41 
AF1000 136.9  10.3 117.4  18.5 1.13E-06 003.3 008.3  52.0 0.005823 0.004620 0.002331 hargrave 2024-04-01 22:41:02 
