MF16- 49a sun compass orientation
      0 159.2  23.0 301.0  67.0   1.0
NRM    313.0  66.6 007.2  16.4 8.91E-06 003.8 214.4  51.0 0.053058 0.029401 0.010309 hargrave 2024-04-05 17:14:09 
AF  10 314.4  66.0 006.7  15.7 8.26E-06 003.8 215.7  50.7 0.048422 0.027401 0.009995 hargrave 2024-04-05 17:15:29 
AF  20 315.4  65.9 006.8  15.2 7.75E-06 003.8 216.4  50.9 0.045335 0.025836 0.009445 hargrave 2024-04-05 17:16:50 
AF  30 317.4  65.4 006.7  14.3 7.37E-06 003.8 217.8  50.9 0.042408 0.025201 0.009255 hargrave 2024-04-05 17:18:11 
AF  40 315.6  66.0 007.0  15.2 6.93E-06 003.7 216.3  51.0 0.039571 0.022543 0.008605 hargrave 2024-04-05 17:19:31 
AF  50 314.3  65.2 005.9  15.4 6.55E-06 003.7 216.3  50.0 0.037750 0.021146 0.008444 hargrave 2024-04-05 17:20:52 
AF  60 312.9  64.3 004.9  15.6 5.98E-06 003.8 216.3  49.0 0.035031 0.019518 0.008296 hargrave 2024-04-05 17:22:13 
AF  70 307.9  64.5 004.4  17.8 5.79E-06 003.8 213.4  48.1 0.035064 0.018248 0.008236 hargrave 2024-04-05 17:23:34 
AF  80 307.3  62.9 002.6  17.6 5.57E-06 003.8 214.2  46.5 0.033948 0.017819 0.008189 hargrave 2024-04-05 17:24:55 
AF  90 306.5  60.5 000.1  17.2 5.37E-06 003.9 215.3  44.2 0.033727 0.017798 0.008056 hargrave 2024-04-05 17:26:16 
AF 100 307.3  56.9 356.7  15.8 4.91E-06 004.0 218.0  41.2 0.030433 0.016859 0.007682 hargrave 2024-04-05 17:27:37 
AF 110 307.6  60.2 360.0  16.6 4.51E-06 003.8 216.2  44.2 0.027133 0.014685 0.006393 hargrave 2024-04-05 17:28:57 
AF 120 306.4  58.9 358.5  16.9 4.46E-06 003.9 216.2  42.7 0.027242 0.013943 0.008031 hargrave 2024-04-05 17:30:18 
AF 130 301.0  56.4 355.2  19.0 4.08E-06 003.9 214.2  39.2 0.025475 0.012546 0.006952 hargrave 2024-04-05 17:31:39 
AF 140 299.5  57.1 355.7  19.9 3.92E-06 003.9 212.9  39.6 0.024689 0.012261 0.006687 hargrave 2024-04-05 17:33:00 
AF 150 297.2  51.1 349.2  20.0 3.82E-06 004.1 214.0  33.5 0.025271 0.012310 0.007524 hargrave 2024-04-05 17:34:21 
AF 160 298.4  55.3 353.7  20.2 3.94E-06 003.9 213.0  37.7 0.025556 0.012180 0.006430 hargrave 2024-04-05 17:35:42 
AF 170 299.6  52.0 350.4  18.7 3.81E-06 004.0 215.4  34.9 0.024371 0.012545 0.007048 hargrave 2024-04-05 17:37:03 
AF 180 309.9  56.1 356.3  14.2 3.70E-06 003.7 220.2  41.1 0.020850 0.012231 0.006026 hargrave 2024-04-05 17:38:24 
AF 190 302.5  57.6 356.6  18.5 3.80E-06 003.8 214.5  40.7 0.023098 0.012001 0.006582 hargrave 2024-04-05 17:39:45 
AF 200 307.7  53.8 353.7  14.6 3.96E-06 003.9 220.0  38.5 0.023473 0.013911 0.007290 hargrave 2024-04-05 17:41:06 
AF 220 302.0  54.5 353.4  18.0 3.44E-06 003.8 215.8  37.8 0.020801 0.010764 0.005948 hargrave 2024-04-05 17:42:31 
AF 240 308.7  54.8 354.9  14.4 3.63E-06 003.7 220.1  39.6 0.020487 0.012636 0.005439 hargrave 2024-04-05 17:43:52 
AF 260 305.4  46.2 345.8  13.5 3.55E-06 004.1 222.1  30.9 0.021599 0.013317 0.007067 hargrave 2024-04-05 17:45:13 
AF 280 297.6  38.4 336.3  16.5 2.74E-06 004.1 219.1  21.6 0.017482 0.010189 0.005329 hargrave 2024-04-05 17:46:34 
AF 300 299.6  49.0 347.4  18.0 2.87E-06 003.8 216.6  32.1 0.017062 0.008888 0.005393 hargrave 2024-04-05 17:47:55 
AF 320 296.5  55.9 354.1  21.4 2.59E-06 003.5 211.4  37.8 0.015601 0.007120 0.003441 hargrave 2024-04-05 17:49:20 
AF 340 287.9  47.3 344.1  25.4 2.52E-06 003.8 208.7  28.0 0.017245 0.007446 0.004172 hargrave 2024-04-05 17:50:41 
AF 360 303.9  37.1 336.6  11.4 2.09E-06 003.9 224.6  22.0 0.012187 0.007899 0.003940 hargrave 2024-04-05 17:52:02 
AF 380 286.0  47.6 344.2  26.7 2.41E-06 003.8 207.2  28.0 0.016639 0.006821 0.004778 hargrave 2024-04-05 17:53:22 
AF 400 269.5  47.7 344.4  37.8 1.83E-06 003.4 195.1  25.7 0.013178 0.004487 0.003495 hargrave 2024-04-05 17:54:43 
AF 420 270.9  50.9 348.2  36.4 2.09E-06 003.5 195.5  29.0 0.014905 0.005179 0.004115 hargrave 2024-04-05 17:56:03 
AF 440 282.9  48.5 345.1  28.8 1.76E-06 003.8 204.7  28.3 0.012373 0.005263 0.003149 hargrave 2024-04-05 17:57:24 
AF 460 286.4  49.0 345.7  26.6 1.48E-06 003.8 207.1  29.3 0.009547 0.004897 0.002878 hargrave 2024-04-05 17:58:45 
AF 480 318.6  66.9 008.3  14.5 2.27E-06 003.5 217.0  52.5 0.012005 0.007096 0.003570 hargrave 2024-04-05 18:00:05 
AF 500 291.8  64.9 003.6  24.6 1.85E-06 003.5 204.1  45.4 0.011343 0.005535 0.001225 hargrave 2024-04-05 18:01:25 
AF 520 280.9  32.7 327.0  28.5 1.28E-06 004.0 206.9  12.6 0.009223 0.003925 0.003788 hargrave 2024-04-05 18:02:46 
AF 540 265.4  67.1 008.4  34.6 1.31E-06 002.8 188.8  44.6 0.007527 0.002133 0.000813 hargrave 2024-04-05 18:04:07 
AF 560 261.5  42.6 338.8  44.1 1.83E-06 002.8 189.6  20.0 0.013642 0.003281 0.003413 hargrave 2024-04-05 18:05:27 
AF 580 251.7  38.0 334.0  52.3 1.39E-06 002.3 182.0  15.0 0.010301 0.002389 0.003002 hargrave 2024-04-05 18:06:48 
AF 600 235.8  58.5 010.9  50.4 1.94E-06 002.4 171.4  35.8 0.011654 0.002072 0.002441 hargrave 2024-04-05 18:08:08 
AF 650 283.4  40.2 335.6  27.7 1.31E-06 003.8 207.2  20.3 0.008938 0.004171 0.002599 hargrave 2024-04-05 18:09:29 
AF 700 268.9  48.9 346.0  38.0 1.16E-06 003.4 194.4  26.8 0.008489 0.002951 0.002200 hargrave 2024-04-05 18:10:50 
AF 750 251.6  60.0 004.3  43.4 1.14E-06 003.3 181.5  37.0 0.008471 0.003309 0.000998 hargrave 2024-04-05 18:12:10 
AF 800 290.6  40.1 336.6  22.2 1.33E-06 003.8 213.0  21.6 0.008834 0.003730 0.002392 hargrave 2024-04-05 18:13:31 
AF 850 299.6  45.0 343.4  17.0 1.31E-06 004.4 218.3  28.4 0.009363 0.005261 0.002840 hargrave 2024-04-05 18:14:52 
AF 900 296.5  39.3 337.0  17.6 9.45E-07 003.9 217.9  22.2 0.006413 0.003050 0.001061 hargrave 2024-04-05 18:16:12 
AF 950 281.1  17.0 309.9  24.4 1.78E-06 003.8 210.4 -02.8 0.012764 0.005849 0.002125 hargrave 2024-04-05 18:17:33 
AF1000 258.3  16.6 301.8  45.2 1.28E-06 001.9 188.8 -06.1 0.010088 0.002479 0.001203 hargrave 2024-04-05 18:18:55 
