MF16- 30b sun compass orientation
      0 212.9  50.0 301.0  67.0   1.0
NRM    144.7  56.3 067.8  32.1 1.64E-08 030.1 146.0  68.0 0.000573 0.000740 0.000251 hargrave 2024-04-12 19:39:49 
NRM    339.2  79.3 022.3  16.2 2.56E-05 001.0 187.4  31.2 0.033338 0.008243 0.039605 hargrave 2024-04-13 10:48:59 
TT  55 008.7  70.1 023.6  04.5 2.49E-05 001.3 201.0  29.8 0.052331 0.019127 0.036160 hargrave 2024-04-15 10:30:48 
TT 100 000.5  71.2 021.5  06.6 2.11E-05 001.3 198.0  28.5 0.048688 0.016625 0.031872 hargrave 2024-04-15 12:59:14 
TT 125 288.1  65.8 004.6  26.1 1.33E-08 022.9 173.7  16.3 0.000410 0.000488 0.000271 hargrave 2024-04-15 15:41:59 
TT 125 352.2  74.7 021.3  10.8 1.83E-05 001.9 193.3  29.2 0.068151 0.020767 0.029811 hargrave 2024-04-15 16:06:11 
TT 150 176.4  72.4 043.4  37.0 1.08E-08 026.3 158.4  48.2 0.000422 0.000372 0.000174 hargrave 2024-04-15 18:59:20 
TT 150 310.4  78.8 019.2  20.7 1.45E-05 002.0 181.7  28.9 0.061833 0.022958 0.023607 hargrave 2024-04-15 19:26:41 
TT 200 131.6  65.1 058.3  25.2 2.56E-08 011.8 171.5  64.2 0.000400 0.000402 0.000145 hargrave 2024-04-16 10:32:50 
TT 200 356.3  72.8 021.2  08.6 1.15E-05 002.2 195.7  28.6 0.051708 0.018044 0.018627 hargrave 2024-04-16 11:00:06 
TT 250 000.8  66.4 019.4  02.2 8.21E-06 002.3 202.0  25.2 0.037248 0.014262 0.012964 hargrave 2024-04-16 12:49:49 
TT 300 003.7  51.2 013.9 -12.0 3.47E-06 002.4 214.6  15.5 0.017546 0.008672 0.005918 hargrave 2024-04-16 15:46:17 
TT 325 133.9  86.1 035.2  23.8 1.31E-08 017.9 179.0  43.6 0.000359 0.000288 0.000121 hargrave 2024-04-16 18:51:07 
TT 325 169.4  81.8 037.2  29.0 3.57E-06 002.1 171.5  45.4 0.015298 0.008396 0.001194 hargrave 2024-04-17 08:55:07 
TT 350 102.0  68.5 052.0  14.7 1.17E-08 056.8 194.8  58.9 0.000965 0.001341 0.000180 hargrave 2024-04-17 11:16:44 
TT 350 289.0  80.0 020.2  24.7 3.97E-06 001.9 177.2  30.3 0.017792 0.008308 0.002181 hargrave 2024-04-17 12:00:05 
TT 375 321.2  36.5 342.0 -01.3 3.89E-06 001.4 194.9 -11.6 0.014323 0.004869 0.005965 hargrave 2024-04-17 14:24:34 
