MF2- 3a sun compass orientation
      0 141.7  49.0 313.0  46.0   1.0
NRM    338.5  60.2 012.8  26.7 8.18E-05 000.7 220.3  42.6 0.085064 0.047080 0.021588 hargrave 2023-04-06 21:06:04 
AF  10 336.8  60.4 012.4  27.4 8.00E-05 000.6 219.9  41.9 0.064998 0.059674 0.021239 hargrave 2023-04-06 21:07:24 
AF  20 334.8  60.4 011.6  28.2 7.75E-05 000.6 219.5  40.9 0.079055 0.034090 0.020129 hargrave 2023-04-06 21:08:44 
AF  30 333.7  60.6 011.4  28.7 7.56E-05 000.6 219.1  40.4 0.076872 0.039105 0.018788 hargrave 2023-04-06 21:10:04 
AF  40 333.7  60.0 011.0  28.4 7.27E-05 000.8 219.8  40.3 0.102479 0.034131 0.019102 hargrave 2023-04-06 21:11:24 
AF  50 332.5  60.3 010.7  29.0 7.10E-05 000.7 219.3  39.8 0.094356 0.036897 0.019559 hargrave 2023-04-06 21:12:46 
AF  60 331.9  61.1 011.2  29.7 6.71E-05 000.8 218.2  39.7 0.090266 0.041366 0.018191 hargrave 2023-04-06 21:14:06 
AF  70 329.0  60.8 010.0  30.6 6.50E-05 000.8 218.0  38.3 0.085662 0.044895 0.016576 hargrave 2023-04-06 21:15:26 
AF  80 327.6  60.5 009.2  31.0 6.31E-05 000.8 218.1  37.5 0.080613 0.047195 0.016730 hargrave 2023-04-06 21:16:46 
AF  90 325.7  62.0 010.1  32.6 6.02E-05 000.8 216.0  37.2 0.074442 0.053829 0.017217 hargrave 2023-04-06 21:18:06 
AF 100 325.4  63.3 011.2  33.4 5.85E-05 000.7 214.4  37.4 0.070331 0.046184 0.017311 hargrave 2023-04-06 21:19:27 
AF 110 322.5  66.1 013.4  36.0 5.60E-05 000.7 210.5  37.1 0.073268 0.034170 0.015569 hargrave 2023-04-06 21:20:47 
AF 120 319.3  66.7 013.3  37.4 5.40E-05 000.7 209.3  36.1 0.068753 0.033812 0.016333 hargrave 2023-04-06 21:22:07 
AF 130 319.4  67.8 014.7  37.8 5.22E-05 000.9 208.0  36.6 0.097594 0.029938 0.012359 hargrave 2023-04-06 21:23:27 
AF 140 321.2  67.2 014.4  36.9 5.04E-05 000.9 209.0  37.0 0.094406 0.028615 0.012021 hargrave 2023-04-06 21:24:47 
AF 150 319.3  68.2 015.1  38.0 4.89E-05 000.9 207.6  36.7 0.089095 0.042481 0.011633 hargrave 2023-04-06 21:26:08 
AF 160 322.0  70.2 017.9  38.0 4.82E-05 000.9 205.6  38.2 0.085240 0.037965 0.011327 hargrave 2023-04-06 21:27:28 
AF 170 321.8  68.8 016.2  37.4 4.67E-05 000.9 207.2  37.7 0.083459 0.036361 0.009658 hargrave 2023-04-06 21:28:48 
AF 180 319.3  70.0 017.2  38.8 4.61E-05 000.9 205.4  37.3 0.083780 0.035224 0.008444 hargrave 2023-04-06 21:30:08 
AF 190 318.8  71.5 018.9  39.5 4.38E-05 001.1 203.6  37.6 0.106483 0.041685 0.009632 hargrave 2023-04-06 21:31:28 
AF 200 309.7  72.6 019.2  42.5 4.06E-05 001.0 201.0  35.4 0.100423 0.041518 0.006568 hargrave 2023-04-06 21:32:48 
AF 220 310.7  72.7 019.3  42.2 3.62E-05 002.6 201.1  35.7 0.121243 0.116146 0.055952 hargrave 2023-04-06 21:34:09 
AF 650 352.5  41.0 007.2  06.4 1.03E-05 002.4 249.5  46.2 0.036010 0.031388 0.001323 hargrave 2023-04-09 22:51:59 
AF 700 356.2  46.4 012.3  09.4 9.49E-06 002.6 242.9  50.3 0.035166 0.026810 0.003592 hargrave 2023-04-09 22:53:19 
AF 750 027.5  51.5 033.3  06.4 7.24E-06 001.9 229.6  70.4 0.018941 0.014607 0.004119 hargrave 2023-04-09 22:54:39 
AF 800 009.0  22.5 010.4 -16.6 8.98E-06 001.9 284.1  49.8 0.014871 0.030505 0.003873 hargrave 2023-04-09 22:55:58 
AF 850 036.3  21.5 036.2 -24.2 7.72E-06 001.8 321.7  66.5 0.019084 0.015218 0.006919 hargrave 2023-04-09 22:57:18 
AF 900 015.5  17.7 014.4 -23.4 7.73E-06 002.2 296.1  51.2 0.016073 0.023841 0.008632 hargrave 2023-04-09 22:58:38 
AF 950 052.2  17.7 052.9 -27.7 1.10E-05 001.8 001.3  66.7 0.032484 0.017098 0.009662 hargrave 2023-04-09 22:59:58 
AF1000 053.5 -05.0 059.4 -49.9 7.56E-06 002.3 002.5  44.0 0.035154 0.016000 0.007943 hargrave 2023-04-09 23:01:19 
