MF2- 4a sun compass orientation
      0 152.2  66.0 313.0  46.0   1.0
NRM    330.3  66.7 016.0  33.6 3.74E-04 000.3 205.1  21.2 0.165166 0.077849 0.165731 hargrave 2023-04-06 22:15:38 
AF  10 330.1  66.7 015.9  33.7 3.73E-04 000.3 205.1  21.1 0.191015 0.102911 0.166481 hargrave 2023-04-06 22:16:59 
AF  20 329.9  66.7 015.9  33.7 3.71E-04 000.3 205.1  21.0 0.200939 0.099603 0.159611 hargrave 2023-04-06 22:18:19 
AF  30 329.8  66.6 015.8  33.7 3.68E-04 000.3 205.1  21.0 0.210276 0.094798 0.155748 hargrave 2023-04-06 22:19:40 
AF  40 329.6  66.7 015.8  33.8 3.65E-04 000.3 205.1  20.9 0.216582 0.106740 0.153579 hargrave 2023-04-06 22:21:00 
AF  50 329.1  66.7 015.7  34.0 3.63E-04 000.3 205.0  20.7 0.220128 0.108444 0.148972 hargrave 2023-04-06 22:22:21 
AF  60 328.9  66.7 015.7  34.1 3.59E-04 000.3 204.9  20.7 0.228459 0.087859 0.146350 hargrave 2023-04-06 22:23:42 
AF  70 328.5  66.8 015.6  34.2 3.55E-04 000.3 204.9  20.5 0.160668 0.062226 0.144251 hargrave 2023-04-06 22:25:02 
AF  80 328.5  66.8 015.7  34.3 3.51E-04 000.3 204.8  20.5 0.163457 0.095247 0.141656 hargrave 2023-04-06 22:26:23 
AF  90 328.4  67.1 016.0  34.4 3.48E-04 000.2 204.5  20.6 0.163390 0.047673 0.141770 hargrave 2023-04-06 22:27:43 
AF 100 327.9  67.1 015.8  34.6 3.44E-04 000.3 204.5  20.3 0.181729 0.081614 0.135678 hargrave 2023-04-06 22:29:04 
AF 110 327.6  67.1 015.7  34.7 3.41E-04 000.3 204.5  20.2 0.196176 0.093487 0.137316 hargrave 2023-04-06 22:30:24 
AF 120 327.5  67.1 015.7  34.8 3.38E-04 000.3 204.4  20.2 0.206633 0.091562 0.133039 hargrave 2023-04-06 22:31:49 
AF 130 327.2  67.3 015.8  34.9 3.33E-04 000.3 204.2  20.1 0.191731 0.088332 0.131351 hargrave 2023-04-06 22:33:09 
AF 140 327.0  67.3 015.8  35.0 3.29E-04 000.3 204.2  20.1 0.205115 0.094102 0.127995 hargrave 2023-04-06 22:34:30 
AF 150 327.1  67.3 015.9  35.0 3.26E-04 000.3 204.1  20.1 0.137319 0.068923 0.129004 hargrave 2023-04-06 22:35:50 
AF 160 327.0  67.1 015.5  34.9 3.23E-04 000.3 204.4  20.0 0.135281 0.051336 0.127827 hargrave 2023-04-06 22:37:14 
AF 170 326.9  67.1 015.5  34.9 3.19E-04 000.3 204.4  20.0 0.148314 0.070224 0.125471 hargrave 2023-04-06 22:38:35 
AF 180 326.8  67.1 015.6  35.0 3.15E-04 000.3 204.3  20.0 0.173120 0.083481 0.125541 hargrave 2023-04-06 22:39:55 
AF 190 326.7  67.3 015.7  35.1 3.12E-04 000.3 204.1  19.9 0.185056 0.080266 0.122621 hargrave 2023-04-06 22:41:16 
AF 200 326.6  67.1 015.5  35.0 3.08E-04 000.3 204.3  19.9 0.195505 0.070420 0.117235 hargrave 2023-04-06 22:42:36 
AF 220 326.7  67.3 015.7  35.1 3.01E-04 000.2 204.2  20.0 0.127879 0.045990 0.116409 hargrave 2023-04-06 22:43:56 
AF 240 326.7  67.5 015.9  35.2 2.95E-04 000.2 203.9  20.0 0.131507 0.036199 0.115186 hargrave 2023-04-06 22:45:16 
AF 260 325.6  67.3 015.5  35.5 2.87E-04 000.3 204.0  19.6 0.162434 0.074620 0.110819 hargrave 2023-04-06 22:46:37 
AF 280 325.8  67.5 015.7  35.5 2.79E-04 000.3 203.9  19.7 0.166504 0.061476 0.111666 hargrave 2023-04-06 22:47:57 
AF 300 326.0  67.3 015.6  35.4 2.72E-04 000.2 204.0  19.7 0.098091 0.038764 0.110687 hargrave 2023-04-06 22:49:19 
AF 320 325.8  67.4 015.6  35.5 2.63E-04 000.3 203.9  19.6 0.131770 0.080051 0.103451 hargrave 2023-04-06 22:50:40 
AF 340 325.3  67.4 015.5  35.6 2.55E-04 000.3 203.8  19.5 0.162612 0.082134 0.098987 hargrave 2023-04-06 22:52:00 
AF 360 325.7  67.6 015.8  35.6 2.47E-04 000.2 203.7  19.7 0.105765 0.040570 0.095987 hargrave 2023-04-06 22:53:20 
AF 380 326.3  67.9 016.2  35.5 2.38E-04 000.3 203.5  20.0 0.116506 0.075649 0.095398 hargrave 2023-04-06 22:54:40 
AF 400 325.8  67.1 015.3  35.3 2.28E-04 000.3 204.3  19.6 0.153210 0.060783 0.088174 hargrave 2023-04-06 22:56:00 
AF 420 326.2  67.5 015.8  35.4 2.17E-04 000.2 203.9  19.8 0.084977 0.026622 0.083980 hargrave 2023-04-06 22:57:21 
AF 440 327.0  67.5 016.0  35.1 2.07E-04 000.3 204.0  20.1 0.127931 0.073542 0.084017 hargrave 2023-04-06 22:58:41 
AF 460 327.4  67.5 016.1  35.0 1.96E-04 000.2 204.0  20.3 0.069201 0.030204 0.079207 hargrave 2023-04-06 23:00:01 
AF 480 326.6  67.3 015.7  35.2 1.84E-04 000.3 204.1  19.9 0.108196 0.077701 0.073725 hargrave 2023-04-06 23:01:21 
AF 500 329.8  67.1 016.3  34.0 1.72E-04 000.2 204.6  21.1 0.053993 0.028255 0.066323 hargrave 2023-04-06 23:02:42 
AF 520 329.9  67.2 016.4  34.0 1.62E-04 000.3 204.6  21.1 0.045987 0.046317 0.067544 hargrave 2023-04-06 23:04:02 
AF 540 331.0  67.0 016.5  33.6 1.50E-04 000.2 204.8  21.5 0.042776 0.028828 0.059783 hargrave 2023-04-06 23:05:22 
AF 560 337.7  66.7 018.1  31.3 1.37E-04 000.3 205.6  24.1 0.086946 0.055452 0.054795 hargrave 2023-04-06 23:06:42 
AF 580 340.8  66.0 018.5  29.9 1.23E-04 000.3 206.4  25.3 0.041200 0.032648 0.051591 hargrave 2023-04-06 23:08:02 
AF 600 343.8  66.4 019.8  29.3 1.12E-04 000.3 205.9  26.5 0.051628 0.054404 0.044443 hargrave 2023-04-06 23:09:23 
AF 650 008.4  67.4 029.1  24.4 9.16E-05 000.6 202.4  35.6 0.028317 0.075446 0.045372 hargrave 2023-04-09 23:03:14 
AF 700 036.1  57.1 039.2  11.2 8.11E-05 000.7 202.8  51.9 0.061019 0.063621 0.042764 hargrave 2023-04-09 23:04:34 
AF 750 048.9  40.3 047.5 -05.5 8.32E-05 000.8 211.3  70.2 0.092712 0.059729 0.045025 hargrave 2023-04-09 23:05:54 
AF 800 055.5  25.8 054.9 -19.3 1.01E-04 001.0 252.3  83.7 0.130754 0.113535 0.055473 hargrave 2023-04-09 23:07:14 
AF 850 059.2  18.9 060.0 -25.4 1.26E-04 000.8 330.5  84.2 0.140736 0.109904 0.073063 hargrave 2023-04-09 23:08:33 
AF 900 059.0  16.5 060.3 -27.7 1.55E-04 000.8 337.2  81.9 0.169955 0.144042 0.087068 hargrave 2023-04-09 23:09:54 
AF 950 059.3  14.3 061.3 -29.8 1.82E-04 000.7 343.8  80.0 0.193303 0.144979 0.104077 hargrave 2023-04-09 23:11:14 
AF1000 058.9  12.9 061.2 -31.3 2.06E-04 000.7 343.6  78.5 0.218293 0.179189 0.122442 hargrave 2023-04-09 23:12:35 
