MF2- 2a sun compass orientation
      0 146.1  58.0 313.0  46.0   1.0
NRM    351.3  67.0 022.7  27.7 1.48E-04 000.9 207.1  39.0 0.062786 0.204952 0.089542 hargrave 2023-04-06 18:02:38 
AF  10 342.8  63.0 016.7  27.1 1.42E-04 000.8 212.4  35.7 0.099706 0.151652 0.104650 hargrave 2023-04-06 18:10:28 
AF  20 343.4  53.3 009.8  19.8 1.35E-04 000.5 224.3  35.1 0.046228 0.111616 0.096020 hargrave 2023-04-06 20:01:21 
AF  30 341.8  52.5 008.4  19.9 1.31E-04 000.5 225.0  34.0 0.040248 0.108890 0.091655 hargrave 2023-04-06 20:02:40 
AF  40 342.2  52.6 008.7  19.8 1.26E-04 000.5 225.0  34.3 0.051588 0.083476 0.087922 hargrave 2023-04-06 20:04:00 
AF  50 342.1  53.7 009.4  20.6 1.23E-04 000.5 223.7  34.5 0.026590 0.107012 0.088020 hargrave 2023-04-06 20:05:20 
AF  60 341.3  55.1 010.1  22.0 1.18E-04 000.6 221.8  34.2 0.049871 0.088521 0.082023 hargrave 2023-04-06 20:06:39 
AF  70 339.8  54.8 009.2  22.3 1.15E-04 000.5 222.1  33.3 0.031165 0.085620 0.080371 hargrave 2023-04-06 20:07:59 
AF  80 341.5  56.6 011.3  23.0 1.12E-04 000.5 220.0  34.5 0.035433 0.090324 0.081730 hargrave 2023-04-06 20:09:19 
AF  90 340.4  55.9 010.3  22.9 1.08E-04 000.6 220.9  33.8 0.051855 0.065199 0.077186 hargrave 2023-04-06 20:10:39 
AF 100 339.6  55.8 009.9  23.2 1.05E-04 000.5 220.9  33.4 0.046044 0.059683 0.074601 hargrave 2023-04-06 20:11:58 
AF 110 340.7  56.4 010.8  23.2 1.05E-04 000.5 220.3  34.0 0.041349 0.056519 0.078090 hargrave 2023-04-06 20:13:19 
AF 120 339.3  54.8 009.0  22.6 1.01E-04 000.6 222.0  33.0 0.074789 0.070473 0.075842 hargrave 2023-04-06 20:14:38 
AF 130 340.2  55.4 009.8  22.6 1.01E-04 000.7 221.4  33.6 0.071239 0.067171 0.079597 hargrave 2023-04-06 20:15:58 
AF 140 335.5  57.6 009.6  26.1 9.80E-05 000.4 218.2  31.4 0.022426 0.038973 0.069236 hargrave 2023-04-06 20:17:18 
AF 150 339.8  58.6 012.1  25.1 9.43E-05 000.6 217.5  33.8 0.062395 0.043046 0.074619 hargrave 2023-04-06 20:18:38 
AF 160 337.5  58.7 011.3  26.0 9.57E-05 000.5 217.2  32.7 0.017244 0.038271 0.076775 hargrave 2023-04-06 20:19:58 
AF 650 020.9  73.4 036.0  28.4 1.83E-05 002.2 193.4  44.9 0.078721 0.036539 0.006647 hargrave 2023-04-09 22:40:38 
AF 700 331.8  71.4 021.1  35.7 1.68E-05 002.7 202.0  32.0 0.083978 0.046356 0.008969 hargrave 2023-04-09 22:41:58 
AF 750 352.0  80.7 033.9  37.8 2.04E-05 001.9 190.3  35.6 0.075538 0.039599 0.013422 hargrave 2023-04-09 22:43:19 
AF 800 067.9  41.2 061.5 -01.9 1.74E-05 001.7 137.6  76.8 0.045589 0.022334 0.005018 hargrave 2023-04-09 22:44:38 
AF 850 062.7  64.7 051.8  19.8 1.75E-05 001.6 174.8  57.0 0.055343 0.010652 0.003764 hargrave 2023-04-09 22:45:59 
AF 900 056.1  48.0 051.8  02.7 2.90E-05 001.3 179.9  74.0 0.059479 0.019232 0.022839 hargrave 2023-04-09 22:47:19 
AF 950 045.0  42.3 044.5 -03.7 2.73E-05 001.5 217.4  76.4 0.059743 0.041716 0.020544 hargrave 2023-04-09 22:48:39 
AF1000 070.0  45.1 061.7  02.2 3.97E-05 000.9 144.3  73.0 0.058665 0.026614 0.013689 hargrave 2023-04-09 22:50:00 
