MF2- 6a sun compass orientation
      0 133.7  60.0 313.0  46.0   1.0
NRM    311.5  71.3 017.6  41.6 4.23E-04 000.2 201.2  27.6 0.125271 0.044373 0.154140 hargrave 2023-04-07 00:06:38 
AF  10 311.1  71.3 017.6  41.7 4.21E-04 000.2 201.1  27.5 0.110029 0.111761 0.154208 hargrave 2023-04-07 00:07:58 
AF  20 310.6  71.3 017.5  41.9 4.19E-04 000.2 201.1  27.3 0.110999 0.108835 0.153407 hargrave 2023-04-07 00:09:18 
AF  30 310.3  71.5 017.7  42.0 4.16E-04 000.2 200.9  27.2 0.106125 0.117247 0.153737 hargrave 2023-04-07 00:10:38 
AF  40 309.6  71.5 017.7  42.2 4.12E-04 000.2 200.8  27.0 0.099889 0.082721 0.151430 hargrave 2023-04-07 00:12:02 
AF  50 309.4  71.5 017.6  42.3 4.10E-04 000.2 200.8  27.0 0.114997 0.086326 0.150999 hargrave 2023-04-07 00:13:22 
AF  60 309.1  71.5 017.7  42.4 4.04E-04 000.2 200.7  26.9 0.088778 0.099420 0.144398 hargrave 2023-04-07 00:14:42 
AF  70 308.5  71.6 017.7  42.6 4.01E-04 000.2 200.6  26.7 0.082659 0.105087 0.148458 hargrave 2023-04-07 00:16:02 
AF  80 308.0  71.4 017.4  42.7 3.96E-04 000.3 200.8  26.5 0.089216 0.111237 0.146788 hargrave 2023-04-07 00:17:23 
AF  90 307.8  71.4 017.3  42.8 3.91E-04 000.2 200.8  26.5 0.099573 0.100122 0.145324 hargrave 2023-04-07 00:18:44 
AF 100 307.8  71.5 017.5  42.8 3.87E-04 000.2 200.6  26.5 0.101034 0.107442 0.144225 hargrave 2023-04-07 00:20:04 
AF 110 307.6  71.6 017.6  42.9 3.82E-04 000.2 200.5  26.4 0.084767 0.073955 0.143700 hargrave 2023-04-07 00:21:24 
AF 120 306.8  71.6 017.5  43.1 3.79E-04 000.2 200.5  26.2 0.101005 0.086783 0.136725 hargrave 2023-04-07 00:22:45 
AF 130 306.8  71.5 017.4  43.1 3.73E-04 000.2 200.6  26.2 0.076984 0.098561 0.140053 hargrave 2023-04-07 00:24:05 
AF 140 305.9  71.3 017.1  43.3 3.69E-04 000.3 200.6  25.9 0.091093 0.103977 0.140754 hargrave 2023-04-07 00:25:25 
AF 150 306.0  71.5 017.3  43.4 3.64E-04 000.2 200.5  25.9 0.082804 0.099699 0.140096 hargrave 2023-04-07 00:26:46 
AF 160 305.6  71.7 017.6  43.5 3.62E-04 000.4 200.2  25.9 0.110748 0.263823 0.140408 hargrave 2023-04-07 00:28:06 
AF 170 305.5  71.5 017.3  43.5 3.58E-04 000.2 200.4  25.8 0.088284 0.088511 0.138735 hargrave 2023-04-07 00:29:26 
AF 180 305.9  71.8 017.7  43.4 3.55E-04 000.2 200.1  26.0 0.090222 0.093666 0.139482 hargrave 2023-04-07 00:30:46 
AF 190 305.0  71.6 017.4  43.7 3.51E-04 000.2 200.2  25.7 0.086381 0.061459 0.136262 hargrave 2023-04-07 00:32:07 
AF 200 304.8  71.7 017.6  43.8 3.48E-04 000.2 200.1  25.7 0.062219 0.076778 0.136521 hargrave 2023-04-07 00:33:28 
AF 220 304.8  71.8 017.6  43.8 3.41E-04 000.3 200.0  25.7 0.075007 0.087223 0.132636 hargrave 2023-04-07 00:34:48 
AF 240 305.1  72.3 018.3  43.8 3.34E-04 000.2 199.6  25.9 0.084455 0.077888 0.129150 hargrave 2023-04-07 00:36:08 
AF 260 303.7  71.9 017.8  44.2 3.24E-04 000.2 199.8  25.4 0.088445 0.051617 0.126084 hargrave 2023-04-07 00:37:28 
AF 280 304.5  71.7 017.5  43.9 3.14E-04 000.3 200.1  25.5 0.074449 0.081234 0.120574 hargrave 2023-04-07 00:38:49 
AF 300 303.1  71.7 017.4  44.3 3.04E-04 000.2 200.0  25.1 0.069299 0.076120 0.118161 hargrave 2023-04-07 00:40:09 
AF 320 303.0  71.4 017.0  44.3 2.94E-04 000.2 200.2  25.0 0.087176 0.062370 0.113380 hargrave 2023-04-07 00:41:29 
AF 340 304.0  71.8 017.6  44.0 2.84E-04 000.2 200.0  25.4 0.086715 0.054507 0.109245 hargrave 2023-04-07 00:42:49 
AF 360 304.0  71.8 017.6  44.0 2.74E-04 000.2 199.9  25.4 0.072729 0.068767 0.106975 hargrave 2023-04-07 00:44:09 
AF 380 305.1  71.9 017.7  43.7 2.62E-04 000.3 200.0  25.8 0.054451 0.062452 0.098578 hargrave 2023-04-07 00:45:31 
AF 400 304.6  71.7 017.4  43.8 2.50E-04 000.2 200.1  25.6 0.062842 0.056121 0.096284 hargrave 2023-04-07 00:46:51 
AF 420 302.9  71.7 017.3  44.4 2.39E-04 000.3 199.9  25.0 0.049303 0.056866 0.091383 hargrave 2023-04-07 00:48:11 
AF 440 301.1  71.5 017.1  44.9 2.23E-04 000.3 199.8  24.5 0.047436 0.060968 0.088041 hargrave 2023-04-07 00:49:31 
AF 460 299.4  71.3 016.7  45.4 2.11E-04 000.3 199.8  23.9 0.054969 0.051453 0.085251 hargrave 2023-04-07 00:50:51 
AF 480 298.8  71.6 017.1  45.6 1.94E-04 000.3 199.5  23.8 0.058748 0.033900 0.079411 hargrave 2023-04-07 00:52:11 
AF 500 299.2  72.0 017.6  45.5 1.82E-04 000.3 199.2  24.1 0.036789 0.046163 0.071132 hargrave 2023-04-07 00:53:32 
AF 520 300.0  72.0 017.6  45.3 1.68E-04 002.1 199.3  24.3 0.048013 0.025488 0.689273 hargrave 2023-04-07 00:54:52 
AF 540 287.7  71.6 017.1  49.1 1.53E-04 000.3 197.7  20.7 0.056986 0.044477 0.064133 hargrave 2023-04-07 00:56:12 
AF 560 287.9  70.6 015.7  49.1 1.40E-04 000.3 198.6  20.3 0.070876 0.011590 0.063131 hargrave 2023-04-07 00:57:32 
AF 580 284.2  69.6 014.2  50.5 1.25E-04 000.4 198.7  18.6 0.054719 0.044842 0.057866 hargrave 2023-04-07 00:58:53 
AF 600 282.1  71.4 017.3  50.9 1.16E-04 000.3 196.7  19.2 0.056969 0.009123 0.054711 hargrave 2023-04-07 01:00:14 
AF 650 257.0  67.2 016.7  60.7 9.17E-05 000.5 192.5  10.4 0.089968 0.050308 0.051173 hargrave 2023-04-09 23:26:57 
AF 700 245.5  60.0 010.7  69.0 7.69E-05 000.5 190.7  01.8 0.058731 0.038045 0.053446 hargrave 2023-04-09 23:28:17 
AF 750 236.3  50.4 353.3  79.0 6.90E-05 000.8 188.1 -08.8 0.058462 0.100040 0.054630 hargrave 2023-04-09 23:29:37 
AF 800 226.1  39.5 251.6  85.0 7.55E-05 000.5 182.0 -20.4 0.039885 0.056258 0.056167 hargrave 2023-04-09 23:30:58 
AF 850 226.4  34.0 239.0  79.6 8.50E-05 000.5 182.5 -26.0 0.042988 0.067306 0.069897 hargrave 2023-04-09 23:32:19 
AF 900 226.6  28.9 235.0  74.6 9.51E-05 000.6 183.0 -31.0 0.047946 0.082536 0.074951 hargrave 2023-04-09 23:33:40 
AF 950 226.8  24.6 233.3  70.4 1.07E-04 000.7 183.4 -35.3 0.036720 0.119911 0.082842 hargrave 2023-04-09 23:35:02 
AF1000 227.8  25.9 236.7  71.5 1.14E-04 000.4 184.4 -34.0 0.048517 0.072553 0.091422 hargrave 2023-04-09 23:36:24 
