MF2- 1a sun compass orientation
      0 146.3  46.0 313.0  46.0   1.0
NRM    326.0  77.4 026.9  40.0 2.94E-04 000.6 197.2  42.6 0.449346 0.162762 0.102090 hargrave 2023-04-03 18:56:00 
AF  10 322.9  72.1 020.2  38.5 2.63E-04 000.7 203.8  40.4 0.297137 0.240739 0.085204 hargrave 2023-04-03 19:04:37 
AF  20 319.6  72.9 020.7  39.8 2.47E-04 000.7 202.3  39.7 0.307167 0.226116 0.081416 hargrave 2023-04-03 19:06:02 
AF  30 316.8  74.2 021.9  41.0 2.26E-04 000.7 200.3  39.5 0.260307 0.220243 0.069688 hargrave 2023-04-03 19:07:22 
AF  40 317.2  73.0 020.5  40.5 2.05E-04 000.7 201.8  39.1 0.244834 0.192849 0.058958 hargrave 2023-04-03 19:08:42 
AF  50 312.6  73.3 020.4  41.8 1.91E-04 000.7 200.7  38.1 0.219617 0.174710 0.052392 hargrave 2023-04-03 19:10:02 
AF  60 310.5  73.8 020.7  42.5 1.75E-04 000.7 199.9  37.8 0.217040 0.169128 0.050209 hargrave 2023-04-03 19:11:27 
AF  70 307.9  73.4 020.1  43.1 1.62E-04 000.7 199.8  37.0 0.171482 0.160318 0.045464 hargrave 2023-04-03 19:12:48 
AF  80 310.3  74.1 021.1  42.6 1.48E-04 000.7 199.5  37.9 0.189091 0.132719 0.043302 hargrave 2023-04-03 19:14:12 
AF  90 327.1  77.3 026.9  39.7 1.46E-04 000.7 197.4  42.8 0.170252 0.139019 0.045498 hargrave 2023-04-03 19:15:32 
AF 100 321.4  77.5 026.5  40.9 1.32E-04 000.7 196.8  41.7 0.140318 0.117652 0.036468 hargrave 2023-04-03 19:16:52 
AF 110 321.2  78.5 027.8  41.3 1.21E-04 000.7 195.5  41.9 0.132510 0.101857 0.034850 hargrave 2023-04-03 19:18:12 
AF 120 324.3  76.8 026.0  40.1 1.20E-04 000.7 198.0  42.1 0.134773 0.105608 0.033550 hargrave 2023-04-03 19:19:33 
AF 130 318.9  75.7 024.0  40.9 1.12E-04 000.8 198.8  40.5 0.143055 0.102240 0.032852 hargrave 2023-04-03 19:20:57 
AF 140 313.1  73.7 020.8  41.8 1.00E-04 000.7 200.5  38.3 0.120205 0.094228 0.027759 hargrave 2023-04-03 19:22:21 
AF 150 317.7  70.7 017.7  39.5 1.05E-04 000.8 204.7  38.3 0.139865 0.096122 0.035413 hargrave 2023-04-03 19:23:41 
AF 160 313.6  73.9 021.2  41.7 1.00E-04 000.8 200.2  38.6 0.110989 0.104901 0.032021 hargrave 2023-04-03 19:25:01 
AF 170 318.6  73.5 021.2  40.2 9.41E-05 000.6 201.5  39.7 0.097405 0.049784 0.036857 hargrave 2023-04-03 19:26:21 
AF 180 307.0  70.8 016.5  42.9 8.84E-05 000.6 202.3  35.3 0.095261 0.036013 0.036134 hargrave 2023-04-03 19:27:42 
AF 190 294.7  68.1 011.8  46.8 8.84E-05 000.8 201.6  30.2 0.086313 0.087462 0.036474 hargrave 2023-04-03 19:29:02 
AF 200 294.7  65.5 008.0  46.5 7.76E-05 000.9 203.7  28.4 0.101810 0.068009 0.051091 hargrave 2023-04-03 19:30:22 
AF 220 296.5  73.7 020.0  46.4 8.26E-05 000.7 197.2  34.5 0.138144 0.043682 0.041750 hargrave 2023-04-03 19:31:45 
AF 240 308.7  73.0 019.5  42.8 6.75E-05 000.8 200.5  36.9 0.092750 0.044634 0.052948 hargrave 2023-04-03 19:33:09 
AF 260 295.9  76.2 023.6  46.5 6.63E-05 001.1 194.8  36.0 0.109816 0.063456 0.068772 hargrave 2023-04-03 19:34:29 
AF 280 289.9  68.0 011.6  48.6 6.64E-05 001.1 200.2  29.0 0.121736 0.055074 0.065908 hargrave 2023-04-03 19:35:49 
AF 300 307.5  74.3 021.2  43.4 5.52E-05 001.4 198.8  37.3 0.138833 0.062836 0.056939 hargrave 2023-04-03 19:37:10 
AF 320 295.1  66.3 009.3  46.4 6.16E-05 001.2 203.2  29.1 0.128100 0.056542 0.054025 hargrave 2023-04-03 19:38:30 
AF 340 291.6  71.7 017.1  47.9 5.31E-05 001.1 197.8  32.1 0.129476 0.039801 0.041274 hargrave 2023-04-03 19:39:54 
AF 360 286.0  66.1 008.7  50.1 4.58E-05 001.5 200.2  26.5 0.130470 0.036198 0.067978 hargrave 2023-04-03 19:41:14 
AF 380 308.3  69.4 014.8  42.2 5.39E-05 001.4 204.1  34.9 0.137466 0.056947 0.058685 hargrave 2023-04-03 19:42:34 
AF 400 312.1  69.2 015.1  40.8 5.07E-05 001.5 205.1  35.9 0.139992 0.053673 0.054413 hargrave 2023-04-03 19:43:54 
AF 420 321.5  63.0 009.8  34.8 5.50E-05 001.3 214.2  36.3 0.101423 0.081913 0.054501 hargrave 2023-04-03 19:45:15 
AF 440 342.8  81.2 033.1  39.2 5.12E-05 001.0 192.2  45.9 0.087998 0.055263 0.025324 hargrave 2023-04-03 19:46:35 
AF 460 301.4  68.7 013.2  44.4 4.95E-05 001.0 203.0  32.5 0.121051 0.037732 0.023704 hargrave 2023-04-03 19:47:59 
AF 480 305.7  67.3 011.7  42.5 3.91E-05 001.3 205.5  32.9 0.103208 0.032348 0.034443 hargrave 2023-04-03 19:49:19 
AF 500 312.6  46.2 349.7  30.3 5.03E-05 001.4 226.7  22.5 0.133684 0.040935 0.039386 hargrave 2023-04-03 19:50:39 
AF 520 296.7  75.9 023.2  46.3 4.02E-05 001.1 195.2  36.0 0.095915 0.036295 0.021201 hargrave 2023-04-03 19:52:00 
AF 540 311.9  57.9 001.6  36.5 4.01E-05 001.5 216.3  29.6 0.132077 0.040709 0.026642 hargrave 2023-04-03 19:53:20 
AF 560 344.4  66.4 020.0  29.1 4.18E-05 001.3 213.6  46.5 0.095416 0.055613 0.016483 hargrave 2023-04-03 19:54:40 
AF 580 313.8  61.9 006.6  37.4 4.30E-05 001.4 213.1  32.6 0.122163 0.036791 0.033923 hargrave 2023-04-03 19:56:01 
AF 600 324.4  45.3 354.4  23.2 2.99E-05 002.3 233.1  28.5 0.132961 0.020539 0.032670 hargrave 2023-04-03 19:57:20 
AF 650 008.3  51.0 021.7  09.6 3.71E-05 002.1 240.4  57.4 0.116638 0.079669 0.023943 hargrave 2023-04-03 19:58:41 
AF 700 021.4  53.4 030.1  09.2 3.32E-05 001.9 235.1  65.4 0.086253 0.063088 0.033242 hargrave 2023-04-03 20:00:04 
AF 750 021.5  51.2 029.7  07.0 5.09E-05 001.9 240.3  65.7 0.119717 0.115903 0.041756 hargrave 2023-04-03 20:01:28 
AF 800 039.8  55.6 041.2  09.6 3.85E-05 001.8 216.5  74.4 0.087134 0.075508 0.047118 hargrave 2023-04-03 20:02:52 
AF 850 028.8  51.9 034.2  06.6 5.12E-05 001.7 237.0  70.1 0.115265 0.094437 0.049831 hargrave 2023-04-03 20:04:14 
AF 900 048.0  60.0 045.6  14.1 7.35E-05 000.9 194.5  73.3 0.093152 0.068106 0.031628 hargrave 2023-04-03 20:05:35 
AF 950 028.7  41.8 032.4 -03.3 4.67E-05 002.2 266.6  69.7 0.117660 0.130175 0.049527 hargrave 2023-04-03 20:06:55 
AF1000 022.4  45.4 028.7  01.2 7.69E-05 001.2 254.8  66.1 0.120440 0.086310 0.065024 hargrave 2023-04-03 20:08:16 
