MF2- 5a sun compass orientation
      0 143.0  51.0 313.0  46.0   1.0
NRM    327.2  71.0 019.7  36.8 2.57E-04 000.2 204.3  37.8 0.089401 0.042454 0.051081 hargrave 2023-04-06 23:10:49 
AF  10 324.9  70.8 019.1  37.4 2.53E-04 000.3 204.3  37.1 0.087095 0.070800 0.050612 hargrave 2023-04-06 23:12:10 
AF  20 324.0  70.7 018.8  37.6 2.48E-04 000.2 204.4  36.8 0.059530 0.050968 0.051125 hargrave 2023-04-06 23:13:30 
AF  30 322.6  70.8 018.7  38.1 2.42E-04 000.2 204.0  36.4 0.060700 0.058265 0.050521 hargrave 2023-04-06 23:14:50 
AF  40 321.4  70.9 018.6  38.5 2.36E-04 000.2 203.9  36.0 0.064501 0.062586 0.050803 hargrave 2023-04-06 23:16:10 
AF  50 320.2  70.7 018.2  38.8 2.31E-04 000.2 203.9  35.6 0.062300 0.041442 0.049616 hargrave 2023-04-06 23:17:31 
AF  60 320.2  70.8 018.3  38.8 2.28E-04 000.2 203.8  35.6 0.064653 0.046861 0.048437 hargrave 2023-04-06 23:18:51 
AF  70 319.9  71.0 018.4  38.9 2.23E-04 000.2 203.6  35.6 0.064394 0.045092 0.046092 hargrave 2023-04-06 23:20:11 
AF  80 320.1  71.2 018.8  39.0 2.17E-04 000.2 203.3  35.7 0.066995 0.054507 0.046019 hargrave 2023-04-06 23:21:32 
AF  90 319.2  71.1 018.4  39.2 2.15E-04 000.2 203.4  35.3 0.061607 0.048244 0.045934 hargrave 2023-04-06 23:22:52 
AF 100 317.6  70.9 018.0  39.6 2.12E-04 000.2 203.4  34.8 0.044965 0.066641 0.046512 hargrave 2023-04-06 23:24:12 
AF 110 318.5  70.4 017.5  39.1 2.08E-04 000.2 204.1  34.9 0.047940 0.066553 0.045231 hargrave 2023-04-06 23:25:32 
AF 120 318.8  70.8 018.0  39.2 2.05E-04 000.1 203.6  35.1 0.037443 0.016550 0.044797 hargrave 2023-04-06 23:26:52 
AF 130 318.3  71.0 018.2  39.4 2.00E-04 000.2 203.4  35.1 0.049376 0.039234 0.045635 hargrave 2023-04-06 23:28:12 
AF 140 319.1  71.0 018.3  39.2 1.97E-04 000.2 203.4  35.3 0.076133 0.044253 0.040840 hargrave 2023-04-06 23:29:32 
AF 150 317.0  71.2 018.3  39.9 1.93E-04 000.2 202.9  34.7 0.080931 0.023853 0.039695 hargrave 2023-04-06 23:31:41 
AF 160 315.9  71.8 018.8  40.4 1.90E-04 000.2 202.1  34.6 0.068004 0.033042 0.040276 hargrave 2023-04-06 23:33:05 
AF 170 315.7  71.4 018.3  40.4 1.88E-04 000.2 202.5  34.4 0.068796 0.035738 0.039396 hargrave 2023-04-06 23:34:25 
AF 180 314.4  72.6 019.6  41.1 1.85E-04 000.2 201.0  34.5 0.063569 0.037366 0.033695 hargrave 2023-04-06 23:35:49 
AF 190 313.4  72.1 018.8  41.2 1.81E-04 000.2 201.5  34.0 0.063228 0.042835 0.037272 hargrave 2023-04-06 23:37:09 
AF 200 315.8  72.9 020.1  40.8 1.80E-04 000.3 200.9  34.9 0.068113 0.051649 0.036582 hargrave 2023-04-06 23:38:29 
AF 220 314.7  73.3 020.5  41.2 1.75E-04 000.2 200.3  34.8 0.043531 0.043233 0.033052 hargrave 2023-04-06 23:39:50 
AF 240 313.6  72.4 019.3  41.3 1.72E-04 000.3 201.1  34.2 0.051510 0.053801 0.034213 hargrave 2023-04-06 23:41:14 
AF 260 314.7  73.2 020.4  41.2 1.63E-04 000.2 200.3  34.7 0.051688 0.028284 0.030485 hargrave 2023-04-06 23:42:34 
AF 280 316.5  72.4 019.7  40.5 1.60E-04 000.3 201.5  35.0 0.052695 0.045989 0.034793 hargrave 2023-04-06 23:43:53 
AF 300 316.6  73.1 020.5  40.7 1.58E-04 000.3 200.7  35.2 0.048658 0.058244 0.033257 hargrave 2023-04-06 23:45:13 
AF 320 317.8  73.8 021.5  40.6 1.52E-04 000.3 200.0  35.8 0.087709 0.049505 0.030378 hargrave 2023-04-06 23:46:33 
AF 340 316.2  74.9 022.7  41.3 1.45E-04 000.3 198.6  35.7 0.062582 0.038163 0.027852 hargrave 2023-04-06 23:47:52 
AF 360 316.0  74.3 021.9  41.2 1.44E-04 000.3 199.3  35.4 0.061028 0.036176 0.026317 hargrave 2023-04-06 23:49:12 
AF 380 315.8  74.7 022.5  41.4 1.33E-04 000.3 198.7  35.6 0.072262 0.026054 0.027328 hargrave 2023-04-06 23:50:32 
AF 400 316.8  71.3 018.3  40.0 1.26E-04 000.3 202.8  34.7 0.071652 0.035967 0.029320 hargrave 2023-04-06 23:51:52 
AF 420 315.1  72.3 019.3  40.8 1.23E-04 000.3 201.4  34.5 0.068055 0.036130 0.028023 hargrave 2023-04-06 23:53:12 
AF 440 311.5  72.7 019.4  42.0 1.19E-04 000.5 200.5  33.7 0.130010 0.043978 0.025585 hargrave 2023-04-06 23:54:32 
AF 460 312.9  72.3 019.1  41.5 1.09E-04 000.3 201.1  34.0 0.065221 0.004853 0.025312 hargrave 2023-04-06 23:55:52 
AF 480 314.5  71.4 018.1  40.7 1.02E-04 000.3 202.4  34.0 0.059903 0.018888 0.021509 hargrave 2023-04-06 23:57:11 
AF 500 308.7  72.7 019.2  42.8 9.77E-05 000.3 200.1  33.0 0.052612 0.024811 0.020130 hargrave 2023-04-06 23:58:31 
AF 520 315.7  73.4 020.8  41.0 9.12E-05 000.3 200.2  35.1 0.045064 0.030082 0.020025 hargrave 2023-04-06 23:59:52 
AF 540 328.9  71.9 021.1  36.8 8.82E-05 000.4 203.3  38.5 0.064945 0.024006 0.016947 hargrave 2023-04-07 00:01:12 
AF 560 312.3  74.7 022.2  42.3 7.92E-05 000.6 198.3  34.7 0.097279 0.024565 0.014067 hargrave 2023-04-07 00:02:33 
AF 580 319.9  73.3 021.2  39.8 7.13E-05 000.5 200.8  36.2 0.083029 0.008461 0.013909 hargrave 2023-04-07 00:03:53 
AF 600 323.0  72.3 020.5  38.6 6.63E-05 000.6 202.3  36.8 0.086659 0.030045 0.011766 hargrave 2023-04-07 00:05:13 
AF 650 319.2  71.3 018.7  39.3 5.26E-05 000.7 203.1  35.4 0.088604 0.022389 0.016761 hargrave 2023-04-09 23:15:35 
AF 700 335.1  71.8 022.3  35.1 3.84E-05 000.9 203.6  40.5 0.071484 0.040759 0.007668 hargrave 2023-04-09 23:16:55 
AF 750 347.3  80.9 033.4  38.5 2.52E-05 001.8 191.2  42.2 0.100588 0.043491 0.012224 hargrave 2023-04-09 23:18:15 
AF 800 021.2  77.4 037.5  32.1 1.76E-05 001.5 190.2  49.3 0.053998 0.020293 0.019586 hargrave 2023-04-09 23:19:36 
AF 850 076.4  75.5 052.3  31.5 1.12E-05 001.8 170.7  51.9 0.041867 0.005107 0.022539 hargrave 2023-04-09 23:20:57 
AF 900 005.4  40.6 015.4  01.1 1.60E-05 001.7 251.9  53.9 0.035706 0.033473 0.031287 hargrave 2023-04-09 23:22:18 
AF 950 060.7  65.8 050.7  20.6 1.15E-05 002.4 173.1  62.8 0.040966 0.008507 0.051556 hargrave 2023-04-09 23:23:40 
AF1000 087.9  40.3 075.6  03.5 1.27E-05 002.2 104.1  63.3 0.026895 0.033475 0.058119 hargrave 2023-04-09 23:25:01 
