MF3- 3a sun compass orientation
      0 175.7  26.0 326.0  49.0   1.0
NRM    294.4  59.2 013.3  50.0 9.77E-06 002.6 197.5  35.1 0.047402 0.025945 0.004420 hargrave 2023-04-07 01:57:50 
AF  10 293.5  58.1 011.6  50.4 9.26E-06 002.6 197.3  33.9 0.044096 0.024245 0.004640 hargrave 2023-04-07 01:59:10 
AF  20 293.2  57.3 010.2  50.6 8.70E-06 002.6 197.3  33.1 0.042504 0.023012 0.004069 hargrave 2023-04-07 02:00:31 
AF  30 292.7  57.0 009.8  50.9 8.27E-06 002.6 197.1  32.7 0.041068 0.021500 0.003606 hargrave 2023-04-07 02:01:55 
AF  40 292.4  56.4 008.9  51.1 7.72E-06 002.7 197.0  32.1 0.039835 0.020741 0.003438 hargrave 2023-04-07 02:03:15 
AF  50 293.2  56.2 008.6  50.6 7.37E-06 003.0 197.6  32.1 0.042844 0.021871 0.003562 hargrave 2023-04-07 02:04:37 
AF  60 291.9  55.8 007.8  51.3 7.12E-06 002.7 196.9  31.5 0.039170 0.018891 0.003664 hargrave 2023-04-07 02:05:57 
AF  70 289.4  56.1 008.4  52.7 6.84E-06 002.6 195.2  31.5 0.036772 0.017422 0.003590 hargrave 2023-04-07 02:07:18 
AF  80 292.6  55.6 007.6  50.9 6.35E-06 002.8 197.4  31.4 0.035007 0.017337 0.002961 hargrave 2023-04-07 02:08:38 
AF  90 290.3  53.6 004.2  52.1 6.16E-06 002.8 196.4  29.1 0.034829 0.016700 0.002864 hargrave 2023-04-07 02:09:59 
AF 100 295.1  53.3 004.2  49.2 5.94E-06 003.0 199.7  29.5 0.035141 0.017393 0.003179 hargrave 2023-04-07 02:11:19 
AF 110 291.9  52.7 002.9  51.1 5.61E-06 002.9 197.7  28.4 0.032783 0.016097 0.002755 hargrave 2023-04-07 02:12:40 
AF 120 287.0  53.4 003.9  54.1 5.10E-06 002.7 194.2  28.6 0.030489 0.013379 0.002652 hargrave 2023-04-07 02:14:01 
AF 130 285.6  52.4 002.1  54.9 5.12E-06 002.6 193.6  27.5 0.031016 0.012954 0.002885 hargrave 2023-04-07 02:15:21 
AF 140 284.2  53.3 003.7  55.7 4.75E-06 002.7 192.4  28.2 0.030096 0.011988 0.002445 hargrave 2023-04-07 02:16:42 
AF 150 287.8  51.6 000.7  53.5 4.46E-06 003.2 195.2  26.8 0.030969 0.013854 0.003064 hargrave 2023-04-07 02:18:03 
AF 160 279.9  49.9 357.4  58.4 4.07E-06 002.5 190.0  24.4 0.026689 0.009698 0.002292 hargrave 2023-04-07 02:19:24 
AF 170 276.1  51.4 000.6  60.8 4.27E-06 002.3 187.2  25.7 0.028364 0.009368 0.002646 hargrave 2023-04-07 02:20:45 
AF 180 279.4  45.4 348.9  58.4 3.87E-06 002.4 190.2  20.0 0.026196 0.009413 0.002472 hargrave 2023-04-07 02:22:05 
AF 190 282.3  47.1 352.4  56.7 3.76E-06 002.7 192.1  21.9 0.026254 0.010041 0.002278 hargrave 2023-04-07 02:23:26 
AF 200 284.7  52.2 001.6  55.5 3.61E-06 002.8 192.9  27.1 0.023856 0.009267 0.002297 hargrave 2023-04-07 02:24:47 
AF 220 279.0  51.3 000.1  59.0 3.00E-06 002.6 189.2  25.7 0.021375 0.007374 0.002919 hargrave 2023-04-07 02:26:07 
AF 240 274.0  47.4 352.3  62.3 2.98E-06 002.2 186.0  21.6 0.021125 0.006333 0.002366 hargrave 2023-04-07 02:27:28 
AF 260 275.7  48.1 353.8  61.2 2.56E-06 002.3 187.2  22.4 0.018331 0.005642 0.002326 hargrave 2023-04-07 02:28:48 
AF 280 273.4  50.5 359.1  62.6 2.34E-06 002.4 185.4  24.7 0.017534 0.004830 0.001712 hargrave 2023-04-07 02:30:08 
AF 300 265.3  51.0 002.3  67.5 2.14E-06 002.2 179.7  25.0 0.016760 0.004142 0.001670 hargrave 2023-04-07 02:31:30 
AF 320 282.9  46.4 351.2  56.2 2.08E-06 002.9 192.6  21.2 0.015327 0.005945 0.002016 hargrave 2023-04-07 02:32:51 
AF 340 268.6  51.3 001.8  65.4 2.20E-06 002.1 182.0  25.3 0.016248 0.003960 0.001797 hargrave 2023-04-07 02:34:11 
AF 360 271.4  50.7 359.7  63.8 1.81E-06 002.2 184.0  24.8 0.013043 0.003309 0.001816 hargrave 2023-04-07 02:35:32 
AF 380 266.4  58.0 017.8  64.3 1.56E-06 002.3 180.5  32.0 0.011009 0.002651 0.002048 hargrave 2023-04-07 02:36:52 
AF 400 287.9  57.3 010.4  53.5 1.67E-06 003.1 194.0  32.5 0.011523 0.004656 0.002663 hargrave 2023-04-07 02:38:12 
AF 420 291.9  42.6 347.5  49.1 1.23E-06 003.7 200.1  18.6 0.009198 0.004703 0.001421 hargrave 2023-04-07 02:39:32 
AF 440 269.7  67.0 031.7  58.1 1.72E-06 002.6 182.1  41.0 0.010992 0.002519 0.001564 hargrave 2023-04-07 02:40:53 
AF 460 283.9  46.4 351.3  55.5 9.68E-07 003.0 193.3  21.3 0.007246 0.002955 0.001296 hargrave 2023-04-07 02:42:13 
AF 480 278.5  64.7 024.8  56.2 8.92E-07 002.6 187.0  39.1 0.005337 0.001854 0.000631 hargrave 2023-04-07 02:43:33 
AF 500 308.4  58.7 013.5  42.8 8.88E-07 003.5 206.2  36.9 0.005221 0.003187 0.000836 hargrave 2023-04-07 02:44:54 
AF 520 291.0  58.8 012.7  51.8 8.46E-07 003.1 195.6  34.3 0.005494 0.002536 0.000424 hargrave 2023-04-07 02:46:14 
AF 540 351.6  56.2 023.4  21.4 9.30E-07 003.2 234.2  46.9 0.003352 0.004427 0.001002 hargrave 2023-04-07 02:47:35 
AF 560 227.3  68.4 062.9  62.2 7.85E-07 002.4 161.1  45.2 0.003662 0.001049 0.001365 hargrave 2023-04-07 02:48:55 
AF 580 253.2  57.4 027.9  70.3 9.50E-07 002.1 172.1  31.8 0.006015 0.001021 0.001493 hargrave 2023-04-07 02:50:16 
AF 600 177.5  37.7 130.3  45.5 6.31E-07 002.9 110.2  32.6 0.001558 0.003401 0.001484 hargrave 2023-04-07 02:51:36 
