MF3- 1a sun compass orientation
      0 155.5  36.0 326.0  49.0   1.0
NRM    300.9  57.8 011.4  46.5 3.29E-05 002.5 210.6  30.4 0.203276 0.026936 0.012465 hargrave 2023-04-03 20:09:50 
AF  10 301.2  58.2 012.1  46.4 3.05E-05 000.7 210.5  30.9 0.053118 0.038455 0.011105 hargrave 2023-04-03 20:11:10 
AF  20 299.5  58.0 011.7  47.3 2.95E-05 001.0 209.7  30.2 0.079406 0.041367 0.011026 hargrave 2023-04-03 20:12:30 
AF  30 298.8  57.8 011.3  47.6 2.82E-05 001.4 209.5  29.9 0.089507 0.021841 0.010997 hargrave 2023-04-03 20:13:57 
AF  40 297.2  58.4 012.1  48.5 2.68E-05 001.7 208.3  29.9 0.098905 0.042934 0.010051 hargrave 2023-04-03 20:15:18 
AF  50 295.9  58.2 011.8  49.2 2.61E-05 002.1 207.8  29.4 0.110638 0.044769 0.010400 hargrave 2023-04-03 20:16:38 
AF  60 292.7  58.2 011.8  50.9 2.53E-05 002.2 206.1  28.5 0.093363 0.062829 0.009706 hargrave 2023-04-03 20:18:02 
AF  70 291.5  58.2 011.8  51.5 2.39E-05 002.3 205.5  28.2 0.089810 0.061207 0.009562 hargrave 2023-04-03 20:19:22 
AF  80 290.4  58.7 012.6  52.1 2.29E-05 002.3 204.6  28.3 0.086733 0.059478 0.009130 hargrave 2023-04-03 20:20:43 
AF  90 287.9  59.4 014.0  53.3 2.20E-05 002.3 202.9  28.4 0.084324 0.058646 0.008770 hargrave 2023-04-03 20:22:03 
AF 100 286.5  59.6 014.3  54.0 2.11E-05 002.4 202.2  28.2 0.078779 0.063389 0.008120 hargrave 2023-04-03 20:23:27 
AF 110 286.4  58.3 012.2  54.2 1.99E-05 002.3 202.7  27.0 0.077626 0.051772 0.008135 hargrave 2023-04-03 20:24:48 
AF 120 285.5  58.9 013.3  54.6 1.94E-05 002.3 202.0  27.4 0.075686 0.051541 0.008079 hargrave 2023-04-03 20:26:08 
AF 130 286.4  59.6 014.4  54.0 1.85E-05 002.4 202.1  28.2 0.074651 0.051508 0.007879 hargrave 2023-04-03 20:27:28 
AF 140 284.4  58.7 013.1  55.2 1.76E-05 002.4 201.5  27.0 0.072317 0.049064 0.008238 hargrave 2023-04-03 20:28:49 
AF 150 283.4  58.5 012.9  55.7 1.72E-05 002.5 201.0  26.6 0.071542 0.049383 0.006795 hargrave 2023-04-03 20:30:09 
AF 160 283.0  58.8 013.6  55.9 1.63E-05 002.5 200.7  26.8 0.064725 0.050695 0.006455 hargrave 2023-04-03 20:31:33 
AF 170 283.9  57.4 011.0  55.6 1.58E-05 002.5 201.8  25.7 0.064016 0.049619 0.007038 hargrave 2023-04-03 20:32:57 
AF 180 284.6  58.3 012.3  55.2 1.50E-05 002.6 201.8  26.6 0.065562 0.043853 0.006956 hargrave 2023-04-03 20:34:18 
AF 190 283.8  59.1 013.9  55.4 1.47E-05 002.6 201.0  27.2 0.064465 0.043804 0.006348 hargrave 2023-04-03 20:35:37 
AF 200 285.5  57.7 011.3  54.7 1.43E-05 002.7 202.5  26.3 0.063557 0.042346 0.006943 hargrave 2023-04-03 20:36:57 
AF 220 285.6  58.9 013.2  54.5 1.31E-05 002.7 202.0  27.4 0.059653 0.040684 0.006024 hargrave 2023-04-03 20:38:18 
AF 240 285.7  60.5 016.0  54.2 1.26E-05 002.7 201.3  28.9 0.058331 0.037317 0.005240 hargrave 2023-04-03 20:39:37 
AF 260 283.2  59.0 013.8  55.7 1.12E-05 002.8 200.7  27.0 0.054553 0.035001 0.005196 hargrave 2023-04-03 20:40:58 
AF 280 285.2  61.9 018.5  54.2 1.03E-05 002.8 200.3  30.1 0.051460 0.031322 0.004662 hargrave 2023-04-03 20:42:17 
AF 300 283.6  58.8 013.3  55.6 9.70E-06 002.9 201.0  26.9 0.050113 0.029714 0.004840 hargrave 2023-04-03 20:43:40 
AF 320 287.0  65.4 023.8  52.6 8.84E-06 002.9 199.3  33.5 0.042406 0.029392 0.003509 hargrave 2023-04-03 20:45:04 
AF 340 284.7  66.1 025.4  53.3 8.59E-06 002.8 197.9  33.7 0.044685 0.024182 0.004200 hargrave 2023-04-03 20:46:24 
AF 360 271.7  64.0 026.1  59.1 7.67E-06 002.6 192.9  29.8 0.042123 0.020167 0.002831 hargrave 2023-04-03 20:47:44 
AF 380 278.5  66.8 028.1  55.3 6.44E-06 002.8 194.9  33.3 0.033855 0.018771 0.002645 hargrave 2023-04-03 20:49:07 
AF 400 279.6  71.8 035.3  52.5 5.45E-06 002.8 192.8  38.1 0.031997 0.012787 0.002398 hargrave 2023-04-03 20:50:27 
AF 420 279.4  70.3 033.2  53.3 5.98E-06 002.8 193.6  36.7 0.034251 0.014579 0.001941 hargrave 2023-04-03 20:51:47 
AF 440 276.1  69.1 032.4  55.0 5.76E-06 002.8 192.8  35.1 0.033741 0.013795 0.002158 hargrave 2023-04-03 20:53:07 
AF 460 285.6  71.9 034.0  50.9 5.22E-06 002.9 194.9  39.0 0.030316 0.012608 0.002136 hargrave 2023-04-03 20:54:27 
AF 480 271.8  76.5 043.4  51.3 4.85E-06 002.6 187.9  41.6 0.028462 0.008279 0.001413 hargrave 2023-04-03 20:55:48 
AF 500 266.1  72.1 040.2  55.6 4.96E-06 002.6 187.8  36.9 0.028936 0.009466 0.001956 hargrave 2023-04-03 20:57:08 
AF 520 281.5  79.5 044.9  47.8 4.60E-06 002.8 188.7  45.2 0.026276 0.008301 0.001749 hargrave 2023-04-03 20:58:28 
AF 540 299.1  66.5 024.3  47.5 3.84E-06 003.5 203.7  37.1 0.023930 0.011180 0.002823 hargrave 2023-04-03 20:59:48 
AF 560 304.5  85.8 050.7  42.4 3.80E-06 002.7 185.8  51.7 0.019813 0.005665 0.002127 hargrave 2023-04-03 21:01:08 
AF 580 285.7  73.6 036.4  50.1 4.48E-06 002.9 193.9  40.5 0.025737 0.009999 0.003313 hargrave 2023-04-03 21:02:28 
AF 600 266.7  66.8 032.9  59.2 3.64E-06 002.9 189.7  31.9 0.024846 0.007538 0.002521 hargrave 2023-04-03 21:03:47 
AF 650 245.4  77.4 052.6  53.4 2.77E-06 002.4 180.0  41.4 0.016827 0.003240 0.001031 hargrave 2023-04-03 21:05:07 
AF 700 023.9  87.4 054.3  38.8 2.94E-06 002.7 183.0  55.9 0.015083 0.003621 0.002259 hargrave 2023-04-03 21:06:27 
AF 750 281.9  87.1 053.1  43.0 2.93E-06 002.7 182.8  51.6 0.016988 0.002984 0.000253 hargrave 2023-04-03 21:07:47 
AF 800 142.7  65.4 086.6  35.4 2.14E-06 002.7 138.6  52.2 0.008242 0.005784 0.000941 hargrave 2023-04-03 21:09:08 
AF 850 165.6  82.6 065.5  43.1 2.11E-06 002.6 168.2  52.1 0.011986 0.002521 0.001189 hargrave 2023-04-03 21:10:28 
AF 900 023.1  69.1 043.9  22.8 2.61E-06 002.5 215.5  65.6 0.009682 0.005778 0.001633 hargrave 2023-04-03 21:11:47 
AF 950 237.2  77.9 055.6  53.1 2.28E-06 002.7 177.7  42.0 0.015538 0.002513 0.000923 hargrave 2023-04-03 21:13:08 
AF1000 182.4  68.3 084.1  50.8 1.58E-06 002.9 154.2  40.8 0.009746 0.002787 0.000933 hargrave 2023-04-03 21:14:28 
