MF3- 2a sun compass orientation
      0 148.8  57.0 326.0  49.0   1.0
NRM    299.3  65.1 022.2  47.5 1.24E-05 002.7 202.7  18.7 0.058436 0.037012 0.004899 hargrave 2023-04-07 01:02:41 
AF  10 297.0  64.7 021.6  48.5 1.20E-05 002.7 202.4  17.7 0.057096 0.035372 0.005364 hargrave 2023-04-07 01:04:02 
AF  20 296.1  64.3 021.1  49.0 1.15E-05 002.7 202.5  17.1 0.055502 0.034217 0.004763 hargrave 2023-04-07 01:05:22 
AF  30 295.6  63.8 020.4  49.2 1.10E-05 002.7 202.6  16.6 0.054201 0.033232 0.005008 hargrave 2023-04-07 01:06:42 
AF  40 296.0  63.4 019.7  49.1 1.05E-05 002.8 203.1  16.5 0.053130 0.032760 0.004483 hargrave 2023-04-07 01:08:03 
AF  50 295.9  63.2 019.4  49.1 1.03E-05 002.8 203.2  16.3 0.052551 0.032156 0.004311 hargrave 2023-04-07 01:09:23 
AF  60 293.8  63.3 019.7  50.1 9.99E-06 002.8 202.4  15.7 0.051548 0.031019 0.004088 hargrave 2023-04-07 01:10:43 
AF  70 292.4  64.4 021.5  50.6 9.56E-06 002.8 201.2  16.0 0.050016 0.029388 0.003641 hargrave 2023-04-07 01:12:04 
AF  80 293.2  64.4 021.4  50.2 9.12E-06 002.9 201.5  16.3 0.048590 0.028671 0.003750 hargrave 2023-04-07 01:13:25 
AF  90 292.3  63.9 020.7  50.6 8.78E-06 002.9 201.6  15.6 0.047653 0.027700 0.003810 hargrave 2023-04-07 01:14:45 
AF 100 291.6  64.3 021.4  50.9 8.52E-06 002.9 201.0  15.7 0.048640 0.026575 0.003486 hargrave 2023-04-07 01:16:06 
AF 110 290.6  64.9 022.5  51.2 8.27E-06 002.8 200.3  15.8 0.045938 0.025581 0.003728 hargrave 2023-04-07 01:17:27 
AF 120 285.3  65.5 024.4  53.2 7.88E-06 002.7 198.1  14.9 0.044579 0.023852 0.003050 hargrave 2023-04-07 01:18:47 
AF 130 291.3  65.1 022.7  50.9 7.41E-06 002.9 200.4  16.2 0.043197 0.023500 0.003463 hargrave 2023-04-07 01:20:08 
AF 140 285.5  63.3 020.7  53.8 7.22E-06 002.9 199.6  13.2 0.042787 0.023000 0.002993 hargrave 2023-04-07 01:21:29 
AF 150 287.3  63.6 020.8  52.9 6.85E-06 003.0 200.1  13.9 0.041479 0.022035 0.003138 hargrave 2023-04-07 01:22:49 
AF 160 281.3  64.5 023.6  55.2 6.45E-06 002.9 197.4  13.0 0.041567 0.019566 0.003099 hargrave 2023-04-07 01:24:10 
AF 170 286.7  64.4 022.2  53.0 6.39E-06 003.0 199.4  14.4 0.039639 0.019940 0.002421 hargrave 2023-04-07 01:25:31 
AF 180 286.2  62.3 018.9  53.7 6.11E-06 003.1 200.6  12.6 0.038662 0.019953 0.002607 hargrave 2023-04-07 01:26:52 
AF 190 287.2  62.5 019.0  53.2 6.03E-06 003.1 200.8  13.0 0.038278 0.019710 0.002436 hargrave 2023-04-07 01:28:13 
AF 200 283.7  59.9 015.4  55.3 5.76E-06 003.3 201.0  10.0 0.038760 0.019615 0.002720 hargrave 2023-04-07 01:29:33 
AF 220 286.8  58.8 013.0  53.9 5.44E-06 003.4 203.0  10.1 0.036132 0.019276 0.002236 hargrave 2023-04-07 01:30:54 
AF 240 288.7  59.5 014.0  52.9 5.33E-06 003.4 203.3  11.3 0.035606 0.018768 0.002602 hargrave 2023-04-07 01:32:14 
AF 260 285.8  57.4 010.8  54.6 4.91E-06 003.6 203.5  08.7 0.035054 0.017683 0.003022 hargrave 2023-04-07 01:33:35 
AF 280 284.1  53.2 003.4  55.8 4.69E-06 003.8 205.3  04.7 0.033787 0.017979 0.002745 hargrave 2023-04-07 01:34:55 
AF 300 284.3  54.6 005.9  55.6 4.05E-06 003.7 204.6  05.9 0.029605 0.015187 0.002609 hargrave 2023-04-07 01:36:16 
AF 320 290.0  58.4 012.1  52.3 3.49E-06 003.8 204.6  10.9 0.026085 0.013085 0.002422 hargrave 2023-04-07 01:37:37 
AF 340 290.1  57.9 011.2  52.3 3.26E-06 003.9 205.0  10.5 0.025537 0.012402 0.002518 hargrave 2023-04-07 01:38:59 
AF 360 280.1  58.0 012.6  57.5 3.04E-06 003.5 200.6  07.4 0.024684 0.010402 0.002635 hargrave 2023-04-07 01:40:19 
AF 380 286.3  54.1 005.1  54.5 3.23E-06 003.9 205.7  06.3 0.024451 0.012543 0.001678 hargrave 2023-04-07 01:41:39 
AF 400 295.4  57.0 009.9  49.4 3.27E-06 004.0 207.7  11.8 0.024160 0.013159 0.001788 hargrave 2023-04-07 01:43:00 
AF 420 295.4  62.5 018.3  49.4 3.20E-06 003.8 203.6  15.6 0.025080 0.011673 0.002100 hargrave 2023-04-07 01:44:20 
AF 440 288.8  51.4 000.5  52.9 2.88E-06 004.3 208.7  05.1 0.022926 0.011968 0.001018 hargrave 2023-04-07 01:45:40 
AF 460 287.1  49.8 357.8  53.8 2.74E-06 004.2 208.9  03.2 0.021153 0.011461 0.001337 hargrave 2023-04-07 01:47:01 
AF 480 290.8  51.0 000.1  51.6 2.67E-06 004.4 209.9  05.6 0.021367 0.011341 0.001561 hargrave 2023-04-07 01:48:21 
AF 500 299.3  42.8 350.3  44.0 2.61E-06 004.9 219.8  03.8 0.019621 0.012846 0.002276 hargrave 2023-04-07 01:49:42 
AF 520 299.0  48.4 357.7  45.9 2.60E-06 004.7 215.5  07.4 0.019368 0.012458 0.002200 hargrave 2023-04-07 01:51:02 
AF 540 299.3  55.5 007.9  47.1 2.60E-06 004.3 210.4  12.4 0.019843 0.011135 0.001586 hargrave 2023-04-07 01:52:24 
AF 560 290.7  45.8 351.9  50.7 1.82E-06 004.8 213.3  01.7 0.014808 0.008455 0.001677 hargrave 2023-04-07 01:53:44 
AF 580 299.6  48.1 357.5  45.4 2.09E-06 004.8 216.1  07.6 0.015948 0.010035 0.002599 hargrave 2023-04-07 01:55:05 
AF 600 293.8  43.2 349.0  48.0 2.00E-06 004.8 216.6  01.3 0.015257 0.009616 0.001622 hargrave 2023-04-07 01:56:26 
AF 650 299.8  29.6 334.7  37.9 1.87E-06 004.9 229.8 -04.9 0.012771 0.010173 0.001219 hargrave 2023-04-09 23:38:23 
AF 700 319.6  44.1 359.5  31.1 1.91E-06 004.8 227.7  16.4 0.013191 0.009740 0.001871 hargrave 2023-04-09 23:39:43 
AF 750 296.4  22.7 325.4  36.7 2.06E-06 004.8 232.7 -11.8 0.013089 0.011445 0.002163 hargrave 2023-04-09 23:41:04 
AF 800 307.1  21.6 331.2  28.0 1.89E-06 004.4 240.1 -05.1 0.010375 0.011323 0.002153 hargrave 2023-04-09 23:42:25 
AF 850 307.2  18.9 328.9  26.3 2.01E-06 004.3 242.3 -06.6 0.011089 0.012064 0.002491 hargrave 2023-04-09 23:43:46 
AF 900 307.1  18.3 328.2  26.0 2.21E-06 004.1 242.7 -07.1 0.011562 0.013417 0.001992 hargrave 2023-04-09 23:45:07 
AF 950 307.8  16.2 326.9  24.2 2.25E-06 004.0 244.8 -07.9 0.011285 0.013447 0.002555 hargrave 2023-04-09 23:46:29 
AF1000 297.0  09.0 313.3  27.7 1.18E-06 004.3 243.7 -20.5 0.006118 0.006830 0.002267 hargrave 2023-04-09 23:47:50 
