MF3- 4a mag compass orientation (IGRF corrected)
      0 250.1  64.0 326.0  49.0   1.0
NRM    281.6  80.3 045.8  47.3 2.24E-05 000.9 171.2  20.7 0.066540 0.030689 0.007308 hargrave 2023-04-07 02:53:03 
AF  10 289.5  79.4 043.5  46.7 2.20E-05 000.8 171.3  19.0 0.066667 0.028773 0.006925 hargrave 2023-04-07 02:54:24 
AF  20 294.2  77.9 041.0  46.4 2.15E-05 000.8 170.9  17.3 0.066507 0.029203 0.007377 hargrave 2023-04-07 02:55:45 
AF  30 295.0  76.7 039.2  46.7 2.10E-05 000.8 170.2  16.3 0.065186 0.028357 0.007231 hargrave 2023-04-07 02:57:05 
AF  40 294.9  76.4 038.9  46.8 2.03E-05 000.8 170.0  16.1 0.064001 0.027923 0.006888 hargrave 2023-04-07 02:58:26 
AF  50 303.8  76.7 038.5  44.8 1.93E-05 000.8 171.9  15.1 0.063364 0.027078 0.006471 hargrave 2023-04-07 02:59:47 
AF  60 295.8  76.2 038.5  46.7 1.81E-05 000.9 170.0  15.8 0.060871 0.025467 0.007092 hargrave 2023-04-07 03:01:07 
AF  70 292.5  76.3 039.0  47.4 1.74E-05 000.9 169.5  16.4 0.059195 0.023885 0.006939 hargrave 2023-04-07 03:02:28 
AF  80 284.9  75.5 039.2  49.4 1.67E-05 000.9 167.6  17.2 0.056018 0.023197 0.007317 hargrave 2023-04-07 03:03:49 
AF  90 294.8  73.7 035.1  47.7 1.52E-05 000.9 168.1  14.1 0.056852 0.021278 0.006019 hargrave 2023-04-07 03:05:09 
AF 100 289.4  75.5 038.4  48.4 1.38E-05 000.9 168.4  16.4 0.052027 0.017554 0.006367 hargrave 2023-04-07 03:06:29 
AF 110 277.0  76.6 042.2  50.4 1.39E-05 001.0 167.4  19.4 0.053994 0.018203 0.006386 hargrave 2023-04-07 03:07:49 
AF 120 269.9  78.0 045.5  50.5 1.34E-05 001.0 167.9  21.4 0.050768 0.016359 0.005670 hargrave 2023-04-07 03:09:10 
AF 130 272.6  76.9 043.6  50.9 1.20E-05 001.1 167.1  20.4 0.048155 0.016324 0.005088 hargrave 2023-04-07 03:10:31 
AF 140 277.3  75.8 041.2  50.8 1.14E-05 001.1 166.7  18.9 0.046297 0.015235 0.003736 hargrave 2023-04-07 03:11:52 
AF 150 258.5  77.3 048.1  52.5 1.09E-05 001.3 166.3  23.5 0.047655 0.014228 0.005119 hargrave 2023-04-07 03:13:12 
AF 160 264.8  76.8 045.7  52.2 9.69E-06 001.3 166.2  22.0 0.044636 0.013459 0.004831 hargrave 2023-04-07 03:14:33 
AF 170 270.8  78.4 045.7  50.1 9.63E-06 001.2 168.4  21.4 0.043743 0.012826 0.005248 hargrave 2023-04-07 03:15:54 
AF 180 247.1  76.4 051.6  54.3 9.32E-06 001.5 164.9  25.9 0.040710 0.013858 0.004125 hargrave 2023-04-07 03:17:15 
AF 190 269.4  82.4 049.8  47.2 8.47E-06 001.2 172.1  23.3 0.040930 0.010126 0.003338 hargrave 2023-04-07 03:18:35 
AF 200 271.3  79.2 046.4  49.4 8.15E-06 001.3 169.2  21.7 0.040332 0.010458 0.004535 hargrave 2023-04-07 03:19:56 
AF 220 277.9  75.7 040.8  50.8 7.16E-06 001.4 166.6  18.7 0.036835 0.010320 0.004905 hargrave 2023-04-07 03:21:17 
AF 240 228.7  81.6 057.6  49.3 6.73E-06 001.5 171.1  28.8 0.034789 0.007075 0.003127 hargrave 2023-04-07 03:22:37 
AF 260 206.3  87.2 057.9  43.4 6.59E-06 001.6 177.7  27.9 0.036493 0.007184 0.001691 hargrave 2023-04-07 03:23:58 
AF 280 224.2  83.1 058.1  47.8 5.30E-06 001.7 172.9  28.8 0.031254 0.006293 0.001674 hargrave 2023-04-07 03:25:19 
AF 300 218.3  89.1 056.4  41.9 5.40E-06 001.7 179.1  26.5 0.031816 0.006743 0.001023 hargrave 2023-04-07 03:26:39 
AF 320 168.8  72.7 079.0  45.5 3.77E-06 002.2 176.5  43.1 0.021804 0.001307 0.001395 hargrave 2023-04-07 03:28:00 
AF 340 206.1  76.7 066.8  52.1 3.39E-06 002.2 168.3  34.8 0.021507 0.002514 0.002186 hargrave 2023-04-07 03:29:20 
AF 360 201.6  81.2 063.4  48.1 2.61E-06 001.9 173.1  32.4 0.018146 0.001602 0.001728 hargrave 2023-04-07 03:30:41 
AF 380 160.7  40.7 119.5  35.0 3.48E-06 001.2 178.3  75.3 0.007897 0.000690 0.000691 hargrave 2023-04-07 03:32:01 
AF 400 140.1  61.5 090.3  32.7 3.37E-06 002.6 195.3  52.0 0.016842 0.006543 0.000945 hargrave 2023-04-07 03:33:22 
AF 420 164.2  63.6 091.9  43.8 2.48E-06 002.2 177.0  52.3 0.012324 0.000899 0.004518 hargrave 2023-04-07 03:34:43 
AF 440 140.7  43.1 108.4  23.4 2.39E-06 001.9 217.8  66.7 0.006776 0.004914 0.001360 hargrave 2023-04-07 03:36:03 
AF 460 128.3  47.3 099.1  19.1 1.75E-06 003.1 221.2  57.2 0.008405 0.006040 0.003128 hargrave 2023-04-07 03:37:23 
AF 480 171.0  52.3 108.3  45.6 3.63E-06 002.0 165.5  62.4 0.013277 0.002614 0.002115 hargrave 2023-04-07 03:38:44 
AF 500 176.2  17.9 151.7  34.3 2.47E-06 001.6 064.7  73.0 0.004621 0.005016 0.002806 hargrave 2023-04-07 03:40:05 
AF 520 131.1  37.2 108.5  14.0 4.10E-06 002.3 238.4  63.1 0.011218 0.012925 0.000574 hargrave 2023-04-07 03:41:25 
AF 540 142.3  31.9 118.8  17.8 2.91E-06 001.7 244.9  73.4 0.005224 0.007205 0.001136 hargrave 2023-04-07 03:42:46 
AF 560 192.1  43.3 127.1  57.7 1.28E-06 002.7 131.8  58.8 0.004200 0.004710 0.001127 hargrave 2023-04-07 03:44:06 
AF 580 190.7  68.0 082.8  53.8 1.34E-06 003.2 164.6  44.1 0.009092 0.003543 0.002343 hargrave 2023-04-07 03:45:27 
AF 600 171.2  54.2 105.8  46.1 2.47E-06 002.1 166.7  60.7 0.009930 0.001804 0.000651 hargrave 2023-04-07 03:46:47 
