MF4- 4a sun compass orientation
      0 181.4  48.0 317.0  51.0   1.0
NRM    302.5  69.6 020.4  41.1 9.29E-06 002.4 191.4  23.9 0.050215 0.024576 0.005572 hargrave 2023-04-08 17:26:37 
AF  20 299.3  67.9 018.0  42.2 8.60E-06 002.3 190.9  21.9 0.047424 0.021083 0.005128 hargrave 2023-04-08 17:27:58 
AF  40 296.8  68.2 018.5  43.1 7.90E-06 002.2 189.9  21.8 0.043955 0.017939 0.004985 hargrave 2023-04-08 17:29:20 
AF  60 301.5  63.5 012.3  41.0 7.31E-06 002.5 193.6  18.2 0.042526 0.019077 0.004561 hargrave 2023-04-08 17:30:41 
AF  80 301.7  63.7 012.6  40.9 7.00E-06 002.6 193.6  18.4 0.043092 0.019403 0.004454 hargrave 2023-04-08 17:32:02 
AF 100 305.0  63.5 012.6  39.4 6.26E-06 002.8 195.1  18.8 0.040284 0.018293 0.003913 hargrave 2023-04-08 17:33:23 
AF 120 296.7  61.8 009.7  43.0 5.65E-06 002.6 192.1  15.8 0.038190 0.015609 0.004058 hargrave 2023-04-08 17:34:44 
AF 140 302.0  57.6 004.7  39.8 5.05E-06 002.8 196.2  12.9 0.034343 0.014766 0.003853 hargrave 2023-04-08 17:36:05 
AF 160 305.2  57.9 005.6  38.2 4.72E-06 003.2 197.7  13.8 0.033791 0.015258 0.003730 hargrave 2023-04-08 17:37:26 
AF 180 310.0  55.7 003.9  35.0 4.26E-06 003.5 201.2  13.0 0.031135 0.015014 0.003141 hargrave 2023-04-08 17:38:47 
AF 200 294.9  52.8 357.4  42.7 3.97E-06 002.9 194.1  07.0 0.030600 0.012373 0.004292 hargrave 2023-04-08 17:40:08 
AF 220 292.8  48.5 351.2  43.0 3.75E-06 002.9 194.0  02.4 0.029245 0.011402 0.003174 hargrave 2023-04-08 17:41:28 
AF 240 293.9  55.2 000.5  43.7 3.74E-06 002.8 192.8  09.1 0.029012 0.011105 0.003469 hargrave 2023-04-08 17:42:49 
AF 260 293.0  50.4 353.9  43.3 3.47E-06 002.8 193.6  04.3 0.027470 0.010398 0.003223 hargrave 2023-04-08 17:44:10 
AF 280 293.4  43.1 344.4  41.1 3.47E-06 003.1 195.9 -02.6 0.027269 0.010918 0.003824 hargrave 2023-04-08 17:45:31 
AF 300 297.2  47.9 351.6  40.0 2.94E-06 003.3 197.0  02.8 0.024050 0.009687 0.003590 hargrave 2023-04-08 17:46:51 
AF 320 306.5  42.7 348.5  32.0 2.06E-06 004.2 205.0  00.4 0.017486 0.008143 0.002393 hargrave 2023-04-08 17:48:12 
AF 340 290.0  61.4 009.0  46.2 2.15E-06 002.4 189.1  14.5 0.018355 0.004923 0.003448 hargrave 2023-04-08 17:49:33 
AF 360 300.6  48.8 353.5  38.2 2.48E-06 003.4 198.8  04.3 0.020762 0.008295 0.002160 hargrave 2023-04-08 17:50:54 
AF 380 302.5  41.1 345.2  34.1 2.23E-06 003.9 202.9 -02.3 0.018969 0.008204 0.002036 hargrave 2023-04-08 17:52:14 
AF 400 289.1  36.5 334.7  41.8 2.06E-06 003.0 194.4 -09.8 0.017461 0.005545 0.002541 hargrave 2023-04-08 17:53:35 
AF 420 306.9  32.6 338.4  27.0 2.48E-06 004.4 209.7 -08.6 0.019964 0.010304 0.002094 hargrave 2023-04-08 17:54:56 
AF 440 302.4  29.1 332.8  28.5 2.03E-06 004.3 207.5 -13.4 0.016634 0.007962 0.001803 hargrave 2023-04-08 17:56:17 
AF 460 292.3  26.1 324.4  34.7 2.11E-06 003.6 199.8 -19.2 0.017229 0.006578 0.001772 hargrave 2023-04-08 17:57:37 
AF 480 295.5  28.4 328.5  33.3 1.98E-06 003.8 202.0 -16.2 0.016497 0.006545 0.001727 hargrave 2023-04-08 17:58:58 
AF 500 293.5  08.5 308.7  23.5 1.82E-06 003.9 207.3 -35.6 0.012540 0.006123 0.001908 hargrave 2023-04-08 18:00:18 
AF 520 294.5  31.1 330.9  35.5 1.92E-06 003.6 200.2 -13.9 0.016331 0.006241 0.001742 hargrave 2023-04-08 18:01:39 
AF 540 314.7  21.1 332.4  14.8 1.58E-06 004.9 221.5 -15.3 0.011193 0.008065 0.001231 hargrave 2023-04-08 18:03:00 
AF 560 308.9  36.6 343.2  27.6 1.84E-06 004.5 209.3 -04.3 0.015177 0.008004 0.000830 hargrave 2023-04-08 18:04:20 
AF 580 299.8  30.0 332.4  30.9 1.94E-06 004.0 205.0 -13.4 0.016041 0.007117 0.001631 hargrave 2023-04-08 18:05:41 
AF 600 318.1  34.8 345.9  20.3 2.00E-06 004.9 216.7 -02.1 0.015406 0.009744 0.002028 hargrave 2023-04-08 18:07:02 
