MF4- 2a sun compass orientation
      0 189.5  49.0 317.0  51.0   1.0
NRM    302.6  60.6 008.6  40.0 6.98E-06 002.5 191.4  13.3 0.042134 0.020925 0.003106 hargrave 2023-04-03 21:15:58 
AF  10 301.2  59.0 006.4  40.4 6.72E-06 002.4 191.2  11.6 0.039978 0.019026 0.002712 hargrave 2023-04-03 21:17:18 
AF  20 300.1  58.8 006.0  40.9 6.41E-06 002.4 190.7  11.3 0.039542 0.018517 0.003051 hargrave 2023-04-03 21:18:38 
AF  30 298.5  59.3 006.5  41.9 6.14E-06 002.3 189.7  11.5 0.038600 0.016997 0.002878 hargrave 2023-04-03 21:19:59 
AF  40 300.4  58.1 005.1  40.6 5.72E-06 002.5 191.1  10.6 0.036841 0.016441 0.002724 hargrave 2023-04-03 21:21:18 
AF  50 297.9  59.1 006.2  42.1 5.54E-06 002.3 189.5  11.3 0.035553 0.015091 0.003319 hargrave 2023-04-03 21:22:38 
AF  60 298.4  61.0 008.7  42.1 5.33E-06 002.3 189.3  13.1 0.034960 0.014484 0.002631 hargrave 2023-04-03 21:23:58 
AF  70 292.5  61.0 008.5  45.0 5.32E-06 002.0 186.4  12.6 0.034357 0.012869 0.003129 hargrave 2023-04-03 21:25:18 
AF  80 295.4  61.2 008.8  43.6 4.96E-06 002.2 187.8  13.0 0.033331 0.012655 0.002250 hargrave 2023-04-03 21:26:37 
AF  90 292.2  58.3 004.5  45.0 4.86E-06 002.0 186.7  09.8 0.030355 0.012787 0.002333 hargrave 2023-04-03 21:28:00 
AF 100 288.8  60.0 006.9  46.8 4.85E-06 001.9 184.7  11.3 0.032151 0.011354 0.001899 hargrave 2023-04-03 21:29:20 
AF 110 285.4  61.8 009.8  48.3 4.71E-06 001.8 182.8  13.0 0.031675 0.010485 0.001192 hargrave 2023-04-03 21:30:39 
AF 120 281.2  61.4 009.5  50.4 4.42E-06 001.6 180.8  12.4 0.029614 0.009156 0.001502 hargrave 2023-04-03 21:31:59 
AF 130 273.9  59.1 006.9  54.4 4.13E-06 001.2 177.1  10.2 0.027577 0.007391 0.001786 hargrave 2023-04-03 21:33:18 
AF 140 274.7  60.2 008.6  53.7 3.77E-06 001.4 177.5  11.3 0.026329 0.007159 0.001443 hargrave 2023-04-03 21:34:38 
AF 150 267.8  64.5 017.4  55.2 3.70E-06 001.5 174.8  15.9 0.025368 0.005705 0.001207 hargrave 2023-04-03 21:35:57 
AF 160 258.7  63.6 019.9  59.0 3.60E-06 001.5 170.6  15.9 0.024781 0.005350 0.001313 hargrave 2023-04-03 21:37:17 
AF 170 264.2  64.7 019.1  56.5 3.44E-06 001.5 173.2  16.4 0.024216 0.004756 0.001124 hargrave 2023-04-03 21:38:37 
AF 180 258.4  58.0 010.6  62.3 3.23E-06 001.4 168.8  10.6 0.022436 0.004642 0.001209 hargrave 2023-04-03 21:39:56 
AF 190 259.6  65.4 022.3  57.6 3.18E-06 001.6 171.4  17.5 0.022547 0.004236 0.001204 hargrave 2023-04-03 21:41:20 
AF 200 250.7  60.6 020.4  63.9 2.88E-06 001.8 165.9  14.3 0.020111 0.004752 0.001384 hargrave 2023-04-03 21:42:39 
AF 220 237.2  58.0 031.1  69.9 2.95E-06 002.4 158.3  15.1 0.019367 0.005981 0.001251 hargrave 2023-04-03 21:43:59 
AF 240 228.3  57.9 044.9  71.0 2.39E-06 002.8 154.2  17.8 0.015786 0.005382 0.001935 hargrave 2023-04-03 21:45:18 
AF 260 244.2  60.2 025.7  66.2 2.40E-06 002.1 162.7  15.3 0.017558 0.004650 0.000918 hargrave 2023-04-03 21:46:37 
AF 280 249.8  52.6 005.4  69.2 2.29E-06 002.0 162.4  07.1 0.017108 0.004693 0.000761 hargrave 2023-04-03 21:47:57 
AF 300 244.9  48.3 358.7  74.1 2.35E-06 002.3 157.8  04.4 0.016495 0.005121 0.000909 hargrave 2023-04-03 21:49:16 
AF 320 236.8  47.6 010.4  78.9 2.21E-06 002.9 152.6  06.3 0.014946 0.006191 0.000904 hargrave 2023-04-03 21:50:35 
AF 340 237.3  51.1 019.5  75.9 2.68E-06 002.6 154.7  09.2 0.017666 0.007057 0.001285 hargrave 2023-04-03 21:51:55 
AF 360 237.2  35.2 295.2  81.1 2.23E-06 003.2 146.5 -04.4 0.013345 0.007205 0.001869 hargrave 2023-04-03 21:53:15 
AF 380 238.4  42.4 342.3  80.7 1.70E-06 003.1 151.0  01.3 0.011595 0.004511 0.002275 hargrave 2023-04-03 21:54:35 
AF 400 242.1  48.9 004.3  75.3 1.41E-06 002.7 156.4  05.7 0.009989 0.003302 0.001618 hargrave 2023-04-03 21:55:55 
AF 420 256.7  47.5 348.2  66.9 1.62E-06 001.7 164.8  00.7 0.011766 0.003359 0.001584 hargrave 2023-04-03 21:57:15 
AF 440 217.0  50.3 075.6  76.7 1.72E-06 003.3 143.8  16.4 0.010187 0.005477 0.000993 hargrave 2023-04-03 21:58:35 
AF 460 253.9  37.0 320.0  68.8 1.99E-06 002.4 159.6 -08.6 0.013650 0.004506 0.001307 hargrave 2023-04-03 21:59:56 
AF 480 212.4  51.0 082.7  74.2 2.35E-06 003.4 142.2  19.0 0.013186 0.008752 0.001242 hargrave 2023-04-03 22:01:16 
AF 500 234.3  55.5 033.0  72.8 2.29E-06 002.7 155.6  13.9 0.014701 0.006409 0.002009 hargrave 2023-04-03 22:02:36 
AF 520 242.6  47.2 358.1  76.0 1.97E-06 002.6 155.9  04.1 0.013252 0.005424 0.001313 hargrave 2023-04-03 22:03:56 
AF 540 258.0  52.2 358.9  64.9 1.80E-06 001.6 166.9  05.0 0.013851 0.004229 0.000860 hargrave 2023-04-03 22:05:16 
AF 560 256.8  65.9 024.4  58.2 1.01E-06 001.8 170.5  18.4 0.007766 0.001787 0.001706 hargrave 2023-04-03 22:06:36 
AF 580 217.7  31.7 178.0  79.5 1.89E-06 003.4 131.4  02.4 0.007774 0.007911 0.003481 hargrave 2023-04-03 22:07:56 
AF 600 219.7  54.4 062.4  73.8 1.98E-06 003.1 148.0  18.2 0.010904 0.006721 0.002554 hargrave 2023-04-03 22:09:16 
AF 650 244.6  50.5 005.7  73.1 1.38E-06 002.3 158.5  06.5 0.009853 0.002827 0.001940 hargrave 2023-04-03 22:10:36 
AF 700 209.3  55.2 077.4  70.0 1.30E-06 003.4 144.2  23.1 0.007364 0.004953 0.000891 hargrave 2023-04-03 22:11:56 
AF 750 180.3  42.0 116.8  54.8 1.28E-06 002.9 120.2  31.9 0.003293 0.005919 0.001741 hargrave 2023-04-03 22:13:16 
AF 800 234.9  48.3 018.2  79.1 1.22E-06 002.9 151.9  07.6 0.007408 0.002877 0.002546 hargrave 2023-04-03 22:14:36 
AF 850 307.8  66.5 016.7  38.8 1.13E-06 003.2 191.6  19.7 0.008155 0.003842 0.002589 hargrave 2023-04-03 22:15:56 
AF 900 210.2  33.6 153.5  75.5 7.83E-07 004.1 128.1  08.1 0.003289 0.002775 0.003527 hargrave 2023-04-03 22:17:20 
AF 950 215.4  21.4 194.2  69.8 9.18E-07 003.3 122.9 -03.9 0.002875 0.004367 0.002677 hargrave 2023-04-03 22:18:41 
AF1000 244.7 -24.8 244.6  24.1 9.00E-07 002.9 108.5 -56.9 0.003138 0.004229 0.002335 hargrave 2023-04-03 22:20:01 
