MF4- 6a sun compass orientation
      0 196.8  37.0 317.0  51.0   1.0
NRM    279.5  58.1 004.5  51.7 7.39E-06 001.5 175.8  21.3 0.042287 0.015029 0.005117 hargrave 2023-04-08 16:26:38 
AF  20 279.7  56.0 001.2  51.7 6.91E-06 001.4 175.8  19.2 0.040856 0.012573 0.004840 hargrave 2023-04-08 16:27:59 
AF  40 284.3  57.4 003.1  49.2 6.07E-06 001.6 178.6  20.4 0.038116 0.011300 0.004534 hargrave 2023-04-08 16:29:20 
AF  60 277.5  58.7 005.7  52.6 5.41E-06 001.6 174.8  22.0 0.034771 0.009248 0.003693 hargrave 2023-04-08 16:30:40 
AF  80 278.9  60.7 008.7  51.6 4.81E-06 001.7 175.8  23.9 0.031807 0.008216 0.003634 hargrave 2023-04-08 16:32:01 
AF 100 280.3  57.3 003.1  51.3 4.26E-06 001.6 176.3  20.4 0.030221 0.007118 0.002677 hargrave 2023-04-08 16:33:21 
AF 120 277.9  59.1 006.3  52.4 3.44E-06 001.7 175.0  22.3 0.025397 0.005500 0.002378 hargrave 2023-04-08 16:34:42 
AF 140 275.0  60.0 008.2  53.6 3.09E-06 001.8 173.6  23.4 0.022794 0.004812 0.002086 hargrave 2023-04-08 16:36:02 
AF 160 269.5  64.8 017.4  54.4 3.09E-06 002.1 171.7  28.5 0.021824 0.004456 0.001731 hargrave 2023-04-08 16:37:23 
AF 180 269.3  60.1 009.7  56.3 2.76E-06 002.0 170.6  23.9 0.020279 0.004545 0.000853 hargrave 2023-04-08 16:38:43 
AF 200 258.2  62.7 018.8  59.8 2.28E-06 002.3 165.6  27.9 0.016141 0.003856 0.000897 hargrave 2023-04-08 16:40:04 
AF 220 289.2  62.8 011.0  46.5 2.09E-06 002.2 181.2  25.8 0.016648 0.003554 0.001720 hargrave 2023-04-08 16:41:24 
AF 240 256.2  68.1 027.6  56.8 1.77E-06 002.5 166.9  33.2 0.012444 0.002598 0.001090 hargrave 2023-04-08 16:42:45 
AF 260 266.6  61.4 012.9  57.0 2.15E-06 002.2 169.5  25.5 0.016006 0.003278 0.001090 hargrave 2023-04-08 16:44:05 
AF 280 264.3  70.5 027.3  53.1 1.95E-06 002.5 171.1  34.5 0.013829 0.002527 0.001119 hargrave 2023-04-08 16:45:26 
AF 300 237.2  69.3 040.0  59.2 1.93E-06 002.7 160.1  37.5 0.012310 0.003452 0.001226 hargrave 2023-04-08 16:46:46 
AF 320 295.9  67.1 017.0  43.5 1.66E-06 002.5 184.1  30.3 0.012640 0.002801 0.000811 hargrave 2023-04-08 16:48:07 
AF 340 269.6  56.7 003.9  57.2 1.57E-06 001.9 170.0  20.6 0.012333 0.002580 0.000889 hargrave 2023-04-08 16:49:27 
AF 360 225.9  45.5 053.9  83.5 1.48E-06 003.7 138.8  21.4 0.008157 0.006163 0.000340 hargrave 2023-04-08 16:50:48 
AF 380 255.8  33.9 313.5  66.3 1.34E-06 003.0 154.7  01.0 0.009786 0.004059 0.000814 hargrave 2023-04-08 16:52:08 
AF 400 242.8  21.9 269.9  68.2 1.66E-06 003.9 139.6 -05.9 0.009965 0.007416 0.000382 hargrave 2023-04-08 16:53:29 
AF 420 230.6  40.5 345.8  86.8 5.81E-07 003.9 139.1  15.3 0.003291 0.002763 0.000537 hargrave 2023-04-08 16:54:49 
AF 440 241.8  53.7 017.3  72.2 5.28E-07 003.3 152.9  23.0 0.003609 0.001776 0.000584 hargrave 2023-04-08 16:56:10 
AF 460 172.9  60.5 085.9  50.6 7.84E-07 002.8 129.0  54.6 0.002638 0.002962 0.000701 hargrave 2023-04-08 16:57:30 
AF 480 305.5  60.6 009.0  38.6 5.09E-07 003.5 190.0  24.6 0.003990 0.001659 0.001071 hargrave 2023-04-08 16:58:51 
AF 500 059.9  39.8 057.1 -10.4 6.26E-07 002.7 273.6  55.8 0.001656 0.003163 0.001283 hargrave 2023-04-08 17:00:12 
AF 520 021.7  31.1 024.6 -16.0 6.88E-07 003.2 253.5  27.2 0.002438 0.004661 0.001422 hargrave 2023-04-08 17:01:32 
AF 540 059.1  48.9 054.9 -01.4 1.31E-06 002.1 258.3  60.2 0.002406 0.004693 0.001405 hargrave 2023-04-08 17:02:53 
AF 560 359.2  56.4 022.0  13.6 6.60E-07 004.3 219.7  34.4 0.004205 0.002811 0.001145 hargrave 2023-04-08 17:04:13 
AF 580 325.1  76.2 030.1  35.8 1.47E-06 003.0 191.4  41.5 0.009683 0.002893 0.000994 hargrave 2023-04-08 17:05:33 
AF 600 093.0  22.7 090.3 -14.8 7.36E-07 003.3 335.5  57.9 0.004011 0.002454 0.001137 hargrave 2023-04-08 17:06:54 
