MF4- 5a sun compass orientation
      0 174.6  47.0 317.0  51.0   1.0
NRM    068.8  52.9 060.0  03.8 1.32E-05 001.3 221.3  75.6 0.021573 0.019462 0.015443 hargrave 2023-04-09 21:00:14 
AF  20 062.3  61.2 054.4  10.9 1.02E-05 001.9 208.5  67.5 0.027769 0.019293 0.011819 hargrave 2023-04-09 21:01:36 
AF  40 049.2  71.7 047.7  20.7 7.87E-06 002.5 199.2  56.6 0.031875 0.017633 0.008929 hargrave 2023-04-09 21:02:57 
AF  60 016.9  80.3 041.4  30.4 6.54E-06 002.7 193.0  46.0 0.033456 0.016166 0.008229 hargrave 2023-04-09 21:04:17 
AF  80 310.0  80.4 034.6  39.5 6.34E-06 002.6 188.4  35.9 0.036398 0.016738 0.008337 hargrave 2023-04-09 21:05:37 
AF 100 285.2  74.9 028.6  45.6 5.65E-06 002.5 186.0  28.7 0.036475 0.015009 0.007846 hargrave 2023-04-09 21:06:57 
AF 120 275.6  72.5 026.9  49.0 5.39E-06 002.3 183.7  25.8 0.036394 0.013286 0.006955 hargrave 2023-04-09 21:08:18 
AF 140 275.1  64.0 014.6  52.5 4.54E-06 002.4 184.8  17.4 0.033851 0.013323 0.007470 hargrave 2023-04-09 21:09:38 
AF 160 277.2  50.6 352.3  53.3 3.74E-06 002.7 188.0  04.3 0.030472 0.011900 0.006781 hargrave 2023-04-09 21:10:58 
AF 180 279.8  57.3 003.2  51.6 3.53E-06 002.9 188.3  11.1 0.028315 0.012128 0.006735 hargrave 2023-04-09 21:12:18 
AF 200 301.2  55.2 001.5  39.6 3.20E-06 004.0 200.5  13.0 0.025627 0.013366 0.005590 hargrave 2023-04-09 21:13:38 
AF 220 289.3  57.6 003.4  46.5 2.89E-06 003.5 193.3  12.7 0.024469 0.011015 0.005576 hargrave 2023-04-09 21:14:59 
AF 240 280.0  51.8 354.2  51.6 2.34E-06 003.4 189.5  05.7 0.021281 0.009187 0.005541 hargrave 2023-04-09 21:16:20 
AF 260 229.4  49.0 038.0  79.8 1.80E-06 002.5 157.6  07.1 0.015571 0.004792 0.004953 hargrave 2023-04-09 21:17:40 
AF 280 215.3  57.8 065.1  69.7 1.94E-06 002.6 154.8  18.8 0.014925 0.004257 0.005598 hargrave 2023-04-09 21:19:00 
AF 300 221.9  30.0 200.4  80.0 1.33E-06 003.8 143.7 -07.2 0.010285 0.003300 0.004021 hargrave 2023-04-09 21:20:21 
AF 320 203.2  14.9 179.4  58.1 2.45E-06 003.5 120.7 -09.3 0.009459 0.010949 0.007576 hargrave 2023-04-09 21:21:41 
AF 340 194.4  06.1 176.6  45.9 2.17E-06 002.7 108.2 -10.0 0.005491 0.010580 0.006946 hargrave 2023-04-09 21:23:02 
AF 360 215.1  10.8 203.2  59.9 2.15E-06 003.8 127.5 -19.8 0.009914 0.008422 0.006462 hargrave 2023-04-09 21:24:22 
AF 380 216.6 -18.6 215.4  31.6 1.96E-06 002.3 105.8 -43.0 0.003753 0.007771 0.005605 hargrave 2023-04-09 21:25:42 
AF 400 224.7 -16.7 224.3  34.3 2.15E-06 002.7 115.4 -47.1 0.005199 0.007054 0.006816 hargrave 2023-04-09 21:27:03 
AF 420 217.5 -48.8 220.8  01.8 2.29E-06 002.0 063.0 -57.3 0.004243 0.006216 0.006955 hargrave 2023-04-09 21:28:23 
AF 440 212.5 -26.8 213.0  22.8 2.03E-06 001.7 093.6 -45.1 0.001564 0.008292 0.004770 hargrave 2023-04-09 21:29:43 
AF 460 264.1 -47.0 251.3 -02.2 2.37E-06 000.3 004.4 -85.9 0.001453 0.000790 0.005880 hargrave 2023-04-09 21:31:03 
AF 480 221.0 -58.5 223.8 -07.6 2.95E-06 002.4 044.6 -59.1 0.009315 0.007074 0.004045 hargrave 2023-04-09 21:32:23 
AF 500 238.5 -42.7 235.5  07.7 2.87E-06 001.4 082.0 -71.0 0.001854 0.006293 0.005704 hargrave 2023-04-09 21:33:44 
AF 520 227.7 -69.0 227.3 -18.0 1.80E-06 002.3 023.9 -57.8 0.007005 0.003347 0.003980 hargrave 2023-04-09 21:35:04 
AF 540 269.7 -41.0 257.8  01.0 3.41E-06 000.9 244.1 -85.7 0.004233 0.003135 0.005919 hargrave 2023-04-09 21:36:24 
AF 560 282.6 -42.7 264.6 -06.0 3.28E-06 001.1 274.8 -76.8 0.002553 0.005734 0.006556 hargrave 2023-04-09 21:37:44 
AF 580 144.3 -65.8 198.3 -32.2 2.03E-06 003.7 023.6 -28.1 0.013698 0.006494 0.003877 hargrave 2023-04-09 21:39:04 
AF 600 259.5 -45.6 249.1  00.5 2.00E-06 001.2 052.9 -85.5 0.003068 0.002555 0.007827 hargrave 2023-04-09 21:40:25 
AF 650 166.2 -38.0 183.4 -05.1 1.89E-06 004.1 055.8 -19.6 0.009455 0.010058 0.002763 hargrave 2023-04-09 21:41:45 
AF 700 019.8 -40.5 304.2 -69.1 6.64E-07 004.1 315.3 -11.9 0.002856 0.003630 0.001479 hargrave 2023-04-09 21:43:05 
AF 750 117.0 -57.1 183.4 -42.3 1.91E-06 003.4 017.4 -13.7 0.014475 0.007116 0.001417 hargrave 2023-04-09 21:44:25 
AF 800 187.1 -42.3 198.7  01.0 1.12E-06 004.1 062.0 -35.2 0.004121 0.007848 0.001082 hargrave 2023-04-09 21:45:45 
AF 850 276.1 -51.9 255.3 -10.5 2.42E-06 000.9 323.2 -78.2 0.002743 0.002321 0.004473 hargrave 2023-04-09 21:47:06 
AF 900 311.4 -73.6 247.3 -35.6 2.14E-06 002.4 340.1 -52.7 0.008926 0.002460 0.004342 hargrave 2023-04-09 21:48:26 
AF 950 240.6 -36.9 238.1  13.1 1.95E-06 001.6 100.2 -70.7 0.002872 0.004547 0.006184 hargrave 2023-04-09 21:49:47 
AF1000 236.8 -35.3 235.3  15.1 2.14E-06 001.8 100.3 -67.2 0.002564 0.005869 0.005168 hargrave 2023-04-09 21:51:08 
