MF4- 3a sun compass orientation
      0 198.2  49.0 317.0  51.0   1.0
NRM    326.5  64.6 017.5  30.9 8.69E-06 002.7 196.4  19.8 0.048701 0.025307 0.002687 hargrave 2023-04-08 18:08:43 
AF  20 327.0  62.8 015.8  29.9 8.01E-06 002.8 197.5  18.4 0.046408 0.023342 0.002581 hargrave 2023-04-08 18:10:04 
AF  40 317.2  64.9 016.0  34.7 6.92E-06 002.5 192.5  18.3 0.041667 0.018969 0.001178 hargrave 2023-04-08 18:17:49 
AF  60 315.0  62.5 012.9  34.8 6.21E-06 002.5 192.5  15.8 0.037821 0.017576 0.001336 hargrave 2023-04-08 18:19:10 
AF  80 317.3  57.6 007.9  32.0 5.59E-06 002.9 195.4  11.6 0.037406 0.017476 0.002093 hargrave 2023-04-08 18:20:30 
AF 100 315.7  56.0 005.7  32.1 5.19E-06 002.9 195.2  09.8 0.035466 0.016109 0.001661 hargrave 2023-04-08 18:21:50 
AF 120 310.8  55.0 003.3  34.3 4.49E-06 002.7 192.9  07.9 0.030976 0.013555 0.001679 hargrave 2023-04-08 18:23:11 
AF 140 309.5  49.0 356.4  32.8 4.03E-06 002.6 193.8  02.0 0.027545 0.011642 0.001344 hargrave 2023-04-08 18:24:33 
AF 160 311.9  51.2 359.4  32.3 3.63E-06 003.0 194.6  04.5 0.027864 0.011575 0.000949 hargrave 2023-04-08 18:25:53 
AF 180 300.8  52.0 357.5  39.0 3.27E-06 002.2 187.8  03.7 0.025647 0.008964 0.000614 hargrave 2023-04-08 18:27:14 
AF 200 310.2  45.3 352.6  30.8 3.45E-06 003.1 195.3 -01.5 0.026309 0.011836 0.001165 hargrave 2023-04-08 18:28:34 
AF 220 302.0  52.8 358.7  38.5 2.89E-06 002.4 188.3  04.6 0.022892 0.008352 0.000875 hargrave 2023-04-08 18:29:54 
AF 240 307.7  39.0 345.1  29.6 2.53E-06 003.1 195.2 -08.0 0.020033 0.008459 0.001084 hargrave 2023-04-08 18:31:15 
AF 260 309.9  54.8 002.9  34.7 2.23E-06 003.0 192.4  07.6 0.018304 0.007479 0.000842 hargrave 2023-04-08 18:32:35 
AF 280 309.8  47.3 354.6  31.9 2.62E-06 003.1 194.5  00.4 0.021545 0.008916 0.001359 hargrave 2023-04-08 18:33:56 
AF 300 319.5  49.7 000.4  27.3 2.12E-06 003.6 199.7  04.8 0.017781 0.007570 0.000699 hargrave 2023-04-08 18:35:16 
AF 320 320.0  41.2 352.5  22.5 1.88E-06 004.1 203.4 -02.9 0.015796 0.007700 0.000992 hargrave 2023-04-08 18:36:37 
AF 340 292.9  47.0 349.3  42.6 1.81E-06 001.8 183.2 -01.9 0.015713 0.004733 0.000324 hargrave 2023-04-08 18:37:57 
AF 360 300.0  38.2 341.0  34.6 1.49E-06 002.8 189.4 -10.1 0.013106 0.004649 0.001154 hargrave 2023-04-08 18:39:17 
AF 380 312.1  54.8 003.4  33.5 1.47E-06 003.1 193.7  07.9 0.012785 0.004829 0.000697 hargrave 2023-04-08 18:40:38 
AF 400 300.5  40.4 343.7  35.1 1.61E-06 002.8 189.4 -07.9 0.013907 0.004911 0.002026 hargrave 2023-04-08 18:41:58 
AF 420 318.4  42.3 352.9  24.2 1.37E-06 003.9 201.9 -02.3 0.011864 0.005096 0.000524 hargrave 2023-04-08 18:43:18 
AF 440 302.8  45.6 350.3  35.7 8.90E-07 002.7 190.2 -02.5 0.007777 0.002718 0.000987 hargrave 2023-04-08 18:44:39 
AF 460 283.2  58.7 005.2  49.7 1.34E-06 001.5 177.4  09.8 0.011304 0.002701 0.001199 hargrave 2023-04-08 18:45:59 
AF 480 287.4  40.2 338.7  44.4 7.45E-07 001.6 179.4 -08.8 0.006197 0.001549 0.000878 hargrave 2023-04-08 18:47:20 
AF 500 258.9 -03.3 269.4  38.5 5.81E-07 003.1 137.2 -44.0 0.002510 0.001921 0.000784 hargrave 2023-04-08 18:48:40 
AF 520 310.5  20.3 329.3  17.6 9.18E-07 004.1 203.1 -25.3 0.007086 0.003638 0.001217 hargrave 2023-04-08 18:50:01 
AF 540 255.5  02.6 269.7  45.3 8.20E-07 003.3 137.3 -37.2 0.003615 0.002921 0.001370 hargrave 2023-04-08 18:51:23 
AF 560 268.9  43.8 339.6  58.5 9.60E-07 001.8 166.2 -03.4 0.007570 0.001750 0.000553 hargrave 2023-04-08 18:52:43 
AF 580 291.3  39.8 339.6  41.4 9.23E-07 001.7 182.4 -09.1 0.007788 0.001644 0.001589 hargrave 2023-04-08 18:54:04 
AF 600 343.1  71.0 027.5  29.0 1.37E-06 003.3 197.6  28.6 0.009994 0.003637 0.001872 hargrave 2023-04-08 18:55:24 
AF 650 262.1  27.1 305.5  58.5 1.46E-06 002.9 155.8 -17.7 0.010811 0.002855 0.002501 hargrave 2023-04-09 23:49:52 
AF 700 283.7  25.4 318.6  40.9 1.51E-06 002.2 175.6 -23.5 0.012283 0.001880 0.002435 hargrave 2023-04-09 23:51:12 
AF 750 281.2 -25.9 274.4  07.7 4.52E-07 003.0 156.9 -73.8 0.001578 0.001300 0.002335 hargrave 2023-04-09 23:52:33 
AF 800 346.7  37.0 002.9  04.1 4.03E-07 006.7 223.1  04.6 0.003227 0.003434 0.002434 hargrave 2023-04-09 23:53:53 
AF 850 050.5  11.3 051.4 -39.6 4.34E-07 003.3 283.3  31.5 0.000755 0.003665 0.001549 hargrave 2023-04-09 23:55:14 
AF 900 216.7  31.3 176.2  78.6 1.20E-06 003.7 125.1  07.9 0.005802 0.005119 0.001661 hargrave 2023-04-09 23:56:35 
AF 950 265.2  30.6 313.8  57.8 1.91E-06 002.5 159.6 -15.3 0.014690 0.003394 0.002301 hargrave 2023-04-09 23:57:56 
AF1000 236.9  74.1 042.3  54.5 1.34E-06 002.3 165.7  30.1 0.009651 0.000656 0.001086 hargrave 2023-04-09 23:59:17 
