MF5- 6a sun compass orientation
      0 190.4  70.0 318.0  60.0   1.0
NRM    295.6  74.0 029.9  34.9 1.17E-05 001.7 184.2  04.5 0.056584 0.028987 0.004979 hargrave 2023-04-07 07:31:03 
AF  10 295.4  74.0 029.9  34.9 1.16E-05 001.6 184.1  04.5 0.055998 0.026755 0.005031 hargrave 2023-04-07 07:32:24 
AF  20 294.9  73.8 029.7  35.1 1.13E-05 001.5 184.0  04.3 0.053235 0.024782 0.004941 hargrave 2023-04-07 07:33:45 
AF  30 293.7  74.2 030.2  35.3 1.10E-05 001.6 183.6  04.6 0.058611 0.026309 0.004388 hargrave 2023-04-07 07:35:06 
AF  40 291.0  73.9 030.2  36.1 1.06E-05 001.4 182.9  04.2 0.051362 0.022463 0.004244 hargrave 2023-04-07 07:36:27 
AF  50 290.9  74.3 030.7  36.0 1.03E-05 001.4 182.8  04.6 0.050416 0.021555 0.004449 hargrave 2023-04-07 07:37:48 
AF  60 287.8  73.0 029.5  37.3 9.86E-06 001.4 182.2  03.1 0.048983 0.020364 0.004733 hargrave 2023-04-07 07:39:13 
AF  70 286.2  73.4 030.2  37.6 9.60E-06 001.3 181.7  03.5 0.050005 0.020068 0.004349 hargrave 2023-04-07 07:40:37 
AF  80 272.3  73.0 032.3  41.2 8.98E-06 001.0 177.7  03.2 0.045959 0.015781 0.004490 hargrave 2023-04-07 07:41:58 
AF  90 299.8  72.6 028.0  33.9 8.84E-06 001.7 185.7  03.5 0.046717 0.020415 0.004083 hargrave 2023-04-07 07:43:19 
AF 100 302.6  74.2 029.8  32.9 8.36E-06 001.7 185.9  05.3 0.045277 0.019516 0.004236 hargrave 2023-04-07 07:44:40 
AF 110 302.3  75.9 031.8  32.8 8.26E-06 001.7 185.2  06.9 0.046563 0.019350 0.004395 hargrave 2023-04-07 07:46:00 
AF 120 302.1  76.9 033.0  32.7 7.99E-06 001.6 184.8  07.8 0.044420 0.017781 0.003704 hargrave 2023-04-07 07:47:21 
AF 130 299.1  77.3 033.6  33.3 7.66E-06 001.5 184.1  07.9 0.043114 0.016120 0.003648 hargrave 2023-04-07 07:48:42 
AF 140 287.5  77.2 034.4  35.8 7.27E-06 001.3 181.6  07.3 0.041252 0.013817 0.003033 hargrave 2023-04-07 07:50:03 
AF 150 255.2  73.4 037.5  44.4 7.04E-06 000.8 173.0  04.9 0.039475 0.010793 0.003495 hargrave 2023-04-07 07:51:24 
AF 160 251.7  72.6 038.1  45.6 6.68E-06 000.9 171.7  04.6 0.037977 0.010476 0.003233 hargrave 2023-04-07 07:52:45 
AF 170 243.7  74.3 042.1  45.0 6.54E-06 001.0 170.6  07.2 0.037284 0.010389 0.003431 hargrave 2023-04-07 07:54:06 
AF 180 250.4  73.7 039.3  44.8 6.75E-06 000.9 171.9  05.7 0.038182 0.010554 0.003585 hargrave 2023-04-07 07:55:27 
AF 190 233.9  74.6 045.8  45.3 6.26E-06 001.1 168.7  09.1 0.036044 0.009971 0.002318 hargrave 2023-04-07 07:56:48 
AF 200 240.1  73.7 043.1  45.9 5.88E-06 001.1 169.4  07.3 0.034944 0.009377 0.002526 hargrave 2023-04-07 07:58:09 
AF 220 240.8  71.4 041.9  48.0 5.04E-06 001.2 168.2  05.4 0.032358 0.008012 0.003198 hargrave 2023-04-07 07:59:30 
AF 240 229.7  72.2 047.2  47.8 4.53E-06 001.4 166.2  08.3 0.030147 0.007358 0.003287 hargrave 2023-04-07 08:00:50 
AF 260 222.4  71.1 050.7  48.8 4.20E-06 001.7 163.8  09.3 0.028425 0.007137 0.002596 hargrave 2023-04-07 08:02:12 
AF 280 230.9  63.9 045.7  56.0 3.89E-06 002.0 160.4  02.2 0.026419 0.007958 0.002440 hargrave 2023-04-07 08:03:32 
AF 300 213.5  67.7 056.8  51.3 3.52E-06 002.2 159.2  10.2 0.024525 0.007401 0.001965 hargrave 2023-04-07 08:04:53 
AF 320 226.0  61.7 049.8  58.2 4.02E-06 002.2 157.3  02.4 0.026559 0.009294 0.002748 hargrave 2023-04-07 08:06:14 
AF 340 215.5  66.6 056.1  52.6 4.25E-06 002.1 158.6  08.9 0.027577 0.009186 0.002165 hargrave 2023-04-07 08:07:35 
AF 360 219.3  59.8 056.6  59.7 3.46E-06 002.7 153.8  03.8 0.023053 0.009197 0.002332 hargrave 2023-04-07 08:08:56 
AF 380 199.2  64.7 067.0  50.9 3.58E-06 002.6 154.2  14.4 0.023109 0.009039 0.002358 hargrave 2023-04-07 08:10:17 
AF 400 216.8  63.8 056.7  55.4 3.83E-06 002.2 156.5  07.1 0.025699 0.008132 0.002205 hargrave 2023-04-07 08:11:38 
AF 420 214.1  55.2 065.5  62.9 3.56E-06 003.0 148.4  03.8 0.021614 0.011358 0.002300 hargrave 2023-04-07 08:12:58 
AF 440 183.9  64.8 073.2  45.8 3.16E-06 002.8 153.1  20.8 0.019887 0.008060 0.001760 hargrave 2023-04-07 08:14:20 
AF 460 212.2  68.2 057.2  50.6 2.99E-06 002.2 159.5  10.9 0.021606 0.006016 0.002099 hargrave 2023-04-07 08:15:40 
AF 480 202.6  57.7 073.1  57.2 2.84E-06 003.2 147.9  10.6 0.017800 0.009230 0.001794 hargrave 2023-04-07 08:17:01 
AF 500 183.1  59.8 079.9  47.8 2.78E-06 003.2 147.7  20.8 0.016733 0.008563 0.001428 hargrave 2023-04-07 08:18:22 
AF 520 198.1  69.4 062.9  47.0 3.20E-06 002.4 158.8  16.0 0.020875 0.007106 0.002578 hargrave 2023-04-07 08:19:43 
AF 540 178.2  71.2 067.0  40.8 2.83E-06 002.5 160.0  22.8 0.018328 0.005724 0.001661 hargrave 2023-04-07 08:21:04 
AF 560 221.9  75.6 050.1  44.3 2.93E-06 001.7 167.5  12.1 0.020495 0.005077 0.002187 hargrave 2023-04-07 08:22:25 
AF 580 175.9  74.7 063.4  38.5 2.80E-06 002.2 163.9  23.1 0.018409 0.004605 0.001489 hargrave 2023-04-07 08:23:46 
AF 600 082.2  73.3 057.7  15.8 3.12E-06 002.6 186.4  35.7 0.019737 0.005437 0.002286 hargrave 2023-04-07 08:25:07 
AF 650 113.1  60.6 075.5  14.8 2.56E-06 002.5 170.6  48.4 0.013908 0.001915 0.002089 hargrave 2023-04-10 00:50:31 
AF 700 057.3  84.9 048.9  25.0 3.28E-06 002.3 183.8  23.7 0.023744 0.006746 0.001500 hargrave 2023-04-10 00:51:52 
AF 750 153.9  68.6 072.9  33.5 2.88E-06 002.5 159.8  31.5 0.018422 0.003629 0.002020 hargrave 2023-04-10 00:53:13 
AF 800 141.2  76.2 064.0  29.8 2.15E-06 002.4 169.6  30.1 0.015215 0.002342 0.001692 hargrave 2023-04-10 00:54:35 
AF 850 170.8  59.6 082.9  42.0 2.11E-06 003.3 147.6  27.0 0.012430 0.005990 0.002040 hargrave 2023-04-10 00:55:56 
AF 900 169.5  56.5 087.2  41.8 1.82E-06 003.4 144.2  28.1 0.010233 0.005264 0.002511 hargrave 2023-04-10 00:57:17 
AF 950 189.4  63.5 072.9  48.6 2.17E-06 003.0 151.9  18.3 0.013910 0.005523 0.001743 hargrave 2023-04-10 00:58:39 
AF1000 180.5  63.4 075.9  45.2 2.74E-06 002.9 151.6  22.2 0.016923 0.007070 0.002037 hargrave 2023-04-10 01:00:00 
