MF5- 5a sun compass orientation
      0 239.4  49.0 318.0  60.0   1.0
NRM    292.2  72.5 028.4  36.2 9.73E-06 001.7 168.3  26.4 0.049717 0.013278 0.008126 hargrave 2023-04-07 06:34:13 
AF  10 293.6  72.4 028.2  35.8 9.52E-06 001.8 168.7  26.1 0.048558 0.013039 0.010333 hargrave 2023-04-07 06:35:34 
AF  20 294.0  73.4 029.3  35.4 9.07E-06 001.8 169.3  26.9 0.046968 0.013354 0.009002 hargrave 2023-04-07 06:36:55 
AF  30 297.5  73.6 029.3  34.4 8.68E-06 001.9 170.4  26.6 0.048963 0.014979 0.008895 hargrave 2023-04-07 06:38:16 
AF  40 293.0  72.8 028.7  35.9 8.37E-06 002.0 168.7  26.6 0.044926 0.014131 0.009232 hargrave 2023-04-07 06:39:37 
AF  50 295.9  73.9 029.8  34.8 8.10E-06 002.0 170.1  27.2 0.047686 0.013622 0.009563 hargrave 2023-04-07 06:40:58 
AF  60 303.4  77.5 033.6  32.4 8.02E-06 002.1 173.7  29.5 0.044039 0.012647 0.009873 hargrave 2023-04-07 06:42:19 
AF  70 303.3  78.2 034.5  32.3 8.86E-06 002.1 174.0  30.3 0.047212 0.015201 0.009253 hargrave 2023-04-07 06:43:40 
AF  80 304.7  75.5 031.3  32.3 8.45E-06 002.1 173.2  27.6 0.046919 0.016753 0.009236 hargrave 2023-04-07 06:45:05 
AF  90 304.2  76.2 032.1  32.3 8.12E-06 002.0 173.4  28.3 0.048631 0.014217 0.009135 hargrave 2023-04-07 06:46:29 
AF 100 306.4  74.8 030.3  31.9 7.92E-06 001.9 173.4  26.8 0.047462 0.016810 0.008243 hargrave 2023-04-07 06:47:54 
AF 110 313.4  77.4 033.5  30.2 7.66E-06 002.1 176.1  28.9 0.045560 0.016541 0.009376 hargrave 2023-04-07 06:49:15 
AF 120 318.0  77.3 033.4  29.2 7.43E-06 002.2 177.2  28.5 0.044255 0.016142 0.007836 hargrave 2023-04-07 06:50:36 
AF 130 314.7  78.1 034.3  30.0 7.31E-06 002.3 176.6  29.4 0.044226 0.015661 0.007972 hargrave 2023-04-07 06:51:57 
AF 140 294.1  77.0 033.6  34.5 7.00E-06 002.2 171.4  30.0 0.041534 0.011795 0.009013 hargrave 2023-04-07 06:53:18 
AF 150 308.7  78.1 034.2  31.2 6.57E-06 002.0 175.2  29.7 0.041603 0.009690 0.009502 hargrave 2023-04-07 06:54:39 
AF 160 314.6  78.3 034.5  30.0 6.44E-06 002.1 176.6  29.6 0.039204 0.007924 0.008351 hargrave 2023-04-07 06:56:01 
AF 170 297.4  77.7 034.1  33.6 6.24E-06 002.3 172.5  30.3 0.039409 0.009721 0.009443 hargrave 2023-04-07 06:57:22 
AF 180 302.3  80.4 037.1  32.1 6.53E-06 002.5 174.9  32.3 0.040617 0.013589 0.008208 hargrave 2023-04-07 06:58:43 
AF 190 315.3  74.7 030.3  29.5 6.17E-06 002.1 175.9  26.1 0.040764 0.010089 0.006870 hargrave 2023-04-07 07:00:04 
AF 200 307.7  75.3 031.0  31.5 5.60E-06 002.3 174.0  27.2 0.036375 0.008233 0.007386 hargrave 2023-04-07 07:01:25 
AF 220 307.2  77.7 033.8  31.5 5.29E-06 002.5 174.7  29.5 0.036696 0.009647 0.004995 hargrave 2023-04-07 07:02:46 
AF 240 346.8  85.7 043.8  27.9 5.07E-06 003.1 181.6  36.9 0.037647 0.009174 0.006056 hargrave 2023-04-07 07:04:10 
AF 260 286.8  79.7 037.2  34.9 4.81E-06 002.9 171.7  33.1 0.036017 0.007657 0.005169 hargrave 2023-04-07 07:05:31 
AF 280 264.1  82.0 042.2  36.3 5.23E-06 003.4 170.9  37.3 0.036258 0.013110 0.009425 hargrave 2023-04-07 07:06:52 
AF 300 271.1  73.5 033.0  41.2 4.06E-06 003.5 163.6  31.1 0.032492 0.012673 0.006315 hargrave 2023-04-07 07:08:13 
AF 320 241.9  80.0 044.9  39.6 4.08E-06 003.5 167.0  39.8 0.029411 0.009857 0.006910 hargrave 2023-04-07 07:09:34 
AF 340 214.9  73.5 053.3  46.0 3.93E-06 003.5 158.2  45.9 0.023547 0.009849 0.007314 hargrave 2023-04-07 07:10:55 
AF 360 206.6  80.3 052.5  38.9 4.31E-06 003.9 168.4  45.7 0.029624 0.010369 0.010450 hargrave 2023-04-07 07:12:16 
AF 380 227.4  75.5 048.2  44.5 4.30E-06 003.8 160.6  42.4 0.023348 0.010571 0.016345 hargrave 2023-04-07 07:13:37 
AF 400 213.9  76.2 052.6  43.3 4.63E-06 003.3 162.1  45.6 0.025241 0.007063 0.010984 hargrave 2023-04-07 07:14:58 
AF 420 197.9  77.1 056.5  40.9 3.75E-06 003.3 165.3  48.7 0.021198 0.006037 0.007947 hargrave 2023-04-07 07:16:19 
AF 440 228.1  71.5 047.9  48.5 3.36E-06 004.1 155.2  42.0 0.016111 0.016499 0.012558 hargrave 2023-04-07 07:17:40 
AF 460 310.4  85.1 042.4  30.5 2.95E-06 004.4 178.0  36.4 0.019650 0.006917 0.015126 hargrave 2023-04-07 07:19:01 
AF 480 207.2  76.4 054.5  42.6 3.29E-06 003.6 163.0  47.1 0.016191 0.008255 0.012818 hargrave 2023-04-07 07:20:22 
AF 500 207.3  69.3 058.9  48.9 3.71E-06 003.6 152.9  49.1 0.020260 0.006552 0.011976 hargrave 2023-04-07 07:21:43 
AF 520 236.3  64.9 041.9  54.7 3.04E-06 004.0 147.6  37.7 0.022380 0.014936 0.007471 hargrave 2023-04-07 07:23:03 
AF 540 243.1  44.9 013.7  70.9 3.48E-06 003.4 128.5  25.4 0.012743 0.019877 0.008997 hargrave 2023-04-07 07:24:24 
AF 560 207.8  59.5 067.1  57.5 2.66E-06 003.6 137.7  50.0 0.008547 0.013923 0.015054 hargrave 2023-04-07 07:25:45 
AF 580 217.0  54.5 062.7  64.3 3.04E-06 003.3 131.2  44.5 0.009828 0.016252 0.008093 hargrave 2023-04-07 07:27:06 
AF 600 182.5  51.5 092.0  50.3 2.93E-06 002.9 126.1  65.1 0.006030 0.014721 0.012226 hargrave 2023-04-07 07:28:27 
AF 650 181.0  50.6 093.8  49.6 3.06E-06 002.8 124.4  66.2 0.008542 0.010677 0.009097 hargrave 2023-04-10 00:39:03 
AF 700 225.7 -11.0 224.5  48.9 9.77E-07 005.5 072.7  02.9 0.004785 0.008518 0.005791 hargrave 2023-04-10 00:40:24 
AF 750 183.3  47.7 097.7  51.6 2.05E-06 002.8 117.1  65.1 0.006382 0.007048 0.010005 hargrave 2023-04-10 00:41:45 
AF 800 198.0  43.1 100.9  62.8 3.11E-06 002.3 110.0  54.3 0.005193 0.010421 0.008487 hargrave 2023-04-10 00:43:06 
AF 850 224.4  59.3 051.7  60.6 3.09E-06 003.7 138.7  41.6 0.015962 0.011398 0.007134 hargrave 2023-04-10 00:44:28 
AF 900 118.7  66.2 072.0  20.0 2.11E-06 004.5 204.1  59.6 0.013180 0.004952 0.009823 hargrave 2023-04-10 00:45:49 
AF 950 170.1  53.8 090.8  42.5 3.09E-06 002.1 139.7  71.2 0.007753 0.006300 0.008746 hargrave 2023-04-10 00:47:11 
AF1000 163.1  37.9 111.0  36.7 2.54E-06 003.6 077.9  78.9 0.007103 0.014856 0.006724 hargrave 2023-04-10 00:48:33 
