MF5- 4a sun compass orientation
      0 278.7  43.0 318.0  60.0   1.0
NRM    295.4  72.9 028.6  35.2 7.92E-06 001.9 158.4  39.9 0.034243 0.012633 0.003886 hargrave 2023-04-07 05:38:56 
AF  10 296.1  72.4 028.0  35.0 7.60E-06 002.0 158.1  39.5 0.033756 0.012197 0.003606 hargrave 2023-04-07 05:40:17 
AF  20 295.2  72.3 027.9  35.3 7.29E-06 002.0 157.8  39.6 0.032584 0.012006 0.003476 hargrave 2023-04-07 05:41:37 
AF  30 295.3  72.3 027.9  35.3 6.95E-06 002.1 157.8  39.6 0.031994 0.011525 0.003685 hargrave 2023-04-07 05:42:58 
AF  40 297.5  72.2 027.6  34.7 6.65E-06 002.1 158.1  39.0 0.031225 0.010815 0.003182 hargrave 2023-04-07 05:44:18 
AF  50 294.3  72.5 028.2  35.6 6.37E-06 002.2 157.8  39.9 0.030026 0.010604 0.002774 hargrave 2023-04-07 05:45:39 
AF  60 297.1  72.0 027.4  34.8 6.10E-06 002.2 157.8  39.0 0.029339 0.010099 0.002621 hargrave 2023-04-07 05:47:00 
AF  70 299.7  72.0 027.3  34.0 5.99E-06 002.2 158.4  38.3 0.029472 0.009998 0.002905 hargrave 2023-04-07 05:48:24 
AF  80 296.8  71.3 026.6  35.0 5.71E-06 002.3 157.0  38.7 0.028131 0.010246 0.002957 hargrave 2023-04-07 05:49:45 
AF  90 298.4  71.1 026.3  34.6 5.48E-06 002.3 157.2  38.1 0.027669 0.009781 0.002880 hargrave 2023-04-07 05:51:06 
AF 100 301.5  73.2 028.6  33.4 5.19E-06 002.3 160.0  38.6 0.027054 0.008307 0.002424 hargrave 2023-04-07 05:52:27 
AF 110 305.3  71.0 025.9  32.3 4.77E-06 002.3 158.8  36.3 0.025762 0.008099 0.002408 hargrave 2023-04-07 05:53:47 
AF 120 300.5  70.7 025.7  33.9 4.55E-06 002.4 157.3  37.3 0.025202 0.007536 0.002187 hargrave 2023-04-07 05:55:07 
AF 130 307.1  72.6 027.8  31.7 4.49E-06 002.4 160.8  36.9 0.024817 0.007804 0.002042 hargrave 2023-04-07 05:56:28 
AF 140 299.3  73.3 028.8  34.0 4.11E-06 002.4 159.7  39.2 0.022714 0.006462 0.001686 hargrave 2023-04-07 05:57:48 
AF 150 302.1  71.5 026.5  33.3 3.91E-06 002.5 158.4  37.4 0.022506 0.006308 0.001902 hargrave 2023-04-07 05:59:08 
AF 160 299.9  71.7 026.9  34.0 3.79E-06 002.5 158.1  38.1 0.021889 0.006166 0.002108 hargrave 2023-04-07 06:00:28 
AF 170 300.7  72.3 027.6  33.7 3.60E-06 002.5 159.0  38.2 0.020582 0.006087 0.001887 hargrave 2023-04-07 06:01:49 
AF 180 291.9  70.6 026.2  36.7 3.57E-06 002.6 155.2  39.6 0.019527 0.006967 0.001643 hargrave 2023-04-07 06:03:10 
AF 190 306.8  73.7 029.1  31.8 3.33E-06 002.5 161.8  37.7 0.020419 0.004624 0.001442 hargrave 2023-04-07 06:04:30 
AF 200 301.7  72.7 028.0  33.3 3.35E-06 002.6 159.6  38.2 0.019428 0.005863 0.001495 hargrave 2023-04-07 06:05:51 
AF 220 297.8  82.2 039.3  32.4 3.03E-06 002.4 169.7  44.0 0.017823 0.003096 0.001424 hargrave 2023-04-07 06:07:11 
AF 240 298.2  75.1 031.0  34.0 2.85E-06 002.5 161.4  40.4 0.016826 0.004432 0.002056 hargrave 2023-04-07 06:08:32 
AF 260 309.3  80.5 037.1  31.0 2.58E-06 002.5 169.1  41.6 0.016091 0.002244 0.001075 hargrave 2023-04-07 06:09:52 
AF 280 301.8  75.7 031.6  33.0 2.30E-06 002.6 162.7  40.0 0.014434 0.002780 0.000813 hargrave 2023-04-07 06:11:12 
AF 300 307.7  75.9 031.6  31.5 2.38E-06 002.5 164.1  38.9 0.014582 0.003205 0.001326 hargrave 2023-04-07 06:12:33 
AF 320 294.3  76.8 033.3  34.5 2.26E-06 002.6 162.7  42.1 0.013517 0.003330 0.000871 hargrave 2023-04-07 06:13:53 
AF 340 310.3  77.3 033.3  30.9 1.97E-06 002.5 166.0  39.4 0.012731 0.001793 0.001123 hargrave 2023-04-07 06:15:13 
AF 360 297.1  76.7 033.0  33.9 1.88E-06 002.5 163.0  41.5 0.011450 0.002225 0.001198 hargrave 2023-04-07 06:16:34 
AF 380 353.8  73.4 033.8  19.6 1.77E-06 002.2 175.1  30.9 0.013325 0.001142 0.001182 hargrave 2023-04-07 06:17:55 
AF 400 346.4  73.4 032.3  21.2 1.69E-06 002.2 172.7  31.3 0.012881 0.001135 0.001207 hargrave 2023-04-07 06:19:15 
AF 420 308.1  70.6 025.5  31.4 1.56E-06 002.7 159.2  35.4 0.010158 0.002571 0.001292 hargrave 2023-04-07 06:20:36 
AF 440 301.8  68.2 022.6  33.6 1.67E-06 002.9 155.2  35.4 0.010694 0.002966 0.001395 hargrave 2023-04-07 06:21:57 
AF 460 341.2  86.5 044.3  28.6 1.50E-06 002.6 177.7  43.8 0.009936 0.000876 0.000847 hargrave 2023-04-07 06:23:17 
AF 480 349.5  75.4 034.6  21.7 1.58E-06 002.4 174.3  33.0 0.011748 0.000864 0.000960 hargrave 2023-04-07 06:24:38 
AF 500 022.4  84.3 045.3  24.8 1.28E-06 002.5 181.8  41.4 0.008368 0.000917 0.000501 hargrave 2023-04-07 06:25:59 
AF 520 359.9  80.9 040.6  23.7 1.36E-06 002.4 178.2  38.0 0.009675 0.001023 0.000816 hargrave 2023-04-07 06:27:20 
AF 540 346.8  58.9 020.4  12.3 1.16E-06 001.8 168.4  17.4 0.009394 0.001337 0.000523 hargrave 2023-04-07 06:28:41 
AF 560 333.9  54.2 012.3  15.4 1.40E-06 002.4 159.7  15.4 0.010329 0.002409 0.000723 hargrave 2023-04-07 06:30:03 
AF 580 323.1  67.5 023.0  25.6 1.15E-06 002.7 161.7  29.6 0.008332 0.001652 0.000640 hargrave 2023-04-07 06:31:23 
AF 600 309.0  76.8 032.7  31.2 9.88E-07 002.4 165.2  39.3 0.006359 0.000957 0.001079 hargrave 2023-04-07 06:32:45 
AF 650 005.3  35.3 013.3 -13.3 4.83E-07 001.7 177.2 -07.7 0.004719 0.001138 0.000442 hargrave 2023-04-10 00:25:57 
AF 700 318.6  66.0 020.8  26.9 8.60E-07 002.8 159.0  29.3 0.006328 0.001728 0.000598 hargrave 2023-04-10 00:27:18 
AF 750 056.5  57.6 052.6 -02.2 4.41E-07 004.3 205.4  21.8 0.003994 0.002054 0.000512 hargrave 2023-04-10 00:28:40 
AF 800 046.9 -23.8 038.7 -83.7 7.15E-07 003.2 246.1 -51.8 0.002407 0.003602 0.000337 hargrave 2023-04-10 00:30:02 
AF 850 079.0  11.7 088.3 -38.7 3.30E-07 004.7 247.6 -04.4 0.001877 0.002483 0.001125 hargrave 2023-04-10 00:31:23 
AF 900 096.7  47.8 078.3 -00.8 4.17E-07 004.2 232.1  31.7 0.002208 0.002437 0.000625 hargrave 2023-04-10 00:32:44 
AF 950 092.7  43.5 078.8 -05.9 2.92E-07 005.5 233.9  26.8 0.002254 0.002232 0.001203 hargrave 2023-04-10 00:34:06 
AF1000 035.7  05.4 027.5 -52.7 1.43E-07 010.8 212.3 -32.4 0.002354 0.001813 0.001171 hargrave 2023-04-10 00:37:05 
