MF5- 3a sun compass orientation
      0 223.6  23.0 318.0  60.0   1.0
NRM    287.1  68.4 024.0  38.9 8.36E-06 001.9 166.2  46.6 0.034547 0.009894 0.001456 hargrave 2023-04-07 04:43:37 
AF  10 288.0  68.2 023.7  38.7 8.04E-06 001.9 166.6  46.4 0.034127 0.009129 0.001548 hargrave 2023-04-07 04:44:58 
AF  20 287.7  67.7 023.1  38.9 7.79E-06 001.9 166.2  46.0 0.033433 0.009098 0.001067 hargrave 2023-04-07 04:46:19 
AF  30 286.8  67.8 023.3  39.2 7.46E-06 002.0 165.8  46.1 0.032534 0.008707 0.001116 hargrave 2023-04-07 04:47:39 
AF  40 286.4  67.3 022.8  39.5 7.10E-06 002.0 165.4  45.7 0.031504 0.008421 0.001213 hargrave 2023-04-07 04:49:00 
AF  50 286.7  67.7 023.2  39.3 6.84E-06 002.0 165.7  46.0 0.030878 0.007980 0.000915 hargrave 2023-04-07 04:50:20 
AF  60 286.8  67.8 023.4  39.2 6.41E-06 002.1 165.8  46.1 0.029569 0.007459 0.000929 hargrave 2023-04-07 04:51:41 
AF  70 287.9  67.3 022.6  39.0 6.25E-06 002.1 166.2  45.5 0.029157 0.007310 0.000978 hargrave 2023-04-07 04:53:02 
AF  80 289.4  67.3 022.4  38.4 6.06E-06 002.1 167.0  45.4 0.028774 0.007000 0.000567 hargrave 2023-04-07 04:54:22 
AF  90 293.1  67.5 022.3  37.0 5.65E-06 002.1 169.0  45.3 0.027928 0.005879 0.000636 hargrave 2023-04-07 04:55:43 
AF 100 291.3  67.6 022.5  37.7 5.32E-06 002.2 168.1  45.5 0.027354 0.005248 0.000416 hargrave 2023-04-07 04:57:03 
AF 110 292.8  68.0 022.9  37.0 5.36E-06 002.2 169.0  45.8 0.026708 0.005754 0.000499 hargrave 2023-04-07 04:58:24 
AF 120 293.0  68.4 023.4  36.8 4.97E-06 002.2 169.2  46.2 0.025252 0.004928 0.000595 hargrave 2023-04-07 04:59:44 
AF 130 292.2  67.2 021.9  37.4 4.86E-06 002.2 168.5  45.0 0.025061 0.005129 0.000369 hargrave 2023-04-07 05:01:05 
AF 140 296.5  65.9 020.1  35.9 4.55E-06 002.2 170.5  43.5 0.024470 0.004771 0.000212 hargrave 2023-04-07 05:02:26 
AF 150 296.3  66.6 020.9  35.9 4.45E-06 002.2 170.5  44.2 0.023861 0.004698 0.000560 hargrave 2023-04-07 05:03:46 
AF 160 292.9  67.7 022.5  37.0 4.15E-06 002.3 169.0  45.5 0.022673 0.004066 0.000534 hargrave 2023-04-07 05:05:07 
AF 170 295.6  68.9 023.8  35.8 4.01E-06 002.3 170.7  46.5 0.021501 0.003877 0.000410 hargrave 2023-04-07 05:06:27 
AF 180 301.1  65.1 018.9  34.0 3.80E-06 002.3 172.9  42.4 0.021969 0.003870 0.000928 hargrave 2023-04-07 05:07:48 
AF 190 306.2  68.2 022.6  32.0 3.79E-06 002.3 176.1  45.3 0.021251 0.003653 0.000365 hargrave 2023-04-07 05:09:08 
AF 200 299.6  67.1 021.4  34.5 3.57E-06 002.4 172.4  44.5 0.020171 0.003437 0.000186 hargrave 2023-04-07 05:10:29 
AF 220 310.7  66.0 020.2  30.1 3.34E-06 002.4 178.4  43.0 0.019941 0.003656 0.000611 hargrave 2023-04-07 05:11:50 
AF 240 298.9  68.3 022.9  34.7 3.06E-06 002.4 172.3  45.7 0.017607 0.002699 0.000868 hargrave 2023-04-07 05:13:10 
AF 260 303.9  65.4 019.3  32.8 2.57E-06 002.4 174.6  42.6 0.015799 0.002692 0.000808 hargrave 2023-04-07 05:14:31 
AF 280 294.0  67.6 022.2  36.6 2.42E-06 002.5 169.5  45.3 0.014125 0.002579 0.000897 hargrave 2023-04-07 05:15:51 
AF 300 304.4  68.9 023.4  32.7 2.29E-06 002.5 175.3  46.0 0.013606 0.002320 0.000718 hargrave 2023-04-07 05:17:12 
AF 320 325.1  69.4 025.2  25.5 2.37E-06 002.7 185.9  46.6 0.013830 0.003240 0.000910 hargrave 2023-04-07 05:18:36 
AF 340 323.7  70.5 026.3  26.3 2.19E-06 002.7 185.0  47.7 0.012750 0.003341 0.000788 hargrave 2023-04-07 05:19:57 
AF 360 306.7  70.2 025.0  31.9 1.90E-06 002.6 176.6  47.3 0.011108 0.002003 0.000651 hargrave 2023-04-07 05:21:18 
AF 380 311.9  67.8 022.3  29.8 1.76E-06 002.6 179.1  44.8 0.011008 0.002145 0.001028 hargrave 2023-04-07 05:22:38 
AF 400 312.7  69.8 024.6  29.8 1.83E-06 002.6 179.5  46.8 0.010925 0.002084 0.001075 hargrave 2023-04-07 05:23:58 
AF 420 318.5  63.1 017.7  26.2 1.48E-06 002.6 182.9  40.1 0.009999 0.002093 0.001096 hargrave 2023-04-07 05:25:19 
AF 440 317.3  69.5 024.7  28.2 1.60E-06 002.6 181.9  46.6 0.009703 0.002208 0.000746 hargrave 2023-04-07 05:26:40 
AF 460 000.8  69.7 032.7  15.4 1.44E-06 003.2 203.6  50.5 0.008213 0.003663 0.000874 hargrave 2023-04-07 05:28:00 
AF 480 350.0  68.2 028.8  17.1 1.46E-06 003.3 199.1  47.5 0.008890 0.003599 0.000732 hargrave 2023-04-07 05:29:21 
AF 500 021.1  74.5 040.8  16.0 1.31E-06 002.7 207.7  57.9 0.005759 0.003192 0.001068 hargrave 2023-04-07 05:30:41 
AF 520 331.4  71.1 027.8  24.1 1.48E-06 002.8 188.6  48.6 0.008813 0.002451 0.000731 hargrave 2023-04-07 05:32:02 
AF 540 028.4  73.0 042.2  13.9 1.52E-06 002.9 212.4  58.3 0.006820 0.003946 0.001088 hargrave 2023-04-07 05:33:22 
AF 560 031.4  71.1 042.6  11.8 1.63E-06 002.9 216.2  57.6 0.007170 0.004630 0.000812 hargrave 2023-04-07 05:34:43 
AF 580 010.8  70.3 035.9  13.8 1.45E-06 003.1 207.9  52.6 0.007536 0.003927 0.001298 hargrave 2023-04-07 05:36:04 
AF 600 027.5  77.7 043.5  18.4 1.64E-06 002.6 205.1  61.2 0.007060 0.003521 0.000573 hargrave 2023-04-07 05:37:24 
AF 650 025.2  31.4 026.6 -24.8 7.35E-07 004.6 240.8  22.0 0.004230 0.004761 0.000576 hargrave 2023-04-10 00:14:24 
AF 700 025.6  61.9 037.7  03.7 7.70E-07 003.7 223.1  49.0 0.004367 0.002828 0.000499 hargrave 2023-04-10 00:15:45 
AF 750 020.5  78.2 042.3  19.4 4.67E-07 003.3 202.4  60.4 0.002994 0.000624 0.000995 hargrave 2023-04-10 00:17:06 
AF 800 099.9  50.5 078.0  02.7 5.37E-07 001.6 297.7  66.5 0.000837 0.001222 0.000608 hargrave 2023-04-10 00:18:28 
AF 850 009.8  54.8 027.1  00.9 3.20E-07 004.5 217.9  38.8 0.002311 0.001262 0.000453 hargrave 2023-04-10 00:19:50 
AF 900 096.3  40.0 083.2 -06.9 3.73E-07 002.8 303.7  56.0 0.000634 0.001532 0.000954 hargrave 2023-04-10 00:21:11 
AF 950 022.4  37.9 027.0 -18.0 2.67E-07 005.6 235.7  27.0 0.002076 0.001586 0.000742 hargrave 2023-04-10 00:22:33 
AF1000 052.1  16.3 053.4 -43.5 6.43E-07 001.8 271.3  18.3 0.001326 0.004425 0.000361 hargrave 2023-04-10 00:23:55 
