MF5- 2a sun compass orientation
      0 215.5  34.0 318.0  60.0   1.0
NRM    330.6  74.1 030.8  25.4 9.01E-06 002.3 188.9  41.2 0.043105 0.016524 0.003240 hargrave 2023-04-07 03:48:17 
AF  10 329.5  73.4 029.9  25.4 8.71E-06 002.2 188.8  40.4 0.042084 0.015523 0.003241 hargrave 2023-04-07 03:49:38 
AF  20 328.5  73.4 029.8  25.7 8.34E-06 002.3 188.4  40.4 0.041108 0.014803 0.003104 hargrave 2023-04-07 03:50:58 
AF  30 329.5  73.5 030.0  25.5 7.89E-06 002.3 188.8  40.5 0.039848 0.014273 0.003039 hargrave 2023-04-07 03:52:18 
AF  40 331.1  72.7 029.4  24.8 7.43E-06 002.3 189.7  39.9 0.037307 0.013467 0.002719 hargrave 2023-04-07 03:53:38 
AF  50 329.5  71.4 027.9  24.8 7.21E-06 002.4 189.5  38.6 0.038374 0.013692 0.002782 hargrave 2023-04-07 03:54:58 
AF  60 330.7  71.7 028.3  24.5 6.76E-06 002.5 189.9  38.9 0.036685 0.013039 0.002600 hargrave 2023-04-07 03:56:18 
AF  70 329.1  72.8 029.3  25.4 6.32E-06 002.4 188.8  39.9 0.033676 0.011027 0.002260 hargrave 2023-04-07 03:57:39 
AF  80 335.0  73.1 030.3  23.9 6.05E-06 002.5 190.9  40.6 0.032709 0.011078 0.002175 hargrave 2023-04-07 03:59:00 
AF  90 336.5  71.1 028.6  22.6 5.59E-06 002.7 192.4  39.0 0.032535 0.011614 0.002490 hargrave 2023-04-07 04:00:20 
AF 100 332.2  71.7 028.5  24.1 5.37E-06 002.5 190.5  39.1 0.030501 0.009723 0.002457 hargrave 2023-04-07 04:01:40 
AF 110 330.0  69.8 026.3  24.0 5.17E-06 002.7 190.3  37.1 0.031456 0.010219 0.002432 hargrave 2023-04-07 04:03:01 
AF 120 326.8  69.4 025.4  24.9 4.83E-06 002.6 189.1  36.3 0.030209 0.009479 0.002410 hargrave 2023-04-07 04:04:21 
AF 130 326.7  69.8 025.9  25.1 4.81E-06 002.6 189.0  36.7 0.029902 0.009164 0.002033 hargrave 2023-04-07 04:05:41 
AF 140 324.1  67.8 023.4  25.4 4.53E-06 002.5 188.4  34.6 0.028279 0.008034 0.001920 hargrave 2023-04-07 04:07:02 
AF 150 326.2  67.5 023.4  24.5 4.27E-06 002.7 189.4  34.4 0.028062 0.008287 0.001793 hargrave 2023-04-07 04:08:22 
AF 160 326.2  67.9 023.8  24.6 4.06E-06 002.7 189.3  34.9 0.026950 0.007983 0.002024 hargrave 2023-04-07 04:09:42 
AF 170 330.8  70.5 027.1  24.0 3.91E-06 002.8 190.4  37.8 0.025401 0.007536 0.001415 hargrave 2023-04-07 04:11:02 
AF 180 328.1  70.6 026.9  24.9 3.65E-06 002.8 189.3  37.7 0.023982 0.006688 0.001884 hargrave 2023-04-07 04:12:22 
AF 190 315.8  74.3 029.9  29.4 3.52E-06 002.6 183.7  40.5 0.022346 0.004581 0.001082 hargrave 2023-04-07 04:13:43 
AF 200 311.4  68.3 022.9  30.1 3.28E-06 002.4 182.6  34.4 0.021887 0.004015 0.001100 hargrave 2023-04-07 04:15:03 
AF 220 317.5  65.8 020.5  27.3 2.99E-06 002.6 185.8  32.1 0.021519 0.004987 0.001391 hargrave 2023-04-07 04:16:23 
AF 240 317.8  63.3 017.8  26.6 2.98E-06 002.5 186.3  29.7 0.021865 0.004989 0.000705 hargrave 2023-04-07 04:17:45 
AF 260 314.8  63.2 017.3  27.9 2.74E-06 002.4 184.8  29.4 0.020479 0.004343 0.001848 hargrave 2023-04-07 04:19:05 
AF 280 319.6  62.7 017.4  25.7 2.44E-06 002.7 187.3  29.2 0.018421 0.004362 0.001067 hargrave 2023-04-07 04:20:25 
AF 300 306.2  65.5 019.5  31.9 2.34E-06 002.4 180.3  31.5 0.017566 0.002422 0.000338 hargrave 2023-04-07 04:21:45 
AF 320 317.2  56.8 010.8  25.2 2.15E-06 002.4 186.9  23.2 0.017434 0.003736 0.000639 hargrave 2023-04-07 04:23:06 
AF 340 299.0  56.5 008.4  34.9 2.10E-06 001.9 176.1  22.6 0.016833 0.001778 0.000496 hargrave 2023-04-07 04:24:26 
AF 360 305.8  63.2 016.8  31.9 2.20E-06 002.3 180.2  29.2 0.016660 0.002129 0.000877 hargrave 2023-04-07 04:25:46 
AF 380 318.4  71.9 027.3  28.2 1.80E-06 002.9 185.1  38.2 0.013082 0.002347 0.000681 hargrave 2023-04-07 04:27:06 
AF 400 317.5  76.1 032.0  29.2 1.35E-06 002.9 183.9  42.3 0.009466 0.001545 0.001162 hargrave 2023-04-07 04:28:27 
AF 420 303.5  56.3 008.5  32.4 1.57E-06 001.9 178.8  22.4 0.012650 0.001326 0.000505 hargrave 2023-04-07 04:29:47 
AF 440 306.5  53.3 005.3  30.3 1.08E-06 001.8 180.6  19.3 0.008650 0.000736 0.000817 hargrave 2023-04-07 04:31:08 
AF 460 300.0  45.4 355.3  33.0 1.42E-06 001.0 176.0  11.5 0.012247 0.001201 0.000893 hargrave 2023-04-07 04:32:29 
AF 480 293.2  54.1 005.4  38.2 1.28E-06 001.7 172.4  20.5 0.010412 0.001014 0.000448 hargrave 2023-04-07 04:33:49 
AF 500 306.3  68.3 022.7  32.0 1.28E-06 002.6 180.4  34.3 0.009937 0.000962 0.000709 hargrave 2023-04-07 04:35:10 
AF 520 346.5  52.9 015.6  08.6 1.31E-06 004.1 205.7  24.0 0.010859 0.004738 0.001252 hargrave 2023-04-07 04:36:30 
AF 540 287.7  61.3 015.0  40.4 1.09E-06 002.2 170.4  28.1 0.008808 0.000395 0.000649 hargrave 2023-04-07 04:37:50 
AF 560 299.9  59.6 012.3  34.6 9.60E-07 002.2 176.9  25.7 0.007946 0.000458 0.000291 hargrave 2023-04-07 04:39:11 
AF 580 326.3  59.5 015.4  21.6 1.27E-06 003.0 191.6  26.7 0.010573 0.002778 0.000362 hargrave 2023-04-07 04:40:31 
AF 600 329.5  78.3 035.1  27.0 1.07E-06 002.8 186.7  45.1 0.006949 0.001167 0.000642 hargrave 2023-04-07 04:41:52 
AF 650 333.6  63.4 020.6  20.0 9.91E-07 003.2 194.3  31.3 0.008592 0.001822 0.000250 hargrave 2023-04-10 00:01:34 
AF 700 331.3  60.5 017.4  19.7 7.85E-07 003.0 194.1  28.2 0.006479 0.001676 0.000251 hargrave 2023-04-10 00:02:55 
AF 750 227.8  79.4 048.0  40.6 4.66E-07 003.9 162.9  52.5 0.003466 0.001252 0.000353 hargrave 2023-04-10 00:04:16 
AF 800 010.9  80.5 041.8  22.3 8.65E-07 003.1 193.8  51.2 0.005629 0.001098 0.000340 hargrave 2023-04-10 00:05:37 
AF 850 263.9  67.4 028.8  47.0 8.77E-07 003.0 161.3  37.2 0.006546 0.001363 0.000369 hargrave 2023-04-10 00:06:58 
AF 900 270.3  71.0 030.6  42.9 1.07E-06 002.9 166.0  39.4 0.007707 0.001430 0.000191 hargrave 2023-04-10 00:08:19 
AF 950 258.7  43.0 354.4  62.3 7.97E-07 004.0 146.2  16.6 0.005724 0.003090 0.001052 hargrave 2023-04-10 00:09:41 
AF1000 291.1  09.0 312.3  27.7 7.46E-07 002.7 164.4 -23.9 0.005810 0.001521 0.000509 hargrave 2023-04-10 00:11:02 
