MF5- 7a sun compass orientation
      0 180.1  55.0 318.0  60.0   1.0
NRM    318.4  57.0 011.2  24.6 1.44E-05 002.7 204.5  10.6 0.065702 0.043135 0.007257 hargrave 2023-04-07 08:26:29 
AF  10 318.3  56.5 010.6  24.5 1.43E-05 002.6 204.7  10.2 0.063764 0.042575 0.007088 hargrave 2023-04-07 08:27:51 
AF  20 317.6  56.0 010.0  24.7 1.40E-05 002.6 204.7  09.6 0.062463 0.041678 0.007113 hargrave 2023-04-07 08:29:13 
AF  30 317.3  56.3 010.3  24.9 1.36E-05 002.7 204.4  09.7 0.061748 0.041158 0.006941 hargrave 2023-04-07 08:30:33 
AF  40 315.4  57.1 010.8  26.2 1.32E-05 002.6 203.1  09.7 0.060097 0.040122 0.006102 hargrave 2023-04-07 08:31:54 
AF  50 315.3  57.6 011.3  26.3 1.28E-05 002.7 202.7  10.1 0.059140 0.039336 0.006665 hargrave 2023-04-07 08:33:15 
AF  60 316.2  57.4 011.3  25.8 1.23E-05 002.7 203.2  10.2 0.058207 0.038603 0.005901 hargrave 2023-04-07 08:34:36 
AF  70 314.6  58.0 011.7  26.8 1.19E-05 002.7 202.2  10.2 0.056635 0.037450 0.006126 hargrave 2023-04-07 08:35:57 
AF  80 311.8  58.0 011.2  28.3 1.15E-05 002.7 200.9  09.3 0.055403 0.036026 0.004686 hargrave 2023-04-07 08:37:18 
AF  90 313.1  56.6 009.9  27.2 1.10E-05 002.8 202.3  08.6 0.054051 0.035181 0.005368 hargrave 2023-04-07 08:38:39 
AF 100 312.8  57.1 010.4  27.6 1.07E-05 002.8 201.9  08.8 0.053485 0.034520 0.005368 hargrave 2023-04-07 08:39:59 
AF 110 310.1  57.3 010.3  29.0 1.02E-05 002.8 200.5  08.2 0.052044 0.033016 0.005003 hargrave 2023-04-07 08:41:21 
AF 120 307.5  58.1 010.9  30.5 1.01E-05 002.7 198.9  08.2 0.051520 0.032439 0.004401 hargrave 2023-04-07 08:42:42 
AF 130 308.9  57.9 010.8  29.8 9.73E-06 002.8 199.7  08.5 0.051648 0.031205 0.004503 hargrave 2023-04-07 08:44:02 
AF 140 309.8  57.2 010.1  29.1 9.44E-06 002.8 200.5  08.1 0.049188 0.031049 0.004745 hargrave 2023-04-07 08:45:23 
AF 150 307.1  58.0 010.8  30.7 9.09E-06 002.8 198.8  08.1 0.047926 0.029200 0.004018 hargrave 2023-04-07 08:46:44 
AF 160 308.9  57.6 010.5  29.7 8.94E-06 002.9 199.8  08.2 0.047554 0.029666 0.004348 hargrave 2023-04-07 08:48:04 
AF 170 304.9  58.5 011.1  31.9 8.50E-06 002.7 197.5  07.9 0.046268 0.027172 0.003886 hargrave 2023-04-07 08:49:25 
AF 180 303.9  57.0 009.3  32.3 8.17E-06 002.8 197.8  06.3 0.047070 0.026681 0.003932 hargrave 2023-04-07 08:50:45 
AF 190 303.9  53.9 005.7  31.9 7.95E-06 003.0 199.2  03.6 0.046092 0.027267 0.003564 hargrave 2023-04-07 08:52:05 
AF 200 303.7  56.1 008.2  32.3 6.99E-06 003.0 198.1  05.4 0.041323 0.023919 0.002998 hargrave 2023-04-07 08:53:26 
AF 220 302.2  54.3 006.0  32.9 6.88E-06 003.0 198.1  03.5 0.042381 0.023874 0.003083 hargrave 2023-04-07 08:54:47 
AF 240 299.0  54.1 005.6  34.8 6.19E-06 002.9 196.5  02.6 0.037690 0.020639 0.003322 hargrave 2023-04-07 08:56:08 
AF 260 295.6  55.4 007.0  36.8 5.63E-06 002.8 194.2  03.0 0.037080 0.018570 0.003463 hargrave 2023-04-07 08:57:28 
AF 280 296.1  56.9 008.9  36.5 5.67E-06 002.6 193.9  04.5 0.035781 0.017410 0.004173 hargrave 2023-04-07 08:58:48 
AF 300 289.3  53.4 004.5  40.5 4.80E-06 002.5 191.3 -00.1 0.032357 0.014778 0.002848 hargrave 2023-04-07 09:00:09 
AF 320 297.3  51.4 002.1  35.5 4.63E-06 003.0 196.6 -00.4 0.031665 0.015971 0.002566 hargrave 2023-04-07 09:01:30 
AF 340 285.3  45.2 353.6  43.2 4.06E-06 002.5 190.8 -08.6 0.028695 0.011871 0.002496 hargrave 2023-04-07 09:02:50 
AF 360 291.9  45.7 354.7  38.6 3.72E-06 002.9 195.1 -06.9 0.026952 0.012136 0.001881 hargrave 2023-04-07 09:04:11 
AF 380 299.2  42.8 352.1  33.0 3.25E-06 003.7 201.1 -07.8 0.024406 0.012719 0.001571 hargrave 2023-04-07 09:05:32 
AF 400 291.7  39.2 346.3  37.8 3.11E-06 003.3 197.1 -13.2 0.022856 0.010846 0.002697 hargrave 2023-04-07 09:06:52 
AF 420 290.7  44.1 352.4  39.3 2.70E-06 003.2 194.8 -08.7 0.021597 0.009533 0.001877 hargrave 2023-04-07 09:08:14 
AF 440 308.0  52.7 004.8  29.3 2.66E-06 003.8 201.9  03.7 0.020569 0.010837 0.002215 hargrave 2023-04-07 09:09:34 
AF 460 275.5  55.4 009.2  48.1 2.67E-06 001.6 183.1  00.5 0.021317 0.005985 0.002180 hargrave 2023-04-07 09:10:55 
AF 480 263.2  64.6 025.8  49.1 2.17E-06 001.3 177.0  09.7 0.017519 0.003998 0.001698 hargrave 2023-04-07 09:12:16 
AF 500 323.5  71.9 027.7  26.7 2.40E-06 003.5 195.8  23.2 0.018936 0.008020 0.002076 hargrave 2023-04-07 09:13:36 
AF 520 288.1  75.3 032.1  36.4 2.68E-06 002.2 184.8  20.9 0.020419 0.005777 0.002188 hargrave 2023-04-07 09:14:57 
AF 540 237.1  71.3 043.6  48.4 1.79E-06 001.8 169.4  18.9 0.014166 0.002601 0.001566 hargrave 2023-04-07 09:16:17 
AF 560 312.8  69.2 024.0  29.7 1.83E-06 003.1 194.7  18.8 0.014838 0.005346 0.001279 hargrave 2023-04-07 09:17:37 
AF 580 271.0  65.6 024.2  45.8 1.88E-06 001.6 180.4  10.6 0.015923 0.003729 0.002092 hargrave 2023-04-07 09:18:58 
AF 600 188.3  68.4 067.5  45.2 2.10E-06 002.8 155.3  29.4 0.013756 0.004125 0.001215 hargrave 2023-04-07 09:20:18 
AF 650 322.5  85.4 042.8  29.5 1.57E-06 002.7 184.3  32.1 0.011540 0.003177 0.000495 hargrave 2023-04-10 01:01:56 
AF 700 197.2  72.0 060.9  44.8 1.59E-06 002.8 160.4  28.1 0.011189 0.003504 0.001171 hargrave 2023-04-10 01:03:17 
AF 750 337.3  68.0 025.7  20.9 5.88E-07 004.5 202.3  24.4 0.004463 0.002180 0.002500 hargrave 2023-04-10 01:04:38 
AF 800 066.8  79.6 051.5  20.1 1.54E-06 003.0 185.7  44.4 0.009823 0.002586 0.003074 hargrave 2023-04-10 01:06:00 
AF 850 244.0  63.8 035.9  54.7 7.61E-07 002.3 168.6  11.0 0.006554 0.001801 0.001310 hargrave 2023-04-10 01:07:21 
AF 900 238.2  64.1 040.2  55.3 1.30E-06 002.3 166.3  12.2 0.011044 0.003212 0.001556 hargrave 2023-04-10 01:08:42 
AF 950 195.2  75.9 058.2  41.5 1.72E-06 002.8 164.2  30.3 0.012535 0.003982 0.000299 hargrave 2023-04-10 01:10:03 
AF1000 251.4  76.1 040.6  42.5 2.21E-06 002.1 175.3  21.8 0.018046 0.004683 0.000621 hargrave 2023-04-10 01:11:25 
