MF5- 1a sun compass orientation
      0 229.4  24.0 318.0  60.0   1.0
NRM    325.3  70.6 026.6  25.8 9.39E-06 002.0 182.9  46.7 0.039765 0.012638 0.001518 hargrave 2023-04-03 22:21:28 
AF  10 324.8  69.6 025.4  25.7 8.79E-06 002.0 182.7  45.6 0.038733 0.011322 0.001868 hargrave 2023-04-03 22:22:48 
AF  20 324.1  69.5 025.3  25.9 8.33E-06 002.1 182.3  45.6 0.037425 0.010639 0.001545 hargrave 2023-04-03 22:24:09 
AF  30 324.1  69.6 025.3  25.9 7.81E-06 002.1 182.3  45.6 0.036279 0.009903 0.001617 hargrave 2023-04-03 22:25:29 
AF  40 322.0  69.0 024.5  26.4 7.39E-06 002.1 181.3  45.0 0.035238 0.008727 0.001515 hargrave 2023-04-03 22:26:49 
AF  50 321.7  68.6 024.0  26.4 6.88E-06 002.1 181.2  44.6 0.033761 0.008048 0.001482 hargrave 2023-04-03 22:28:09 
AF  60 320.1  67.2 022.3  26.6 6.51E-06 002.2 180.4  43.2 0.033091 0.007440 0.001255 hargrave 2023-04-03 22:29:29 
AF  70 318.8  68.1 023.2  27.3 6.17E-06 002.2 179.7  44.1 0.031799 0.006645 0.001191 hargrave 2023-04-03 22:30:49 
AF  80 314.0  69.0 023.8  29.3 5.91E-06 002.3 177.2  45.1 0.030174 0.005291 0.001964 hargrave 2023-04-03 22:32:13 
AF  90 306.4  67.7 022.0  31.9 5.65E-06 002.2 173.2  44.0 0.029134 0.004542 0.001474 hargrave 2023-04-03 22:33:32 
AF 100 305.0  66.9 021.1  32.5 5.33E-06 002.3 172.3  43.3 0.028216 0.004132 0.001342 hargrave 2023-04-03 22:34:52 
AF 110 308.4  66.9 021.1  31.1 5.09E-06 002.4 174.1  43.1 0.028492 0.004765 0.001623 hargrave 2023-04-03 22:36:12 
AF 120 307.4  68.2 022.7  31.6 4.84E-06 002.4 173.8  44.5 0.026050 0.004387 0.001447 hargrave 2023-04-03 22:37:32 
AF 130 305.0  65.8 019.7  32.4 4.50E-06 002.4 172.1  42.2 0.025325 0.004870 0.001766 hargrave 2023-04-03 22:38:51 
AF 140 301.0  66.4 020.4  34.0 4.20E-06 002.5 170.0  43.0 0.024368 0.005873 0.001243 hargrave 2023-04-03 22:40:14 
AF 150 298.3  68.9 023.6  34.9 4.05E-06 002.6 169.3  45.7 0.022205 0.006109 0.001870 hargrave 2023-04-03 22:41:34 
AF 160 293.6  70.1 025.4  36.3 3.80E-06 002.6 167.4  47.2 0.020514 0.006435 0.001507 hargrave 2023-04-03 22:42:54 
AF 170 279.6  64.9 021.1  42.9 3.71E-06 002.7 157.8  44.0 0.019434 0.007931 0.001878 hargrave 2023-04-03 22:44:14 
AF 180 292.4  66.1 020.6  37.5 3.25E-06 004.4 165.4  43.5 0.020931 0.010557 0.011937 hargrave 2023-04-03 22:45:33 
AF 190 290.1  70.2 025.9  37.4 3.18E-06 005.1 165.8  47.7 0.022697 0.014672 0.011821 hargrave 2023-04-03 22:46:52 
AF 200 316.6  65.9 020.6  27.7 3.20E-06 008.0 178.5  41.9 0.023161 0.037613 0.013277 hargrave 2023-04-03 22:48:12 
AF 220 331.1  71.8 028.5  24.4 2.93E-06 004.6 185.4  48.0 0.020695 0.006712 0.011364 hargrave 2023-04-03 22:49:31 
AF 240 330.6  71.6 028.2  24.5 2.73E-06 004.3 185.2  47.8 0.018275 0.004369 0.010192 hargrave 2023-04-03 22:50:51 
AF 260 308.3  66.8 021.0  31.1 2.41E-06 004.3 174.0  43.0 0.016592 0.004715 0.009310 hargrave 2023-04-03 22:52:14 
AF 280 320.2  63.4 018.2  25.6 2.42E-06 004.2 180.5  39.4 0.016699 0.004477 0.010181 hargrave 2023-04-03 22:53:37 
AF 300 328.5  67.8 024.1  23.8 2.14E-06 004.3 184.8  44.0 0.014785 0.004262 0.008849 hargrave 2023-04-03 22:54:57 
AF 320 301.3  67.8 022.1  33.9 1.91E-06 004.3 170.5  44.4 0.012947 0.004365 0.007519 hargrave 2023-04-03 22:56:16 
AF 340 306.9  65.2 019.1  31.6 2.08E-06 004.2 173.0  41.5 0.014537 0.004603 0.007575 hargrave 2023-04-03 22:57:36 
AF 360 307.5  65.7 019.7  31.4 1.62E-06 004.5 173.5  42.0 0.011322 0.003406 0.007599 hargrave 2023-04-03 22:58:55 
AF 380 340.2  67.1 025.5  19.4 1.73E-06 004.4 191.1  43.9 0.012553 0.004193 0.006463 hargrave 2023-04-03 23:00:15 
AF 400 334.3  56.3 014.3  16.3 1.57E-06 006.4 189.8  32.8 0.011773 0.013285 0.007642 hargrave 2023-04-03 23:01:34 
AF 420 357.2  71.9 033.4  17.8 1.39E-06 004.2 197.3  50.2 0.009864 0.002944 0.003994 hargrave 2023-04-03 23:02:54 
AF 440 325.4  64.7 020.4  23.9 1.57E-06 004.4 183.4  40.8 0.011246 0.002713 0.007062 hargrave 2023-04-03 23:04:17 
AF 460 343.3  70.4 029.2  20.3 1.23E-06 004.3 191.6  47.4 0.008295 0.002459 0.004989 hargrave 2023-04-03 23:05:37 
AF 480 299.6  74.5 030.2  33.7 1.32E-06 004.3 171.7  51.0 0.008383 0.002855 0.005896 hargrave 2023-04-03 23:06:57 
AF 500 330.2  70.5 027.1  24.2 1.31E-06 004.3 185.2  46.7 0.009627 0.002590 0.004540 hargrave 2023-04-03 23:08:17 
AF 520 350.6  48.8 014.2  04.0 1.06E-06 004.7 202.5  27.3 0.008150 0.003650 0.004109 hargrave 2023-04-03 23:09:36 
AF 540 325.4  41.9 358.3  14.6 7.95E-07 003.1 184.7  18.0 0.006205 0.001838 0.002339 hargrave 2023-04-03 23:11:00 
AF 560 325.5  77.5 033.9  27.6 1.33E-06 004.2 182.2  53.5 0.008370 0.002261 0.005617 hargrave 2023-04-03 23:12:23 
AF 580 041.9  78.0 046.7  18.1 1.26E-06 003.9 206.0  62.0 0.007223 0.002962 0.004404 hargrave 2023-04-03 23:13:42 
AF 600 039.8  66.3 044.7  06.5 1.03E-06 004.2 222.4  54.1 0.006217 0.002689 0.004290 hargrave 2023-04-03 23:15:02 
AF 650 348.1  46.0 011.0  03.3 9.42E-07 004.6 201.5  24.2 0.006459 0.003248 0.004357 hargrave 2023-04-03 23:16:21 
AF 700 166.2  71.4 068.7  37.2 1.12E-06 003.2 131.0  79.0 0.005225 0.003263 0.001401 hargrave 2023-04-03 23:17:41 
AF 750 003.0  57.8 025.7  05.5 5.27E-07 004.7 207.8  38.0 0.004620 0.001785 0.001568 hargrave 2023-04-03 23:19:00 
AF 800 051.4  40.9 050.7 -19.1 9.05E-07 004.3 252.3  37.5 0.005158 0.004476 0.002722 hargrave 2023-04-03 23:20:20 
AF 850 154.0  55.2 088.9  33.1 4.53E-07 002.7 040.1  77.1 0.000990 0.002017 0.001104 hargrave 2023-04-03 23:21:40 
AF 900 028.9  56.0 037.5 -02.5 6.49E-07 004.9 225.5  42.6 0.004354 0.002708 0.002247 hargrave 2023-04-03 23:23:00 
AF 950 331.2  45.9 004.0  12.8 6.79E-07 004.5 188.9  22.3 0.005896 0.002400 0.002547 hargrave 2023-04-03 23:24:23 
AF1000 026.6  37.6 030.1 -19.5 7.09E-07 006.4 234.1  25.6 0.006641 0.004421 0.001485 hargrave 2023-04-03 23:25:44 
