MF6- 3a sun compass orientation
      0 197.3  28.0 308.0  58.0   1.0
NRM    291.1  74.3 019.5  35.2 8.34E-06 002.2 181.5  46.3 0.040096 0.011890 0.001921 hargrave 2023-04-08 19:38:42 
AF  20 304.5  73.5 018.6  31.5 7.78E-06 002.4 186.9  46.0 0.039457 0.012525 0.002188 hargrave 2023-04-08 19:40:02 
AF  40 305.1  74.0 019.1  31.4 6.94E-06 002.5 187.1  46.5 0.037168 0.011297 0.001342 hargrave 2023-04-08 19:41:22 
AF  60 306.6  74.2 019.4  31.0 6.35E-06 002.6 187.6  46.8 0.034602 0.010113 0.001732 hargrave 2023-04-08 19:42:43 
AF  80 301.6  72.6 017.5  32.3 5.65E-06 002.6 186.0  45.0 0.032168 0.009004 0.002015 hargrave 2023-04-08 19:44:03 
AF 100 300.7  73.4 018.4  32.6 5.05E-06 002.6 185.4  45.7 0.029871 0.007515 0.001742 hargrave 2023-04-08 19:45:23 
AF 120 304.8  72.8 017.8  31.3 4.61E-06 002.8 187.3  45.4 0.028403 0.007458 0.001620 hargrave 2023-04-08 19:46:44 
AF 140 303.0  70.8 015.3  31.6 4.18E-06 002.8 187.0  43.2 0.026553 0.007074 0.001148 hargrave 2023-04-08 19:48:04 
AF 160 304.6  70.5 015.1  31.1 3.81E-06 002.9 187.8  43.1 0.025474 0.006301 0.002191 hargrave 2023-04-08 19:49:24 
AF 180 302.4  72.6 017.5  32.0 3.51E-06 002.8 186.3  45.0 0.022349 0.005208 0.002045 hargrave 2023-04-08 19:50:45 
AF 200 315.1  71.1 016.7  27.9 3.14E-06 003.2 192.2  44.5 0.021295 0.006126 0.001745 hargrave 2023-04-08 19:52:06 
AF 220 314.7  71.1 016.6  28.0 2.87E-06 003.2 192.1  44.4 0.020035 0.005571 0.001480 hargrave 2023-04-08 19:53:26 
AF 240 306.7  73.9 019.2  31.0 2.54E-06 003.1 187.7  46.5 0.017347 0.004031 0.001219 hargrave 2023-04-08 19:54:46 
AF 260 326.4  73.4 020.5  25.6 2.52E-06 003.3 195.6  47.9 0.016898 0.005316 0.001666 hargrave 2023-04-08 19:56:07 
AF 280 341.6  71.9 021.9  21.0 2.38E-06 003.5 202.6  49.0 0.015811 0.006031 0.001635 hargrave 2023-04-08 19:57:27 
AF 300 345.5  70.5 021.7  19.1 2.15E-06 003.7 205.4  48.6 0.014196 0.006057 0.001095 hargrave 2023-04-08 19:58:47 
AF 320 326.9  71.6 018.8  24.6 2.16E-06 003.5 196.9  46.3 0.015186 0.005133 0.001813 hargrave 2023-04-08 20:00:08 
AF 340 330.0  69.3 017.2  22.5 1.87E-06 003.6 199.7  44.8 0.013330 0.004867 0.001794 hargrave 2023-04-08 20:01:28 
AF 360 297.8  67.6 011.4  33.2 2.36E-06 003.0 185.2  39.9 0.017860 0.003956 0.001861 hargrave 2023-04-08 20:02:49 
AF 380 301.6  78.1 023.9  32.5 2.13E-06 003.0 184.6  50.3 0.014392 0.002658 0.001859 hargrave 2023-04-08 20:04:09 
AF 400 304.8  71.0 015.7  31.1 2.11E-06 003.2 187.8  43.6 0.015468 0.003689 0.001524 hargrave 2023-04-08 20:05:29 
AF 420 306.6  64.6 008.6  29.2 1.97E-06 003.2 190.3  37.4 0.015722 0.004073 0.002108 hargrave 2023-04-08 20:06:50 
AF 440 319.8  75.1 021.5  27.9 1.89E-06 003.2 192.1  48.7 0.013088 0.003353 0.001941 hargrave 2023-04-08 20:08:10 
AF 460 323.5  66.3 013.1  23.2 1.87E-06 003.8 198.3  41.0 0.014525 0.004869 0.001724 hargrave 2023-04-08 20:09:31 
AF 480 330.7  72.7 020.5  24.1 1.82E-06 003.4 197.8  47.9 0.012509 0.003942 0.001518 hargrave 2023-04-08 20:10:52 
AF 500 312.3  71.6 016.9  28.9 1.79E-06 003.4 190.8  44.7 0.013543 0.003235 0.001575 hargrave 2023-04-08 20:12:12 
AF 520 293.2  73.1 018.1  34.7 1.62E-06 003.0 182.4  45.2 0.012238 0.001955 0.002179 hargrave 2023-04-08 20:13:32 
AF 540 302.7  71.8 016.5  31.9 1.86E-06 003.2 186.6  44.2 0.013951 0.002888 0.001714 hargrave 2023-04-08 20:14:53 
AF 560 298.0  70.9 015.3  33.3 1.78E-06 003.1 184.8  43.1 0.013455 0.002864 0.001858 hargrave 2023-04-08 20:16:13 
AF 580 266.4  67.9 014.7  44.7 1.54E-06 002.9 169.8  40.7 0.011657 0.001934 0.001282 hargrave 2023-04-08 20:17:34 
AF 600 307.5  70.1 014.8  30.0 1.83E-06 003.2 189.2  42.9 0.013676 0.003012 0.002086 hargrave 2023-04-08 20:18:54 
AF 650 293.0  65.8 009.1  35.0 1.30E-06 003.0 183.0  37.9 0.010705 0.001956 0.000983 hargrave 2023-04-10 01:24:50 
AF 700 234.5  78.9 033.7  42.6 1.21E-06 003.0 164.7  54.2 0.007551 0.002071 0.001435 hargrave 2023-04-10 01:26:11 
AF 750 252.5  84.3 034.0  36.6 1.15E-06 003.0 174.0  57.2 0.007182 0.001675 0.001627 hargrave 2023-04-10 01:27:33 
AF 800 261.9  71.1 019.6  44.4 1.15E-06 003.0 168.8  44.2 0.008633 0.002230 0.001628 hargrave 2023-04-10 01:28:54 
AF 850 041.6  82.4 038.5  24.4 1.21E-06 002.9 196.2  64.3 0.006360 0.001761 0.000919 hargrave 2023-04-10 01:30:15 
AF 900 269.9  74.8 022.3  40.4 1.18E-06 003.0 173.4  47.3 0.008463 0.001882 0.001223 hargrave 2023-04-10 01:31:36 
AF 950 019.6  62.9 029.7  06.0 1.35E-06 003.5 228.6  52.6 0.006861 0.004676 0.000656 hargrave 2023-04-10 01:32:59 
AF1000 267.7  70.2 017.3  43.2 1.26E-06 002.9 171.1  43.0 0.009132 0.002194 0.001170 hargrave 2023-04-10 01:34:20 
