MF6- 6a mag compass orientation (IGRF corrected)
      0 362.1  40.0 308.0  58.0   1.0
NRM    047.2  52.9 043.6 -04.7 9.09E-06 001.9 153.1  19.6 0.042440 0.015531 0.011622 hargrave 2023-04-08 21:44:32 
AF  20 047.5  51.2 044.0 -06.4 8.67E-06 002.0 152.4  18.0 0.042067 0.014700 0.012036 hargrave 2023-04-08 21:45:53 
AF  40 045.8  48.4 043.2 -09.3 8.05E-06 002.2 150.0  16.2 0.041206 0.013927 0.010450 hargrave 2023-04-08 21:47:13 
AF  60 048.5  41.5 046.1 -15.9 7.53E-06 002.3 148.4  09.1 0.038876 0.014784 0.008157 hargrave 2023-04-08 21:48:33 
AF  80 056.4  35.9 053.8 -20.0 6.69E-06 002.4 151.8  01.5 0.038441 0.013216 0.007728 hargrave 2023-04-08 21:49:55 
AF 100 056.9  30.8 055.8 -24.7 5.41E-06 002.7 150.2 -03.4 0.034025 0.011924 0.006977 hargrave 2023-04-08 21:51:15 
AF 120 059.1  24.9 060.1 -29.6 5.37E-06 002.8 150.0 -09.5 0.034219 0.012039 0.007694 hargrave 2023-04-08 21:52:35 
AF 140 063.4  21.6 065.8 -31.2 5.44E-06 002.7 152.6 -14.0 0.036074 0.012243 0.007089 hargrave 2023-04-08 21:53:55 
AF 160 060.5  20.8 063.2 -33.0 5.47E-06 002.9 149.6 -13.9 0.037313 0.015220 0.007629 hargrave 2023-04-08 21:55:15 
AF 180 066.8  09.0 076.9 -40.6 5.94E-06 002.7 151.8 -27.0 0.037480 0.015980 0.003390 hargrave 2023-04-08 21:56:35 
AF 200 069.6  12.8 077.1 -36.0 6.36E-06 002.3 155.8 -24.2 0.039805 0.014549 0.002159 hargrave 2023-04-08 21:57:56 
AF 220 065.8  10.7 074.6 -39.7 5.57E-06 002.7 151.3 -25.1 0.034284 0.013763 0.003765 hargrave 2023-04-08 21:59:16 
AF 240 069.0  07.3 080.4 -40.9 4.00E-06 003.1 153.4 -29.3 0.029601 0.011095 0.004697 hargrave 2023-04-08 22:00:36 
AF 260 067.0  14.9 073.1 -35.5 4.54E-06 002.9 153.8 -21.4 0.035960 0.012790 0.007320 hargrave 2023-04-08 22:01:56 
AF 280 082.7  12.7 089.2 -28.1 4.75E-06 002.4 169.8 -26.8 0.037358 0.010169 0.005597 hargrave 2023-04-08 22:03:17 
AF 300 078.8  16.4 083.1 -27.7 3.65E-06 002.6 166.2 -22.5 0.031713 0.009158 0.007100 hargrave 2023-04-08 22:04:37 
AF 320 073.5  19.3 076.6 -28.5 4.84E-06 002.2 161.5 -18.8 0.036228 0.010334 0.005539 hargrave 2023-04-08 22:05:58 
AF 340 088.8  30.0 081.2 -11.5 4.45E-06 001.9 177.1 -10.0 0.039754 0.013481 0.005951 hargrave 2023-04-08 22:07:17 
AF 360 091.7  22.5 088.5 -15.2 4.08E-06 002.6 179.6 -17.5 0.037183 0.012848 0.007983 hargrave 2023-04-08 22:08:38 
AF 380 074.5  08.6 085.0 -36.5 5.35E-06 002.5 159.9 -29.4 0.038305 0.011487 0.003015 hargrave 2023-04-08 22:09:58 
AF 400 090.7  01.6 104.5 -29.9 5.44E-06 002.6 178.2 -38.4 0.037035 0.009009 0.007450 hargrave 2023-04-08 22:11:18 
AF 420 090.7  18.7 090.6 -18.4 5.86E-06 002.1 178.6 -21.3 0.043125 0.014167 0.006878 hargrave 2023-04-08 22:12:38 
AF 440 092.4  04.3 103.4 -26.9 4.73E-06 003.1 180.4 -35.7 0.038001 0.010720 0.008788 hargrave 2023-04-08 22:13:58 
AF 460 093.4  21.3 090.4 -14.8 4.57E-06 002.6 181.2 -18.6 0.041629 0.012751 0.008527 hargrave 2023-04-08 22:15:18 
AF 480 111.7  09.8 110.9 -08.3 5.20E-06 003.8 201.9 -27.8 0.041116 0.018162 0.008419 hargrave 2023-04-08 22:16:39 
AF 500 101.1  05.4 108.3 -19.4 5.56E-06 002.7 190.9 -34.1 0.039527 0.012717 0.008539 hargrave 2023-04-08 22:17:59 
AF 520 099.3  18.7 096.3 -12.5 5.51E-06 002.8 187.3 -21.0 0.043218 0.015922 0.010614 hargrave 2023-04-08 22:19:19 
AF 540 104.6  12.5 104.5 -12.4 5.94E-06 003.4 193.7 -26.5 0.047341 0.019568 0.011193 hargrave 2023-04-08 22:20:39 
AF 560 094.1  20.7 091.4 -14.8 5.45E-06 002.8 182.0 -19.3 0.045924 0.017343 0.011593 hargrave 2023-04-08 22:21:59 
AF 580 097.0  23.1 091.5 -11.1 5.31E-06 003.0 184.7 -16.7 0.048095 0.018899 0.010171 hargrave 2023-04-08 22:23:19 
AF 600 086.8  28.1 081.2 -14.1 4.85E-06 002.0 175.2 -11.8 0.041784 0.014732 0.007501 hargrave 2023-04-08 22:24:39 
AF 650 081.5  10.7 089.6 -30.4 3.04E-06 003.4 168.1 -28.6 0.024843 0.006504 0.012675 hargrave 2023-04-10 01:59:47 
AF 700 108.8  21.5 099.7 -03.7 4.60E-06 003.2 196.2 -17.0 0.034831 0.012658 0.013755 hargrave 2023-04-10 02:01:07 
AF 750 088.5  41.5 073.4 -03.0 4.00E-06 002.0 177.3  01.5 0.033008 0.006109 0.011635 hargrave 2023-04-10 02:02:29 
AF 800 104.7  29.6 091.0 -01.7 6.37E-06 002.5 191.0 -09.6 0.044563 0.016238 0.014956 hargrave 2023-04-10 02:03:50 
AF 850 107.4  25.5 095.8 -02.3 5.98E-06 002.8 194.2 -13.3 0.041009 0.016315 0.015385 hargrave 2023-04-10 02:05:11 
AF 900 102.8  32.4 087.8 -01.2 5.28E-06 002.6 189.1 -07.1 0.039620 0.011188 0.017586 hargrave 2023-04-10 02:06:32 
AF 950 076.5  31.2 071.8 -17.0 3.82E-06 003.0 166.6 -07.6 0.031041 0.011276 0.014234 hargrave 2023-04-10 02:07:54 
AF1000 080.5  20.3 081.8 -23.7 5.34E-06 002.1 168.5 -18.9 0.037304 0.010676 0.013858 hargrave 2023-04-10 02:09:15 
