MF6- 2a sun compass orientation
      0 200.8  29.0 308.0  58.0   1.0
NRM    323.5  75.2 022.0  27.0 7.64E-06 002.5 191.9  47.8 0.035818 0.015043 0.002240 hargrave 2023-04-08 18:56:54 
AF  20 323.1  75.2 021.9  27.1 7.05E-06 002.5 191.7  47.8 0.033718 0.012912 0.002022 hargrave 2023-04-08 18:58:19 
AF  40 328.2  74.4 021.7  25.5 6.41E-06 002.6 194.1  47.6 0.031803 0.013023 0.002245 hargrave 2023-04-08 18:59:39 
AF  60 325.7  74.7 021.7  26.3 5.80E-06 002.6 192.9  47.6 0.029414 0.011464 0.001607 hargrave 2023-04-08 19:01:00 
AF  80 325.0  75.0 021.9  26.6 5.26E-06 002.5 192.5  47.8 0.026226 0.009398 0.001552 hargrave 2023-04-08 19:02:21 
AF 100 328.3  76.0 023.3  26.3 4.84E-06 002.7 193.0  49.1 0.025048 0.009221 0.001537 hargrave 2023-04-08 19:03:42 
AF 120 326.9  76.8 024.0  27.0 4.22E-06 002.7 192.0  49.7 0.022204 0.007549 0.002031 hargrave 2023-04-08 19:05:03 
AF 140 328.2  77.3 024.6  26.9 3.97E-06 002.7 192.1  50.2 0.020922 0.007299 0.001754 hargrave 2023-04-08 19:06:23 
AF 160 316.5  75.4 021.5  28.8 3.74E-06 002.7 189.3  47.4 0.020936 0.006523 0.002049 hargrave 2023-04-08 19:07:43 
AF 180 315.6  78.1 024.4  29.7 3.46E-06 002.6 187.7  49.9 0.018791 0.005367 0.001683 hargrave 2023-04-08 19:09:04 
AF 200 337.6  77.8 026.2  25.4 3.34E-06 002.8 194.4  51.7 0.017717 0.006407 0.001515 hargrave 2023-04-08 19:10:25 
AF 220 336.1  78.8 027.0  26.2 3.17E-06 002.7 193.1  52.3 0.016594 0.005880 0.001414 hargrave 2023-04-08 19:11:46 
AF 240 315.3  77.0 023.1  29.5 2.87E-06 002.7 188.2  48.8 0.016253 0.004628 0.000857 hargrave 2023-04-08 19:13:06 
AF 260 328.6  73.3 020.7  24.9 2.77E-06 003.0 194.9  46.7 0.016173 0.006198 0.001541 hargrave 2023-04-08 19:14:27 
AF 280 342.8  75.5 025.1  23.1 2.68E-06 003.0 198.1  50.5 0.014512 0.006097 0.001139 hargrave 2023-04-08 19:15:47 
AF 300 305.2  76.4 022.0  31.6 2.03E-06 002.7 185.0  47.7 0.011934 0.003144 0.000706 hargrave 2023-04-08 19:17:07 
AF 320 301.5  82.4 029.0  32.5 1.83E-06 002.5 182.4  53.5 0.009346 0.002540 0.000945 hargrave 2023-04-08 19:18:28 
AF 340 324.1  74.2 021.0  26.5 2.01E-06 003.0 192.6  47.0 0.012030 0.004125 0.001514 hargrave 2023-04-08 19:19:48 
AF 360 023.0  78.7 034.9  21.0 2.15E-06 002.5 202.7  59.5 0.008873 0.004242 0.001159 hargrave 2023-04-08 19:21:09 
AF 380 029.1  82.8 036.8  24.9 2.13E-06 002.4 194.9  61.2 0.008927 0.003259 0.001322 hargrave 2023-04-08 19:22:30 
AF 400 336.0  85.7 033.6  29.9 1.80E-06 002.5 185.8  57.8 0.008537 0.002169 0.000883 hargrave 2023-04-08 19:23:50 
AF 420 034.2  83.2 037.5  25.2 1.81E-06 002.4 194.1  61.9 0.007640 0.002646 0.001058 hargrave 2023-04-08 19:25:10 
AF 440 047.2  75.4 040.4  17.6 2.03E-06 002.4 211.3  64.2 0.007440 0.004360 0.001388 hargrave 2023-04-08 19:26:30 
AF 460 052.5  82.1 040.2  24.3 1.66E-06 002.2 195.7  64.3 0.006211 0.002279 0.001126 hargrave 2023-04-08 19:27:51 
AF 480 048.8  78.1 040.4  20.2 1.85E-06 002.2 205.2  64.5 0.006618 0.003411 0.000723 hargrave 2023-04-08 19:29:13 
AF 500 035.3  66.3 036.9  08.4 1.39E-06 002.9 227.5  58.2 0.005340 0.004478 0.001567 hargrave 2023-04-08 19:30:33 
AF 520 329.8  66.5 014.6  21.1 1.04E-06 003.5 199.3  40.6 0.006970 0.003020 0.000580 hargrave 2023-04-08 19:31:53 
AF 540 004.3  69.7 026.5  14.6 1.11E-06 003.4 211.6  50.6 0.005781 0.003412 0.001420 hargrave 2023-04-08 19:33:13 
AF 560 356.9  77.1 028.9  22.0 1.40E-06 002.9 200.3  54.0 0.007274 0.003037 0.001077 hargrave 2023-04-08 19:34:34 
AF 580 207.2  80.9 040.3  40.9 1.32E-06 002.3 162.4  58.8 0.005699 0.001470 0.000582 hargrave 2023-04-08 19:35:54 
AF 600 048.4  61.8 042.9  04.1 1.66E-06 002.5 240.7  61.3 0.004598 0.005848 0.001266 hargrave 2023-04-08 19:37:14 
AF 650 060.5  79.5 042.3  22.3 1.40E-06 002.4 200.4  66.4 0.005647 0.002544 0.001459 hargrave 2023-04-10 01:13:22 
AF 700 128.6  68.1 063.4  29.7 8.50E-07 001.1 140.9  79.6 0.001537 0.000525 0.000539 hargrave 2023-04-10 01:14:43 
AF 750 084.7  66.9 055.2  15.0 7.26E-07 001.6 231.5  77.2 0.001533 0.001257 0.000679 hargrave 2023-04-10 01:16:05 
AF 800 067.2  62.3 051.2  07.2 1.16E-06 001.9 247.2  69.6 0.002522 0.003176 0.001153 hargrave 2023-04-10 01:17:26 
AF 850 086.1  67.3 055.3  15.7 1.05E-06 001.5 228.9  77.6 0.002181 0.001843 0.000825 hargrave 2023-04-10 01:18:47 
AF 900 131.1  70.0 061.5  30.9 1.14E-06 001.2 145.9  77.8 0.002290 0.000807 0.000995 hargrave 2023-04-10 01:20:08 
AF 950 096.6  42.4 077.1  01.8 8.78E-07 002.0 328.8  69.5 0.002458 0.001798 0.000204 hargrave 2023-04-10 01:21:30 
AF1000 116.6  56.3 073.5  20.3 9.37E-07 000.4 034.9  84.4 0.000472 0.000450 0.000878 hargrave 2023-04-10 01:22:51 
