MF6- 1a sun compass orientation
      0 164.0  25.0 308.0  58.0   1.0
NRM    002.9  69.9 026.2  15.0 9.47E-06 002.2 227.7  63.9 0.029492 0.023376 0.003284 hargrave 2023-04-03 23:27:07 
AF  10 003.1  70.1 026.4  15.2 8.93E-06 002.2 227.2  64.1 0.027983 0.022133 0.003204 hargrave 2023-04-03 23:28:27 
AF  20 003.8  70.4 026.7  15.3 8.45E-06 002.3 226.9  64.4 0.026808 0.021035 0.003250 hargrave 2023-04-03 23:29:47 
AF  30 006.6  70.6 027.7  15.0 8.14E-06 002.2 227.3  65.3 0.025893 0.020046 0.003311 hargrave 2023-04-03 23:31:08 
AF  40 008.4  70.5 028.2  14.7 7.70E-06 002.2 227.9  65.9 0.024678 0.018219 0.002865 hargrave 2023-04-03 23:32:27 
AF  50 010.2  70.7 028.8  14.6 7.37E-06 002.2 228.1  66.5 0.023747 0.017367 0.002583 hargrave 2023-04-03 23:33:46 
AF  60 011.4  70.9 029.3  14.7 6.91E-06 002.2 227.8  67.0 0.022392 0.015540 0.003299 hargrave 2023-04-03 23:35:06 
AF  70 013.7  71.6 030.3  15.0 6.74E-06 002.2 226.5  67.8 0.021638 0.015228 0.003388 hargrave 2023-04-03 23:36:30 
AF  80 021.5  72.6 032.9  15.2 6.04E-06 001.8 224.8  70.3 0.015894 0.011158 0.003827 hargrave 2023-04-09 21:53:12 
AF 100 022.1  71.4 032.8  14.0 5.82E-06 001.8 228.4  70.4 0.014766 0.011383 0.003859 hargrave 2023-04-09 21:54:33 
AF 120 015.4  71.6 030.8  14.8 5.27E-06 002.0 226.9  68.4 0.014853 0.011032 0.002908 hargrave 2023-04-09 21:55:53 
AF 140 028.4  73.4 035.2  15.6 5.15E-06 001.7 222.3  72.4 0.013068 0.008681 0.003603 hargrave 2023-04-09 21:57:13 
AF 160 027.3  71.6 034.5  13.8 5.08E-06 001.7 228.4  72.1 0.012286 0.008988 0.004020 hargrave 2023-04-09 21:58:33 
AF 180 031.5  71.7 035.9  13.8 4.36E-06 001.6 227.9  73.4 0.009643 0.007257 0.003432 hargrave 2023-04-09 21:59:53 
AF 200 025.5  71.3 033.9  13.6 4.05E-06 001.7 229.2  71.5 0.009780 0.007646 0.003374 hargrave 2023-04-09 22:01:13 
AF 220 042.8  72.5 039.5  14.5 4.22E-06 001.3 222.7  76.7 0.008399 0.005439 0.004643 hargrave 2023-04-09 22:02:33 
AF 240 055.9  69.1 044.4  11.9 3.38E-06 000.9 232.0  81.9 0.004091 0.003278 0.003518 hargrave 2023-04-09 22:03:53 
AF 260 049.1  70.3 041.8  12.6 3.59E-06 001.2 229.4  79.3 0.005922 0.004440 0.003865 hargrave 2023-04-09 22:05:13 
AF 280 034.2  68.0 036.5  10.1 3.45E-06 001.4 241.3  74.1 0.006249 0.005980 0.002839 hargrave 2023-04-09 22:06:34 
AF 300 049.6  68.1 042.4  10.4 3.15E-06 001.0 241.6  79.9 0.003782 0.003831 0.002081 hargrave 2023-04-09 22:07:54 
AF 320 058.3  65.5 046.4  08.8 3.14E-06 000.7 258.5  83.4 0.002662 0.002951 0.002707 hargrave 2023-04-09 22:09:14 
AF 340 063.7  68.6 047.3  12.4 3.04E-06 000.8 223.5  84.5 0.003751 0.002361 0.002820 hargrave 2023-04-09 22:10:34 
AF 360 059.6  63.8 047.5  07.3 3.21E-06 000.6 274.8  83.7 0.001847 0.002741 0.003444 hargrave 2023-04-09 22:11:54 
AF 380 059.8  61.5 048.2  05.2 3.18E-06 000.6 292.0  82.8 0.001911 0.002820 0.004004 hargrave 2023-04-09 22:13:14 
AF 400 062.9  70.3 046.4  13.9 2.93E-06 000.8 213.3  83.2 0.003952 0.001784 0.003135 hargrave 2023-04-09 22:14:34 
AF 420 057.3  55.8 048.7 -00.6 2.57E-06 000.9 310.5  77.8 0.002559 0.003284 0.002575 hargrave 2023-04-09 22:15:54 
AF 440 054.0  66.2 044.5  09.0 2.72E-06 000.7 252.6  81.7 0.002456 0.002499 0.003250 hargrave 2023-04-09 22:17:14 
AF 460 071.0  70.2 049.0  14.9 2.91E-06 000.8 190.9  84.7 0.003713 0.001626 0.002334 hargrave 2023-04-09 22:18:34 
AF 480 032.7  64.0 035.7  06.1 2.83E-06 001.4 254.4  72.5 0.003995 0.006033 0.001673 hargrave 2023-04-09 22:19:54 
AF 500 046.2  61.0 042.0  03.3 3.06E-06 000.9 274.7  76.9 0.002156 0.004505 0.002505 hargrave 2023-04-09 22:21:14 
AF 520 052.0  63.7 044.2  06.3 2.99E-06 000.6 267.8  80.4 0.000961 0.003433 0.002394 hargrave 2023-04-09 22:22:34 
AF 540 034.9  57.9 036.3 -00.0 2.39E-06 001.3 272.6  70.4 0.001792 0.005663 0.000342 hargrave 2023-04-09 22:23:54 
AF 560 044.5  63.0 040.9  05.1 2.55E-06 000.9 265.3  77.0 0.001685 0.003726 0.002287 hargrave 2023-04-09 22:25:14 
AF 580 058.0  64.1 046.7  07.4 2.72E-06 000.7 270.3  83.1 0.002053 0.002703 0.000750 hargrave 2023-04-09 22:26:34 
AF 600 031.9  62.7 035.2  04.8 2.89E-06 001.4 257.7  71.7 0.003915 0.006034 0.000498 hargrave 2023-04-09 22:27:54 
AF 650 043.2  61.7 040.5  03.8 2.19E-06 001.0 269.1  76.0 0.001589 0.003730 0.000969 hargrave 2023-04-09 22:29:14 
AF 700 027.5  58.1 032.5  00.5 2.83E-06 001.6 265.6  67.4 0.002825 0.007642 0.000654 hargrave 2023-04-09 22:30:34 
AF 750 050.1  69.2 042.3  11.6 2.45E-06 001.1 234.7  79.9 0.003868 0.003215 0.001428 hargrave 2023-04-09 22:31:55 
AF 800 057.8  72.9 043.9  15.8 2.53E-06 001.1 208.9  80.2 0.004366 0.002344 0.000892 hargrave 2023-04-09 22:33:15 
AF 850 044.8  54.7 041.9 -03.1 2.45E-06 001.1 291.8  72.3 0.001768 0.004567 0.001985 hargrave 2023-04-09 22:34:35 
AF 900 063.6  72.9 045.6  16.4 1.76E-06 001.1 200.5  81.3 0.002948 0.001515 0.001770 hargrave 2023-04-09 22:35:55 
AF 950 021.1  66.4 031.3  09.3 2.10E-06 001.9 242.1  68.9 0.004651 0.005454 0.001479 hargrave 2023-04-09 22:37:16 
AF1000 033.4  51.7 035.1 -06.2 1.09E-06 002.0 283.2  65.5 0.000644 0.003938 0.002400 hargrave 2023-04-09 22:38:37 
