MF6- 4a sun compass orientation
      0 267.1  27.0 308.0  58.0   1.0
NRM    279.2  75.2 021.5  38.1 7.70E-06 001.9 152.8  56.8 0.026323 0.010129 0.002356 hargrave 2023-04-08 20:20:17 
AF  20 279.1  74.9 021.1  38.2 7.13E-06 002.0 152.4  56.7 0.024957 0.009530 0.001815 hargrave 2023-04-08 20:21:38 
AF  40 275.8  76.5 023.4  38.4 6.53E-06 002.0 154.0  58.3 0.023037 0.007926 0.001666 hargrave 2023-04-08 20:22:58 
AF  60 273.7  75.7 022.7  39.2 5.84E-06 002.0 152.2  58.3 0.020678 0.007593 0.001952 hargrave 2023-04-08 20:24:18 
AF  80 267.0  76.6 024.8  40.1 5.29E-06 002.0 152.2  60.1 0.018155 0.006764 0.001771 hargrave 2023-04-08 20:25:39 
AF 100 270.2  77.5 025.3  39.0 4.73E-06 002.0 154.6  59.9 0.016847 0.005932 0.001576 hargrave 2023-04-08 20:26:59 
AF 120 264.1  77.5 026.2  40.2 4.38E-06 002.0 153.4  61.0 0.015029 0.006171 0.001691 hargrave 2023-04-08 20:28:20 
AF 140 285.8  78.7 025.1  35.6 4.01E-06 002.2 159.7  57.7 0.016738 0.004007 0.001852 hargrave 2023-04-08 20:29:40 
AF 160 284.0  77.9 024.2  36.2 3.71E-06 002.2 158.0  57.5 0.015396 0.004100 0.001060 hargrave 2023-04-08 20:31:01 
AF 180 277.8  74.5 020.8  38.6 3.32E-06 002.3 151.5  56.7 0.013006 0.005303 0.000811 hargrave 2023-04-08 20:32:21 
AF 200 257.1  76.9 027.0  41.7 3.04E-06 002.0 151.2  62.3 0.010427 0.003570 0.001124 hargrave 2023-04-08 20:33:42 
AF 220 265.2  75.4 023.7  41.2 2.75E-06 002.2 149.7  60.0 0.010295 0.003900 0.000707 hargrave 2023-04-08 20:35:02 
AF 240 257.9  73.2 023.0  44.1 2.70E-06 002.1 144.0  60.9 0.008828 0.004860 0.000691 hargrave 2023-04-08 20:36:23 
AF 260 240.7  79.2 032.4  41.9 2.60E-06 001.9 155.6  65.9 0.008659 0.002202 0.001103 hargrave 2023-04-08 20:37:43 
AF 280 236.1  82.9 035.2  38.7 2.14E-06 001.9 165.1  65.9 0.007603 0.000988 0.001284 hargrave 2023-04-08 20:39:04 
AF 300 238.2  76.8 031.7  44.2 2.18E-06 001.8 149.9  66.6 0.006617 0.002043 0.000746 hargrave 2023-04-08 20:40:24 
AF 320 231.4  74.5 032.8  47.0 1.95E-06 001.7 143.9  68.3 0.005079 0.002586 0.000489 hargrave 2023-04-08 20:41:44 
AF 340 288.4  82.0 028.8  34.4 1.74E-06 002.3 165.3  59.2 0.007867 0.000890 0.001045 hargrave 2023-04-08 20:43:04 
AF 360 219.7  82.1 037.7  39.9 1.52E-06 001.9 165.5  68.2 0.005083 0.000775 0.001083 hargrave 2023-04-08 20:44:24 
AF 380 161.4  82.3 045.9  36.0 1.46E-06 001.9 186.1  70.3 0.004860 0.001126 0.000862 hargrave 2023-04-08 20:45:45 
AF 400 119.7  84.4 044.5  31.0 1.39E-06 002.3 191.5  65.6 0.005612 0.001696 0.001031 hargrave 2023-04-08 20:47:05 
AF 420 095.7  75.0 051.8  23.2 1.51E-06 002.7 212.4  61.4 0.006338 0.003519 0.001077 hargrave 2023-04-08 20:48:25 
AF 440 193.9  72.0 048.9  48.0 1.31E-06 001.2 152.0  79.0 0.002401 0.001160 0.001400 hargrave 2023-04-08 20:49:46 
AF 460 113.5  71.4 058.1  25.8 1.05E-06 002.4 223.2  65.4 0.003495 0.002599 0.001124 hargrave 2023-04-08 20:51:06 
AF 480 157.6  66.1 065.8  40.8 1.05E-06 001.3 241.0  81.1 0.001506 0.001692 0.001742 hargrave 2023-04-08 20:52:26 
AF 500 173.9  65.3 063.4  47.4 1.38E-06 000.8 209.4  87.3 0.001454 0.001277 0.001369 hargrave 2023-04-08 20:53:46 
AF 520 132.3  70.2 061.3  31.4 1.12E-06 002.0 228.3  71.4 0.002725 0.002647 0.001225 hargrave 2023-04-08 20:55:07 
AF 540 155.4  64.2 068.4  40.3 1.37E-06 001.2 253.0  80.3 0.001535 0.002285 0.001297 hargrave 2023-04-08 20:56:27 
AF 560 142.8  57.1 077.5  34.2 1.27E-06 001.6 273.5  72.1 0.001575 0.003335 0.001185 hargrave 2023-04-08 20:57:47 
AF 580 144.3  67.1 065.3  35.5 1.07E-06 001.6 239.0  75.7 0.001785 0.002203 0.001474 hargrave 2023-04-08 20:59:08 
AF 600 137.0  59.2 074.4  31.6 7.64E-07 002.0 262.8  70.6 0.001292 0.002318 0.001317 hargrave 2023-04-08 21:00:28 
AF 650 120.4  52.8 077.9  20.7 5.81E-07 002.9 262.6  59.3 0.001554 0.002425 0.001563 hargrave 2023-04-10 01:36:22 
AF 700 192.6  36.6 108.5  68.6 5.72E-07 003.1 027.1  62.0 0.002874 0.001904 0.001593 hargrave 2023-04-10 01:37:43 
AF 750 176.6  52.3 081.4  53.9 6.94E-07 001.6 358.2  79.3 0.001616 0.001094 0.001210 hargrave 2023-04-10 01:39:04 
AF 800 182.2  16.0 145.7  53.9 5.28E-07 004.2 006.7  42.9 0.004264 0.001844 0.001912 hargrave 2023-04-10 01:40:26 
AF 850 163.8  26.1 120.6  42.7 6.79E-07 003.2 340.4  52.0 0.003487 0.002292 0.001444 hargrave 2023-04-10 01:41:48 
AF 900 222.8  27.6 263.2  83.9 3.66E-07 004.5 061.8  43.9 0.001969 0.002319 0.001103 hargrave 2023-04-10 01:43:10 
AF 950 174.7  15.3 140.6  47.4 4.76E-07 003.4 356.9  42.3 0.003262 0.001715 0.000941 hargrave 2023-04-10 01:44:31 
AF1000 179.3 -23.9 179.6  23.0 1.99E-07 005.7 002.0  03.1 0.002265 0.001430 0.001262 hargrave 2023-04-10 01:45:53 
