MF6- 5a sun compass orientation
      0 218.9  36.0 308.0  58.0   1.0
NRM    345.9  73.2 023.9  20.9 6.35E-06 002.8 193.0  39.7 0.034906 0.015629 0.002255 hargrave 2023-04-08 21:02:56 
AF  20 349.2  74.5 025.6  21.2 6.08E-06 002.8 193.3  41.3 0.033065 0.015124 0.002186 hargrave 2023-04-08 21:04:16 
AF  40 344.0  74.7 024.7  22.3 5.70E-06 002.8 191.6  40.8 0.031943 0.013013 0.001933 hargrave 2023-04-08 21:05:37 
AF  60 337.8  72.5 021.7  22.3 5.60E-06 002.8 190.6  38.1 0.032576 0.013146 0.001938 hargrave 2023-04-08 21:06:57 
AF  80 326.7  70.4 017.6  24.1 4.85E-06 002.7 187.2  35.0 0.030294 0.010267 0.001868 hargrave 2023-04-08 21:08:17 
AF 100 337.3  70.8 020.1  21.3 4.55E-06 002.9 191.2  36.4 0.028884 0.010721 0.001617 hargrave 2023-04-08 21:09:38 
AF 120 346.3  77.7 027.4  23.9 4.07E-06 003.0 190.3  43.7 0.024485 0.009082 0.001530 hargrave 2023-04-08 21:10:58 
AF 140 340.2  66.9 017.5  18.0 3.23E-06 003.3 194.1  33.1 0.022626 0.009419 0.001908 hargrave 2023-04-08 21:12:18 
AF 160 302.0  56.9 359.4  29.5 3.34E-06 001.8 176.0  21.0 0.024471 0.003882 0.001770 hargrave 2023-04-08 21:13:39 
AF 180 272.5  74.5 021.5  40.0 2.71E-06 002.7 167.9  40.8 0.017316 0.001613 0.001864 hargrave 2023-04-08 21:14:59 
AF 200 279.4  63.1 006.2  41.0 2.54E-06 002.6 165.2  29.3 0.018430 0.002930 0.001345 hargrave 2023-04-08 21:16:20 
AF 220 276.5  78.9 026.1  37.3 2.53E-06 002.8 171.7  44.3 0.016545 0.001886 0.000883 hargrave 2023-04-08 21:17:40 
AF 240 277.2  36.6 330.7  41.6 3.64E-06 002.6 155.0  04.6 0.024452 0.009416 0.001171 hargrave 2023-04-08 21:19:00 
AF 260 252.6  49.1 351.8  59.0 3.60E-06 003.3 143.6  23.5 0.020167 0.011486 0.001134 hargrave 2023-04-08 21:20:20 
AF 280 288.2  47.3 346.2  35.8 3.15E-06 001.6 165.7  12.8 0.023256 0.003651 0.001428 hargrave 2023-04-08 21:21:41 
AF 300 269.2  30.9 320.7  46.7 4.69E-06 003.1 146.7  01.6 0.027266 0.016812 0.001944 hargrave 2023-04-08 21:23:01 
AF 320 269.9  12.4 297.9  38.6 3.63E-06 004.0 140.3 -15.8 0.019332 0.018441 0.001770 hargrave 2023-04-08 21:24:22 
AF 340 273.8  29.3 320.2  42.4 3.41E-06 003.0 149.9 -01.3 0.021874 0.010168 0.001138 hargrave 2023-04-08 21:25:43 
AF 360 261.9  68.2 016.3  45.9 2.72E-06 002.7 160.2  37.1 0.017274 0.003678 0.001099 hargrave 2023-04-08 21:27:03 
AF 380 113.6  64.5 064.9  22.8 2.33E-06 001.7 210.3  77.0 0.005735 0.004143 0.001627 hargrave 2023-04-08 21:28:23 
AF 400 002.2  64.6 023.2  10.6 1.30E-06 004.5 204.9  35.5 0.010300 0.005812 0.000718 hargrave 2023-04-08 21:29:44 
AF 420 272.1  59.2 001.9  45.2 2.14E-06 002.7 159.9  27.0 0.015747 0.003294 0.000985 hargrave 2023-04-08 21:31:04 
AF 440 307.6  54.8 358.2  25.9 2.48E-06 001.7 179.2  18.9 0.020039 0.003178 0.001560 hargrave 2023-04-08 21:32:25 
AF 460 081.4  47.5 065.7 -01.5 2.27E-06 002.6 262.7  59.9 0.004576 0.011255 0.001278 hargrave 2023-04-08 21:33:45 
AF 480 281.1  63.9 007.1  40.2 2.75E-06 002.3 166.3  29.9 0.019649 0.002672 0.002110 hargrave 2023-04-08 21:35:06 
AF 500 014.0  03.4 000.7 -47.9 1.14E-06 004.4 247.5 -11.5 0.005965 0.009886 0.001830 hargrave 2023-04-08 21:36:26 
AF 520 287.7  58.8 000.4  37.3 2.46E-06 002.0 168.2  24.1 0.018998 0.002440 0.001521 hargrave 2023-04-08 21:37:47 
AF 540 025.1 -04.9 011.3 -60.3 1.84E-06 002.4 261.6 -12.0 0.005013 0.015667 0.002347 hargrave 2023-04-08 21:39:08 
AF 560 151.3  35.0 105.3  35.3 1.26E-06 002.5 048.5  65.4 0.004121 0.003240 0.002049 hargrave 2023-04-08 21:40:28 
AF 580 056.1 -02.8 071.9 -56.2 1.53E-06 002.2 285.7  07.7 0.003286 0.013274 0.001621 hargrave 2023-04-08 21:41:48 
AF 600 080.6  34.6 072.8 -12.3 2.20E-06 002.5 280.1  51.4 0.003314 0.012543 0.001977 hargrave 2023-04-08 21:43:08 
AF 650 061.1  08.9 070.3 -43.6 2.67E-06 002.3 283.0  20.1 0.005787 0.021718 0.002467 hargrave 2023-04-10 01:47:58 
AF 700 042.2  24.2 042.6 -33.7 1.86E-06 002.9 257.7  21.2 0.007228 0.016880 0.002940 hargrave 2023-04-10 01:49:18 
AF 750 071.7  34.8 066.3 -16.1 2.82E-06 002.9 272.0  46.3 0.008020 0.020088 0.005255 hargrave 2023-04-10 01:50:39 
AF 800 295.9  14.1 314.0  17.5 1.90E-06 002.4 166.5 -21.0 0.015083 0.003751 0.000796 hargrave 2023-04-10 01:52:01 
AF 850 340.0  34.3 353.4 -04.2 2.02E-06 004.2 205.3  02.3 0.018164 0.008711 0.002373 hargrave 2023-04-10 01:53:22 
AF 900 289.9  53.2 353.6  35.6 2.86E-06 001.7 168.1  18.4 0.023648 0.004025 0.003971 hargrave 2023-04-10 01:54:44 
AF 950 357.2  16.8 353.1 -27.5 2.42E-06 005.1 226.2 -08.1 0.018550 0.016650 0.003403 hargrave 2023-04-10 01:56:06 
AF1000 281.5  63.6 006.7  40.0 3.85E-06 002.1 166.4  29.5 0.026839 0.006700 0.004336 hargrave 2023-04-10 01:57:27 
