MF7- 4a sun compass orientation
    7.9 214.6  28.0 304.0  60.0   1.0
NRM    020.3  71.0 029.5  11.5 8.97E-06 003.1 211.5  52.8 0.043925 0.027309 0.004522 hargrave 2023-09-06 20:34:58 
AF  10 020.1  69.9 029.2  10.4 8.54E-06 003.2 212.8  52.0 0.043028 0.025313 0.004314 hargrave 2023-09-06 20:36:17 
AF  20 021.7  68.5 029.5  08.9 8.09E-06 003.3 215.1  51.5 0.041212 0.025002 0.004007 hargrave 2023-09-06 20:37:37 
AF  30 024.3  67.4 030.3  07.7 7.62E-06 003.3 217.4  51.5 0.038825 0.024693 0.003751 hargrave 2023-09-06 20:38:56 
AF  40 026.7  67.1 031.1  07.2 7.13E-06 003.3 218.8  52.0 0.036038 0.023495 0.003402 hargrave 2023-09-06 20:40:16 
AF  50 028.5  65.3 031.7  05.4 6.78E-06 003.4 221.8  51.4 0.034294 0.023972 0.003210 hargrave 2023-09-06 20:41:40 
AF  60 027.6  65.5 031.3  05.6 6.37E-06 003.5 221.1  51.2 0.032318 0.023577 0.002931 hargrave 2023-09-06 20:43:00 
AF  70 030.5  63.6 032.4  03.6 5.93E-06 003.5 224.7  50.9 0.029601 0.023306 0.002982 hargrave 2023-09-06 20:44:20 
AF  80 030.4  63.3 032.4  03.4 5.51E-06 003.6 224.9  50.7 0.027771 0.022279 0.002820 hargrave 2023-09-06 20:45:40 
AF  90 033.3  62.1 033.7  02.2 5.30E-06 003.6 227.7  50.9 0.025916 0.021762 0.002335 hargrave 2023-09-06 20:47:00 
AF 100 033.4  61.8 033.7  01.8 4.87E-06 003.6 228.2  50.7 0.023884 0.020527 0.002174 hargrave 2023-09-06 20:48:19 
AF 110 031.9  61.1 033.0  01.2 4.71E-06 003.7 228.2  49.7 0.023636 0.020694 0.002267 hargrave 2023-09-06 20:49:40 
AF 120 037.6  56.3 036.0 -03.6 4.73E-06 003.6 236.6  48.4 0.021482 0.022986 0.002829 hargrave 2023-09-06 20:51:00 
AF 130 035.5  60.8 034.7  00.8 4.31E-06 003.7 230.4  50.8 0.020880 0.019162 0.002064 hargrave 2023-09-06 20:52:20 
AF 140 037.5  63.6 035.6  03.7 4.02E-06 003.6 227.9  53.3 0.019228 0.017394 0.001883 hargrave 2023-09-06 20:53:39 
AF 150 036.5  57.1 035.3 -02.9 4.04E-06 003.8 235.1  48.5 0.019482 0.019170 0.002305 hargrave 2023-09-06 20:54:59 
AF 160 036.9  57.4 035.5 -02.6 3.64E-06 003.7 235.0  48.9 0.016977 0.017901 0.002159 hargrave 2023-09-06 20:56:19 
AF 170 028.5  50.8 030.5 -09.0 3.50E-06 004.2 236.0  40.8 0.018281 0.019649 0.002113 hargrave 2023-09-06 20:57:38 
AF 180 039.2  51.6 037.3 -08.3 3.24E-06 003.7 242.4  45.7 0.013859 0.017661 0.001817 hargrave 2023-09-06 20:58:58 
AF 190 037.3  53.2 036.0 -06.7 3.17E-06 003.8 239.6  46.1 0.014420 0.016752 0.001921 hargrave 2023-09-06 21:00:18 
AF 200 028.1  53.0 030.4 -06.8 3.07E-06 004.2 233.9  42.3 0.016258 0.016880 0.001984 hargrave 2023-09-06 21:01:38 
AF 220 043.9  53.8 039.9 -05.8 2.67E-06 003.6 243.2  49.2 0.010483 0.014459 0.001987 hargrave 2023-09-06 21:02:57 
AF 240 038.0  54.9 036.3 -05.0 2.36E-06 003.9 238.4  47.6 0.011261 0.012720 0.001288 hargrave 2023-09-06 21:04:17 
AF 260 040.7  46.3 038.8 -13.5 2.40E-06 003.7 248.3  42.2 0.009589 0.014624 0.001517 hargrave 2023-09-06 21:05:36 
AF 280 043.2  44.9 040.7 -14.7 2.50E-06 003.4 251.2  42.3 0.008875 0.015087 0.001431 hargrave 2023-09-06 21:06:56 
AF 300 040.9  41.6 039.4 -18.1 2.30E-06 003.5 252.1  38.7 0.008588 0.014960 0.001564 hargrave 2023-09-06 21:08:15 
AF 320 044.2  40.5 042.2 -18.9 2.13E-06 003.3 255.6  39.2 0.006930 0.014379 0.001855 hargrave 2023-09-06 21:09:36 
AF 340 037.7  51.9 036.3 -08.0 2.29E-06 003.9 241.1  45.3 0.010182 0.013434 0.001618 hargrave 2023-09-06 21:10:56 
AF 360 045.8  50.5 041.6 -08.8 1.80E-06 003.4 247.9  47.7 0.006154 0.010202 0.001147 hargrave 2023-09-06 21:12:15 
AF 380 042.6  35.0 041.7 -24.5 1.55E-06 003.1 258.3  34.1 0.004651 0.011090 0.001473 hargrave 2023-09-06 21:13:35 
AF 400 043.7  30.1 043.6 -29.2 1.87E-06 002.9 262.4  30.5 0.004995 0.014198 0.001525 hargrave 2023-09-06 21:14:58 
AF 420 073.7  38.2 064.9 -12.3 1.74E-06 002.9 283.5  51.2 0.003211 0.010004 0.001198 hargrave 2023-09-06 21:16:18 
AF 440 044.0  50.0 040.5 -09.5 1.47E-06 003.7 247.2  46.5 0.005659 0.009171 0.001081 hargrave 2023-09-06 21:17:38 
AF 460 063.8  45.9 054.5 -09.4 1.32E-06 002.8 266.5  52.5 0.002204 0.007736 0.000897 hargrave 2023-09-06 21:18:57 
AF 480 051.7  34.4 049.9 -23.5 1.27E-06 003.0 266.3  37.8 0.002778 0.009609 0.001214 hargrave 2023-09-06 21:20:17 
AF 500 039.0  57.1 036.7 -02.8 1.22E-06 003.8 236.6  49.6 0.005813 0.006246 0.000521 hargrave 2023-09-06 21:21:37 
AF 520 039.7  61.1 036.8  01.2 1.06E-06 003.9 232.2  52.5 0.005584 0.004764 0.000621 hargrave 2023-09-06 21:22:57 
AF 540 038.2  35.8 037.8 -24.0 1.35E-06 003.6 254.2  32.8 0.004982 0.010132 0.001096 hargrave 2023-09-06 21:24:17 
AF 560 032.2  56.8 033.0 -03.2 1.54E-06 004.2 232.9  46.7 0.007982 0.008363 0.001098 hargrave 2023-09-06 21:25:37 
AF 580 033.0  32.7 033.0 -27.3 1.65E-06 003.7 251.9  27.8 0.006772 0.012087 0.001463 hargrave 2023-09-06 21:26:56 
AF 600 013.5  36.0 016.3 -21.2 1.43E-06 005.4 234.8  22.5 0.009631 0.010385 0.001536 hargrave 2023-09-06 21:28:16 
AF 650 033.9  51.8 033.9 -08.2 1.51E-06 004.3 238.7  43.7 0.007808 0.009017 0.000703 hargrave 2023-09-06 21:29:35 
AF 700 043.1  43.0 040.9 -16.5 1.16E-06 003.6 252.7  40.7 0.004390 0.007758 0.000220 hargrave 2023-09-06 21:30:55 
AF 750 020.2  58.5 026.9 -00.7 8.78E-07 004.5 224.5  43.8 0.005710 0.004452 0.000651 hargrave 2023-09-06 21:32:18 
AF 800 031.5  65.1 033.0  05.1 7.99E-07 003.7 223.3  52.2 0.004192 0.003379 0.000325 hargrave 2023-09-06 21:33:37 
AF 850 080.0  16.1 084.3 -26.1 1.07E-06 004.1 305.0  34.5 0.004753 0.006652 0.000245 hargrave 2023-09-06 21:34:57 
AF 900 352.5  51.1 009.4 -01.0 7.10E-07 004.9 212.3  29.3 0.006252 0.003371 0.000978 hargrave 2023-09-06 21:36:17 
AF 950 056.3  43.0 050.6 -14.2 9.33E-07 003.2 263.2  46.8 0.002253 0.005975 0.001077 hargrave 2023-09-06 21:37:37 
AF1000 026.8  46.5 028.9 -13.2 6.48E-07 004.8 238.2  36.6 0.003824 0.004457 0.000590 hargrave 2023-09-06 21:38:57 
