MF7- 1a sun compass orientation
    1.4 152.7  36.0 304.0  60.0   1.0
NRM    340.4  60.6 010.3  10.5 4.40E-06 003.7 226.7  48.0 0.022837 0.018170 0.001009 hargrave 2023-09-05 17:37:52 
AF  10 340.9  60.1 010.2  10.1 4.32E-06 003.7 227.4  48.0 0.022430 0.017825 0.001874 hargrave 2023-09-05 17:39:14 
AF  20 342.4  60.7 011.1  10.0 4.24E-06 003.6 227.2  49.0 0.021540 0.017176 0.001934 hargrave 2023-09-05 17:40:35 
AF  30 341.8  59.7 010.2  09.5 4.06E-06 003.7 228.3  48.2 0.021563 0.015820 0.001918 hargrave 2023-09-05 17:42:00 
AF  40 341.8  58.9 009.6  08.8 3.84E-06 003.7 229.4  47.8 0.019252 0.016491 0.001911 hargrave 2023-09-05 17:43:21 
AF  50 341.6  59.6 010.1  09.5 3.64E-06 003.7 228.4  48.1 0.018599 0.015515 0.001800 hargrave 2023-09-05 17:44:42 
AF  60 338.7  58.2 007.9  09.5 3.32E-06 003.9 229.1  46.0 0.017315 0.014949 0.001787 hargrave 2023-09-05 17:46:03 
AF  70 337.4  55.9 005.8  08.4 3.04E-06 003.9 231.2  44.2 0.016404 0.013247 0.001353 hargrave 2023-09-05 17:47:28 
AF  80 343.3  59.6 010.6  08.8 2.78E-06 003.7 229.1  48.8 0.013827 0.012093 0.001703 hargrave 2023-09-05 17:48:49 
AF  90 341.7  58.1 009.0  08.3 2.55E-06 003.8 230.4  47.3 0.012582 0.011698 0.001256 hargrave 2023-09-05 17:50:10 
AF 100 336.4  53.6 003.7  07.3 2.29E-06 004.0 233.2  42.4 0.011747 0.011692 0.001173 hargrave 2023-09-05 17:51:32 
AF 110 338.4  53.4 004.3  06.2 2.11E-06 004.0 234.5  43.2 0.010438 0.011054 0.001470 hargrave 2023-09-05 17:52:52 
AF 120 340.3  55.4 006.6  06.9 1.99E-06 003.9 233.1  45.3 0.009822 0.009803 0.001144 hargrave 2023-09-05 17:54:14 
AF 130 348.9  55.5 010.3  03.7 1.87E-06 003.5 236.8  49.4 0.007999 0.008938 0.001347 hargrave 2023-09-05 17:55:35 
AF 140 348.8  57.4 011.4  05.3 1.69E-06 003.4 234.1  50.3 0.007543 0.007056 0.000783 hargrave 2023-09-05 17:56:59 
AF 150 339.2  50.3 002.5  03.8 1.31E-06 004.0 238.2  41.7 0.006174 0.007575 0.001025 hargrave 2023-09-05 17:58:20 
AF 160 341.1  48.3 001.9  01.5 1.54E-06 003.9 241.3  41.3 0.006962 0.008974 0.000907 hargrave 2023-09-05 17:59:41 
AF 170 334.9  48.0 358.8  04.2 1.23E-06 004.1 238.2  38.0 0.005989 0.007222 0.000983 hargrave 2023-09-05 18:01:02 
AF 180 326.4  48.2 355.4  08.8 1.07E-06 004.5 233.1  34.0 0.006094 0.006387 0.000575 hargrave 2023-09-05 18:02:24 
AF 190 321.5  50.1 355.2  12.5 1.06E-06 004.7 228.7  33.2 0.006547 0.006055 0.000673 hargrave 2023-09-05 18:03:45 
AF 200 319.4  51.2 355.5  14.2 9.28E-07 004.8 226.7  33.1 0.006208 0.005311 0.000644 hargrave 2023-09-05 18:05:06 
AF 220 315.8  47.3 350.7  14.3 4.75E-07 004.9 227.7  28.6 0.002996 0.002924 0.000226 hargrave 2023-09-05 18:06:27 
AF 240 283.2  38.7 332.9  33.6 5.53E-07 005.0 210.9  09.0 0.004826 0.002851 0.000590 hargrave 2023-09-05 18:07:48 
AF 260 249.8 -21.0 252.4  28.5 6.49E-07 002.9 192.1 -56.6 0.003365 0.001107 0.000645 hargrave 2023-09-05 18:09:09 
AF 280 235.8  03.1 255.7  56.0 3.68E-07 002.4 171.9 -32.6 0.002766 0.000299 0.000404 hargrave 2023-09-05 18:10:30 
AF 300 242.6  44.8 345.4  63.1 6.19E-07 001.6 179.9  08.8 0.006078 0.001420 0.000589 hargrave 2023-09-05 18:11:55 
AF 320 227.0  17.4 260.2  72.6 3.42E-07 002.4 164.3 -17.4 0.002898 0.000199 0.000390 hargrave 2023-09-05 18:13:16 
AF 340 247.8 -13.9 255.5  35.4 4.80E-07 003.3 187.7 -49.6 0.003033 0.001095 0.000823 hargrave 2023-09-05 18:14:36 
AF 360 234.9  11.5 264.8  63.2 6.16E-07 002.3 171.6 -24.2 0.005448 0.000432 0.000515 hargrave 2023-09-05 18:15:57 
AF 380 232.1  03.9 250.7  58.7 5.93E-07 003.0 167.6 -31.5 0.004847 0.000321 0.000949 hargrave 2023-09-05 18:17:18 
AF 400 233.9  17.2 273.2  67.8 6.88E-07 002.1 171.1 -18.4 0.006469 0.000465 0.000517 hargrave 2023-09-05 18:18:39 
AF 420 250.2 -04.6 265.3  41.1 7.63E-07 003.4 189.8 -40.2 0.005955 0.001682 0.000395 hargrave 2023-09-05 18:19:59 
AF 440 217.9  00.8 221.9  60.5 7.65E-07 003.5 150.5 -31.5 0.005248 0.002049 0.000515 hargrave 2023-09-05 18:21:20 
AF 460 237.8 -18.0 242.7  36.8 8.25E-07 002.7 172.1 -53.8 0.004674 0.000137 0.000542 hargrave 2023-09-05 18:22:41 
AF 480 245.4  07.5 273.0  52.9 7.62E-07 002.8 183.0 -28.5 0.006923 0.001368 0.000564 hargrave 2023-09-05 18:24:01 
AF 500 212.6  19.1 207.2  79.0 6.82E-07 003.7 151.0 -12.5 0.006067 0.001593 0.000497 hargrave 2023-09-05 18:25:25 
AF 520 225.3 -01.8 234.7  56.4 9.05E-07 003.1 158.3 -35.8 0.006409 0.001356 0.000943 hargrave 2023-09-05 18:26:46 
AF 540 227.1  10.5 248.7  67.0 1.02E-06 003.0 163.2 -24.2 0.008777 0.001567 0.001049 hargrave 2023-09-05 18:28:06 
AF 560 231.0  04.3 249.2  59.7 5.96E-07 002.8 166.3 -30.9 0.004769 0.000413 0.000796 hargrave 2023-09-05 18:29:27 
AF 580 240.5  35.2 324.2  67.1 9.58E-07 000.8 178.2 -00.7 0.009538 0.001258 0.000673 hargrave 2023-09-05 18:30:47 
AF 600 222.6  11.4 239.2  69.7 7.58E-07 003.2 158.7 -22.4 0.006448 0.001617 0.000643 hargrave 2023-09-05 18:32:08 
AF 650 249.4  04.3 273.4  47.8 4.99E-07 003.4 187.9 -31.4 0.004282 0.001291 0.000667 hargrave 2023-09-05 18:33:28 
AF 700 247.1  14.6 284.5  55.9 7.84E-07 002.4 184.6 -21.3 0.007368 0.001352 0.000599 hargrave 2023-09-05 18:34:49 
AF 750 208.4  23.8 173.5  82.0 6.23E-07 003.9 148.7 -06.7 0.005045 0.001866 0.001061 hargrave 2023-09-05 18:36:09 
AF 800 226.5  21.7 270.4  76.1 7.73E-07 002.4 164.5 -13.0 0.007040 0.001092 0.000867 hargrave 2023-09-05 18:37:30 
AF 850 248.3  71.6 019.5  44.5 1.22E-06 002.9 182.2  35.6 0.010073 0.001531 0.000847 hargrave 2023-09-05 18:38:51 
AF 900 231.5  13.6 262.3  67.0 1.07E-06 002.3 168.2 -21.7 0.009441 0.001134 0.000783 hargrave 2023-09-05 18:40:12 
AF 950 219.0  30.6 313.6  85.7 1.14E-06 002.8 159.7 -02.9 0.010485 0.002761 0.000403 hargrave 2023-09-05 18:41:33 
AF1000 217.5  23.1 239.3  82.4 1.05E-06 003.2 156.6 -09.9 0.009329 0.002665 0.000418 hargrave 2023-09-05 18:42:55 
