MF7- 3a sun compass orientation
      6 262.2  20.0 304.0  60.0   1.0
NRM    335.9  66.6 013.4  16.1 5.71E-06 002.5 170.6  47.0 0.034209 0.005549 0.003628 hargrave 2023-09-06 19:29:10 
AF  10 336.6  64.9 012.3  14.8 5.59E-06 002.5 170.7  45.3 0.034554 0.005182 0.003685 hargrave 2023-09-06 19:30:30 
AF  20 336.5  64.1 011.6  14.3 5.44E-06 002.6 170.4  44.5 0.034486 0.005332 0.003694 hargrave 2023-09-06 19:31:50 
AF  30 337.2  64.2 012.0  14.1 5.21E-06 002.6 170.9  44.6 0.033425 0.004547 0.003173 hargrave 2023-09-06 19:33:10 
AF  40 340.0  63.7 012.4  12.9 4.98E-06 002.6 172.5  44.0 0.032774 0.004274 0.003203 hargrave 2023-09-06 19:34:30 
AF  50 339.6  63.5 012.2  12.9 4.76E-06 002.7 172.2  43.8 0.031634 0.004057 0.002995 hargrave 2023-09-06 19:35:50 
AF  60 337.7  62.7 011.0  13.0 4.51E-06 002.7 170.9  43.1 0.030638 0.004089 0.002583 hargrave 2023-09-06 19:37:10 
AF  70 335.2  62.3 009.8  13.5 4.12E-06 002.8 169.3  42.8 0.028467 0.004102 0.002643 hargrave 2023-09-06 19:38:30 
AF  80 335.4  60.0 008.1  12.0 3.94E-06 002.8 169.0  40.5 0.028352 0.003931 0.002529 hargrave 2023-09-06 19:39:50 
AF  90 335.4  58.0 006.6  10.7 3.73E-06 002.7 168.7  38.6 0.027133 0.003964 0.002378 hargrave 2023-09-06 19:41:11 
AF 100 328.8  58.3 004.6  13.5 3.52E-06 002.9 164.3  39.4 0.025629 0.004981 0.002372 hargrave 2023-09-06 19:42:31 
AF 110 332.1  55.3 003.3  10.3 3.35E-06 002.8 166.0  36.1 0.025428 0.004247 0.002289 hargrave 2023-09-06 19:43:51 
AF 120 333.9  54.5 003.4  09.0 3.22E-06 002.8 167.1  35.2 0.025129 0.003892 0.002011 hargrave 2023-09-06 19:45:11 
AF 130 329.7  52.1 359.9  09.5 2.99E-06 002.9 163.7  33.2 0.023554 0.004598 0.002166 hargrave 2023-09-06 19:46:31 
AF 140 336.4  51.3 001.9  05.7 2.76E-06 002.7 168.4  31.8 0.023122 0.002984 0.002172 hargrave 2023-09-06 19:47:51 
AF 150 339.7  50.5 002.8  03.7 2.90E-06 002.5 170.8  30.8 0.024285 0.002712 0.002080 hargrave 2023-09-06 19:49:12 
AF 160 339.8  53.9 005.3  06.1 2.60E-06 002.7 171.2  34.2 0.021499 0.002009 0.001512 hargrave 2023-09-06 19:50:32 
AF 170 339.9  52.1 004.1  04.8 2.42E-06 002.7 171.1  32.5 0.020326 0.001994 0.001323 hargrave 2023-09-06 19:51:51 
AF 180 340.4  52.0 004.2  04.4 2.15E-06 002.7 171.5  32.3 0.018517 0.001414 0.000966 hargrave 2023-09-06 19:53:11 
AF 190 343.5  52.6 005.9  03.6 2.18E-06 002.7 173.7  32.7 0.018754 0.001263 0.001402 hargrave 2023-09-06 19:54:31 
AF 200 336.0  46.9 358.5  02.9 2.01E-06 002.7 167.6  27.5 0.017686 0.002128 0.001234 hargrave 2023-09-06 19:55:51 
AF 220 004.6  47.3 014.3 -08.3 1.78E-06 003.2 189.4  27.7 0.016745 0.003838 0.000850 hargrave 2023-09-06 19:57:11 
AF 240 351.0  44.4 004.6 -05.9 1.46E-06 002.4 179.0  24.4 0.014341 0.001453 0.001229 hargrave 2023-09-06 19:58:31 
AF 260 003.7  42.0 011.4 -12.8 1.67E-06 002.9 189.2  22.3 0.016839 0.003506 0.001638 hargrave 2023-09-06 19:59:51 
AF 280 014.0  41.6 018.5 -16.1 1.62E-06 003.8 197.5  22.7 0.015949 0.005025 0.001180 hargrave 2023-09-06 20:01:11 
AF 300 001.8  32.1 005.1 -20.8 1.59E-06 002.4 188.3  12.3 0.016392 0.003266 0.001131 hargrave 2023-09-06 20:02:31 
AF 320 006.6  40.1 012.6 -15.4 1.19E-06 003.2 191.7  20.6 0.012085 0.002957 0.000756 hargrave 2023-09-06 20:03:51 
AF 340 007.3  54.0 018.6 -02.9 1.39E-06 003.5 190.7  34.5 0.012453 0.002957 0.000968 hargrave 2023-09-06 20:05:11 
AF 360 007.3  45.7 015.4 -10.5 1.38E-06 003.3 191.7  26.3 0.013430 0.003128 0.000931 hargrave 2023-09-06 20:06:30 
AF 380 003.2  37.2 008.8 -16.9 1.36E-06 002.7 189.2  17.5 0.014233 0.002889 0.000809 hargrave 2023-09-06 20:07:50 
AF 400 357.0  28.8 359.5 -21.4 1.94E-06 001.6 184.2  08.9 0.019993 0.002986 0.001618 hargrave 2023-09-06 20:09:10 
AF 420 014.5  54.9 022.9 -03.4 1.38E-06 003.7 195.6  36.0 0.011949 0.003574 0.000841 hargrave 2023-09-06 20:10:30 
AF 440 000.3  33.9 005.0 -18.6 1.79E-06 002.2 186.9  14.1 0.018213 0.003415 0.001341 hargrave 2023-09-06 20:11:51 
AF 460 004.7  24.8 003.6 -28.4 1.46E-06 002.5 191.3  05.2 0.015257 0.003445 0.000613 hargrave 2023-09-06 20:13:11 
AF 480 005.8  25.1 004.9 -28.6 1.63E-06 002.9 192.4  05.6 0.017125 0.004539 0.001014 hargrave 2023-09-06 20:14:31 
AF 500 027.1  33.5 027.6 -26.2 2.00E-06 005.0 209.8  16.5 0.018474 0.009649 0.000743 hargrave 2023-09-06 20:15:51 
AF 520 005.9  12.8 357.6 -39.4 1.60E-06 003.0 193.5 -06.6 0.016376 0.004476 0.000606 hargrave 2023-09-06 20:17:11 
AF 540 034.9  34.8 034.8 -25.2 1.69E-06 005.2 216.2  19.3 0.014765 0.008594 0.000892 hargrave 2023-09-06 20:18:32 
AF 560 025.4  34.4 026.2 -25.1 1.50E-06 004.8 208.2  17.1 0.014066 0.006767 0.000356 hargrave 2023-09-06 20:19:52 
AF 580 028.8  36.4 029.5 -23.4 1.93E-06 005.0 210.7  19.7 0.017696 0.008928 0.001240 hargrave 2023-09-06 20:21:13 
AF 600 016.9  26.7 016.1 -30.9 1.36E-06 004.3 202.1  08.3 0.013850 0.005535 0.001152 hargrave 2023-09-06 20:22:36 
AF 650 003.8  29.9 005.6 -23.5 1.36E-06 002.5 190.2  10.3 0.014450 0.003140 0.001418 hargrave 2023-09-06 20:23:56 
AF 700 011.8  48.6 019.4 -08.9 1.59E-06 003.6 194.8  29.5 0.014650 0.004410 0.001089 hargrave 2023-09-06 20:25:20 
AF 750 355.4  41.1 005.5 -10.5 1.41E-06 002.3 182.6  21.1 0.014073 0.001790 0.000977 hargrave 2023-09-06 20:26:40 
AF 800 019.0  35.8 020.9 -22.7 8.84E-07 004.4 202.6  17.6 0.008680 0.003809 0.000971 hargrave 2023-09-06 20:28:00 
AF 850 031.4  42.8 032.0 -17.2 1.19E-06 005.0 211.2  26.3 0.010454 0.005760 0.000771 hargrave 2023-09-06 20:29:20 
AF 900 007.3  38.4 012.4 -17.2 6.30E-07 003.3 192.5  18.9 0.006533 0.002051 0.000865 hargrave 2023-09-06 20:30:41 
AF 950 039.3  33.3 038.9 -26.5 7.26E-07 005.6 220.2  18.7 0.006109 0.004701 0.001021 hargrave 2023-09-06 20:32:03 
AF1000 055.9  53.7 046.8 -04.2 4.54E-07 004.7 225.4  41.9 0.002980 0.002983 0.000312 hargrave 2023-09-06 20:33:24 
