MF7- 6a sun compass orientation
    9.4 213.9  45.0 304.0  60.0   1.0
NRM    340.8  72.6 019.3  18.8 8.17E-06 002.7 192.0  30.4 0.050953 0.021511 0.005344 hargrave 2023-09-06 22:45:58 
AF  10 337.4  72.1 018.2  19.2 7.97E-06 002.6 191.2  29.5 0.049432 0.019345 0.004841 hargrave 2023-09-06 22:47:18 
AF  20 335.7  72.4 018.1  19.8 7.67E-06 002.6 190.6  29.5 0.048107 0.018730 0.004545 hargrave 2023-09-06 22:48:37 
AF  30 333.1  73.1 018.2  20.9 7.24E-06 002.6 189.4  29.8 0.046865 0.016336 0.004300 hargrave 2023-09-06 22:49:57 
AF  40 333.6  73.8 018.9  21.1 6.92E-06 002.6 189.2  30.5 0.044518 0.015727 0.004142 hargrave 2023-09-06 22:51:17 
AF  50 332.5  73.8 018.8  21.4 6.71E-06 002.6 188.9  30.4 0.044746 0.014606 0.004063 hargrave 2023-09-06 22:52:37 
AF  60 330.9  73.6 018.3  21.7 6.41E-06 002.6 188.5  30.0 0.043567 0.014048 0.003956 hargrave 2023-09-06 22:53:57 
AF  70 331.7  74.7 019.4  22.1 6.19E-06 002.6 188.3  31.1 0.042411 0.013097 0.003680 hargrave 2023-09-06 22:55:17 
AF  80 328.3  75.1 019.3  23.0 5.87E-06 002.5 187.1  31.2 0.040190 0.011574 0.003682 hargrave 2023-09-06 22:56:37 
AF  90 326.4  74.8 018.7  23.3 5.65E-06 002.6 186.7  30.7 0.040549 0.011156 0.003754 hargrave 2023-09-06 22:57:59 
AF 100 321.8  74.7 018.0  24.4 5.38E-06 002.5 185.4  30.3 0.038402 0.010234 0.003908 hargrave 2023-09-06 22:59:23 
AF 110 319.9  75.5 018.6  25.1 4.94E-06 002.5 184.6  30.9 0.036985 0.008826 0.003585 hargrave 2023-09-06 23:00:43 
AF 120 323.0  74.6 018.1  24.0 4.61E-06 002.6 185.8  30.3 0.034345 0.008913 0.003277 hargrave 2023-09-06 23:02:03 
AF 130 325.6  74.0 017.8  23.1 4.58E-06 002.7 186.7  29.9 0.034831 0.009277 0.003264 hargrave 2023-09-06 23:03:23 
AF 140 322.6  76.3 019.7  24.9 4.28E-06 002.7 185.1  31.9 0.033089 0.008006 0.002971 hargrave 2023-09-06 23:04:42 
AF 150 332.7  72.1 017.3  20.4 3.93E-06 002.9 189.7  28.9 0.031067 0.009118 0.003152 hargrave 2023-09-06 23:06:03 
AF 160 334.1  73.6 018.8  20.9 3.92E-06 002.9 189.5  30.4 0.030752 0.008843 0.003097 hargrave 2023-09-06 23:07:26 
AF 170 325.8  68.5 012.7  20.3 3.92E-06 002.7 188.6  24.7 0.031897 0.009042 0.003439 hargrave 2023-09-06 23:08:46 
AF 180 327.7  67.7 012.4  19.3 3.49E-06 002.9 189.7  24.1 0.029403 0.008641 0.002865 hargrave 2023-09-06 23:10:07 
AF 190 322.6  69.8 013.3  22.0 3.21E-06 002.8 187.0  25.6 0.027854 0.006849 0.002492 hargrave 2023-09-06 23:11:26 
AF 200 329.7  69.8 014.7  19.8 3.19E-06 003.0 189.7  26.3 0.026681 0.007636 0.002878 hargrave 2023-09-06 23:12:47 
AF 220 307.2  70.1 011.6  27.0 2.74E-06 002.3 181.2  25.2 0.023828 0.004572 0.002454 hargrave 2023-09-06 23:14:07 
AF 240 304.9  71.9 013.3  28.1 2.83E-06 002.4 180.4  26.9 0.024087 0.004591 0.002233 hargrave 2023-09-06 23:15:27 
AF 260 310.8  76.4 018.7  27.5 2.78E-06 002.8 181.9  31.5 0.023671 0.004512 0.002520 hargrave 2023-09-06 23:16:46 
AF 280 281.3  58.8 357.3  37.0 2.57E-06 002.1 168.1  15.5 0.022831 0.005142 0.001891 hargrave 2023-09-06 23:18:07 
AF 300 286.0  72.2 013.5  33.9 2.58E-06 002.4 173.9  27.9 0.021905 0.003968 0.002138 hargrave 2023-09-06 23:19:27 
AF 320 269.3  79.5 023.4  35.6 2.30E-06 002.8 172.6  36.1 0.018505 0.002858 0.001748 hargrave 2023-09-06 23:20:47 
AF 340 285.8  74.7 016.5  33.6 2.13E-06 002.6 174.5  30.3 0.018293 0.003256 0.002099 hargrave 2023-09-06 23:22:07 
AF 360 256.8  78.3 023.9  38.2 2.18E-06 002.9 169.4  36.5 0.017306 0.002903 0.002307 hargrave 2023-09-06 23:23:28 
AF 380 281.0  78.1 020.7  34.0 2.14E-06 002.8 174.4  33.9 0.017784 0.002704 0.002755 hargrave 2023-09-06 23:24:48 
AF 400 288.1  79.3 021.8  32.4 2.24E-06 002.8 176.5  34.6 0.018770 0.002605 0.002559 hargrave 2023-09-06 23:26:08 
AF 420 227.3  73.4 028.5  46.1 1.83E-06 003.4 159.0  39.1 0.013613 0.004206 0.002202 hargrave 2023-09-06 23:27:29 
AF 440 225.3  76.8 030.5  42.9 1.99E-06 003.2 162.8  41.0 0.014366 0.003995 0.001670 hargrave 2023-09-06 23:28:50 
AF 460 248.0  66.6 014.6  48.1 1.26E-06 003.5 157.8  29.5 0.010133 0.003369 0.001031 hargrave 2023-09-06 23:30:10 
AF 480 295.6  56.3 355.1  29.1 6.85E-07 001.9 175.3  11.6 0.006719 0.001326 0.001222 hargrave 2023-09-06 23:31:31 
AF 500 280.5  66.1 006.4  36.7 6.35E-07 002.7 170.0  22.5 0.005758 0.001169 0.001202 hargrave 2023-09-06 23:32:51 
AF 520 295.6  60.0 359.2  29.7 6.83E-07 002.0 175.7  15.2 0.006371 0.001068 0.001049 hargrave 2023-09-06 23:34:12 
AF 540 260.7  49.2 346.3  50.1 6.86E-07 004.0 152.8  11.5 0.005320 0.002829 0.001110 hargrave 2023-09-06 23:35:32 
AF 560 332.3  65.4 011.5  16.5 7.28E-07 003.6 192.4  22.6 0.006511 0.002425 0.001249 hargrave 2023-09-06 23:36:53 
AF 580 338.5  43.9 357.6 -00.4 6.86E-07 004.6 204.2  04.1 0.006080 0.003070 0.001432 hargrave 2023-09-06 23:38:14 
AF 600 305.4  41.4 341.8  18.3 1.06E-06 001.6 181.1 -03.6 0.010367 0.002184 0.001293 hargrave 2023-09-06 23:39:34 
AF 650 320.0  01.9 313.8 -12.8 1.23E-06 003.8 201.5 -41.0 0.008495 0.003995 0.001771 hargrave 2023-09-06 23:40:55 
AF 700 328.1 -02.8 314.1 -22.1 1.28E-06 004.1 213.8 -42.7 0.007998 0.005368 0.001615 hargrave 2023-09-06 23:42:15 
AF 750 313.4 -26.3 284.6 -20.4 8.47E-07 002.0 205.3 -69.8 0.002397 0.001691 0.001482 hargrave 2023-09-06 23:43:36 
AF 800 249.7  80.8 027.3  37.3 1.89E-06 003.0 170.4  39.2 0.014923 0.002372 0.003236 hargrave 2023-09-06 23:44:57 
AF 850 252.9  52.5 353.6  53.8 7.96E-07 004.1 150.4  16.8 0.006677 0.002795 0.001179 hargrave 2023-09-06 23:46:18 
AF 900 233.3 -44.3 228.1  13.7 7.34E-07 004.3 064.3 -41.4 0.003741 0.004524 0.000716 hargrave 2023-09-06 23:47:38 
AF 950 190.8 -50.4 199.3  07.0 4.26E-07 006.0 039.1 -21.6 0.003976 0.002509 0.000890 hargrave 2023-09-06 23:48:59 
AF1000 212.8  76.0 034.4  44.0 8.40E-07 003.4 160.5  43.6 0.006049 0.001747 0.001375 hargrave 2023-09-06 23:50:20 
