MF7- 2a sun compass orientation
    4.2 232.8  29.0 304.0  60.0   1.0
NRM    291.0  56.3 354.5  31.6 7.34E-06 002.4 160.3  29.9 0.044784 0.018139 0.005106 hargrave 2023-09-05 18:44:19 
AF  10 291.5  55.1 353.2  31.2 7.14E-06 002.5 160.2  28.7 0.044194 0.017822 0.004791 hargrave 2023-09-05 18:45:40 
AF  20 292.4  53.6 351.7  30.4 6.84E-06 002.5 160.3  27.2 0.043588 0.017298 0.004621 hargrave 2023-09-05 18:47:00 
AF  30 292.7  52.4 350.3  30.0 6.52E-06 002.5 160.1  25.9 0.042552 0.016897 0.004346 hargrave 2023-09-05 18:48:21 
AF  40 292.9  52.6 350.6  29.9 6.19E-06 002.5 160.3  26.1 0.041488 0.016054 0.004093 hargrave 2023-09-05 18:49:41 
AF  50 294.1  52.8 351.0  29.2 5.89E-06 002.5 161.2  26.1 0.040597 0.014989 0.004056 hargrave 2023-09-05 18:51:02 
AF  60 294.5  52.0 350.1  28.8 5.70E-06 002.5 161.2  25.2 0.039931 0.014711 0.003909 hargrave 2023-09-05 18:52:22 
AF  70 297.0  50.1 348.5  26.8 5.44E-06 002.5 162.3  23.0 0.039396 0.013791 0.003600 hargrave 2023-09-05 18:53:43 
AF  80 295.0  48.4 346.2  27.7 5.11E-06 002.6 160.5  21.7 0.037836 0.014001 0.003285 hargrave 2023-09-05 18:55:04 
AF  90 297.4  46.4 344.6  25.5 4.78E-06 002.5 161.7  19.4 0.036678 0.012812 0.003176 hargrave 2023-09-05 18:56:24 
AF 100 300.6  45.7 344.7  23.2 4.58E-06 002.3 163.9  18.2 0.036336 0.011444 0.003335 hargrave 2023-09-05 18:57:45 
AF 110 298.1  41.8 340.0  23.6 4.41E-06 002.5 161.2  14.8 0.034793 0.012299 0.003146 hargrave 2023-09-05 18:59:05 
AF 120 299.0  41.7 340.2  22.9 4.18E-06 002.5 161.9  14.5 0.034015 0.011229 0.002949 hargrave 2023-09-05 19:00:26 
AF 130 302.8  38.2 337.9  18.9 4.06E-06 002.2 164.1  10.6 0.033856 0.010668 0.002728 hargrave 2023-09-05 19:01:46 
AF 140 304.6  36.7 337.0  17.0 3.78E-06 002.1 165.3  08.8 0.032879 0.009660 0.002711 hargrave 2023-09-05 19:03:07 
AF 150 305.0  37.1 337.6  16.9 3.84E-06 002.1 165.7  09.2 0.033427 0.009768 0.002815 hargrave 2023-09-05 19:04:27 
AF 160 302.9  37.5 337.2  18.5 3.78E-06 002.2 164.1  09.8 0.032680 0.009978 0.002314 hargrave 2023-09-05 19:05:47 
AF 170 300.3  37.5 336.4  20.4 3.62E-06 002.5 162.0  10.2 0.031009 0.010118 0.002130 hargrave 2023-09-05 19:07:08 
AF 180 303.0  36.6 336.4  18.1 3.71E-06 002.3 164.0  09.0 0.031751 0.010179 0.002331 hargrave 2023-09-05 19:08:28 
AF 190 305.9  34.2 335.2  14.9 3.52E-06 002.0 166.0  06.2 0.031307 0.008863 0.002262 hargrave 2023-09-05 19:09:49 
AF 200 301.1  32.7 332.0  17.9 3.50E-06 002.5 161.8  05.4 0.030426 0.010282 0.002110 hargrave 2023-09-05 19:11:09 
AF 220 303.0  38.0 337.7  18.6 3.14E-06 002.3 164.3  10.3 0.028096 0.008139 0.001412 hargrave 2023-09-05 19:12:30 
AF 240 302.1  41.8 341.2  20.8 2.94E-06 002.4 164.3  14.2 0.026084 0.007621 0.001493 hargrave 2023-09-05 19:13:50 
AF 260 305.2  32.9 333.7  14.8 2.93E-06 002.1 165.3  05.0 0.026590 0.007484 0.001331 hargrave 2023-09-05 19:15:11 
AF 280 299.3  37.2 335.8  21.1 2.63E-06 002.7 161.2  10.1 0.023819 0.007444 0.001381 hargrave 2023-09-05 19:16:33 
AF 300 301.6  43.0 342.3  21.6 2.40E-06 002.6 164.1  15.4 0.021666 0.006146 0.001041 hargrave 2023-09-05 19:17:53 
AF 320 303.3  41.0 340.7  19.6 2.31E-06 002.4 165.0  13.2 0.021272 0.005447 0.000599 hargrave 2023-09-05 19:19:14 
AF 340 301.5  40.8 340.0  20.8 2.38E-06 002.5 163.6  13.3 0.021937 0.006062 0.001353 hargrave 2023-09-05 19:20:34 
AF 360 307.4  49.4 350.1  20.3 2.43E-06 002.4 169.3  21.1 0.022231 0.004984 0.000464 hargrave 2023-09-05 19:21:54 
AF 380 307.3  44.1 345.0  18.2 1.99E-06 002.2 168.5  15.8 0.018919 0.004418 0.000318 hargrave 2023-09-05 19:23:15 
AF 400 297.9  50.9 349.5  26.5 1.91E-06 003.0 163.1  23.7 0.017058 0.004421 0.000273 hargrave 2023-09-05 19:24:35 
AF 420 298.7  49.4 348.1  25.6 1.66E-06 002.9 163.3  22.1 0.014706 0.004027 0.000419 hargrave 2023-09-05 19:25:55 
AF 440 303.0  48.6 348.3  22.7 1.67E-06 002.6 166.2  20.8 0.015407 0.003211 0.000209 hargrave 2023-09-05 19:27:16 
AF 460 307.2  37.9 339.1  15.6 1.52E-06 002.1 167.6  09.7 0.014910 0.003454 0.000410 hargrave 2023-09-05 19:28:36 
AF 480 312.8  53.2 355.3  18.7 1.84E-06 002.4 173.4  24.5 0.017065 0.002828 0.000499 hargrave 2023-09-05 19:29:56 
AF 500 299.9  45.3 344.1  23.5 1.48E-06 002.8 163.3  17.9 0.013724 0.003341 0.000257 hargrave 2023-09-05 19:31:17 
AF 520 313.0  53.1 355.3  18.6 1.51E-06 002.5 173.6  24.4 0.013970 0.002556 0.000326 hargrave 2023-09-05 19:32:37 
AF 540 285.2  76.7 018.8  33.4 1.55E-06 003.1 167.5  49.7 0.010241 0.002083 0.000548 hargrave 2023-09-05 19:33:58 
AF 560 336.8  62.1 010.2  12.8 1.57E-06 003.3 187.8  33.5 0.013662 0.003094 0.000574 hargrave 2023-09-05 19:35:18 
AF 580 299.7  69.1 009.9  29.3 1.57E-06 003.1 169.3  41.1 0.011747 0.002204 0.000356 hargrave 2023-09-05 19:36:39 
AF 600 326.6  55.2 001.3  12.7 1.60E-06 002.7 182.4  26.2 0.014653 0.002521 0.000386 hargrave 2023-09-05 19:37:59 
AF 650 321.1  47.5 352.8  11.4 1.22E-06 002.1 178.8  18.5 0.012323 0.002040 0.000207 hargrave 2023-09-05 19:39:19 
AF 700 322.8  18.0 329.1 -06.3 7.75E-07 001.6 180.0 -11.0 0.008064 0.001599 0.001032 hargrave 2023-09-05 19:40:40 
AF 750 300.6  64.2 004.5  28.2 7.99E-07 003.1 168.2  36.3 0.006500 0.001298 0.000240 hargrave 2023-09-05 19:42:00 
AF 800 332.6  46.1 356.4  04.2 6.30E-07 002.5 187.1  17.4 0.005809 0.000827 0.000916 hargrave 2023-09-05 19:43:22 
AF 850 277.6  29.6 320.7  35.6 1.05E-06 004.5 141.5  07.8 0.007586 0.005122 0.000472 hargrave 2023-09-05 19:44:42 
AF 900 258.3  39.4 330.8  52.8 9.78E-07 004.3 130.6  23.2 0.005479 0.005064 0.000722 hargrave 2023-09-05 19:46:03 
AF 950 282.2 -18.0 277.3  08.7 1.01E-06 003.6 127.8 -38.4 0.004292 0.005129 0.000843 hargrave 2023-09-05 19:47:24 
AF1000 266.2  27.0 313.6  44.4 8.90E-07 004.7 131.1  09.1 0.005152 0.005340 0.001216 hargrave 2023-09-05 19:48:45 
