MF7- 5a sun compass orientation
    9.3 205.3  42.0 304.0  60.0   1.0
NRM    184.8  20.7 136.6  62.2 1.16E-05 000.9 089.6  28.8 0.013695 0.039057 0.014647 hargrave 2023-09-06 21:40:27 
AF  10 185.0  19.6 139.0  61.8 1.11E-05 000.9 088.8  27.9 0.013715 0.038622 0.015471 hargrave 2023-09-06 21:41:47 
AF  20 183.6  18.1 140.3  59.9 1.09E-05 001.1 086.6  27.8 0.017311 0.038021 0.015713 hargrave 2023-09-06 21:43:06 
AF  30 185.1  17.4 143.0  60.8 1.06E-05 001.0 087.1  26.3 0.015265 0.037332 0.015668 hargrave 2023-09-06 21:44:26 
AF  40 187.3  15.4 148.8  61.5 1.02E-05 001.1 087.3  23.4 0.016397 0.036994 0.015922 hargrave 2023-09-06 21:45:46 
AF  50 187.0  16.2 147.2  61.7 1.01E-05 001.1 087.6  24.1 0.015971 0.036336 0.015801 hargrave 2023-09-06 21:47:06 
AF  60 185.7  21.3 136.2  63.1 8.39E-06 001.2 090.7  28.6 0.012028 0.034398 0.013406 hargrave 2023-09-06 21:48:26 
AF  70 189.0  21.2 139.6  65.8 8.80E-06 001.1 093.0  26.3 0.011648 0.034747 0.013452 hargrave 2023-09-06 21:49:46 
AF  80 197.2  18.1 158.2  70.6 8.82E-06 001.3 096.6  18.7 0.013944 0.035219 0.014564 hargrave 2023-09-06 21:51:06 
AF  90 198.0  20.7 153.2  72.8 8.19E-06 001.5 099.1  20.0 0.014314 0.033833 0.014290 hargrave 2023-09-06 21:52:26 
AF 100 198.8  26.8 133.7  76.2 7.33E-06 002.0 104.3  23.8 0.016133 0.031967 0.013931 hargrave 2023-09-06 21:53:45 
AF 110 189.9  16.3 150.5  64.1 7.26E-06 001.3 089.9  22.3 0.012333 0.032497 0.012469 hargrave 2023-09-06 21:55:05 
AF 120 186.4  26.1 126.4  65.4 6.30E-06 001.6 095.2  31.4 0.010717 0.030122 0.011222 hargrave 2023-09-06 21:56:24 
AF 130 192.1  30.4 117.1  71.1 7.62E-06 001.8 102.9  30.5 0.015709 0.031381 0.010486 hargrave 2023-09-06 21:57:44 
AF 140 188.1  23.9 132.6  66.2 7.62E-06 001.3 094.6  28.8 0.012434 0.032029 0.010812 hargrave 2023-09-06 21:59:03 
AF 150 196.5  17.4 158.4  69.6 7.39E-06 001.4 095.5  18.6 0.014095 0.032477 0.010725 hargrave 2023-09-06 22:00:23 
AF 160 191.3  06.6 167.0  58.3 7.77E-06 001.6 083.9  14.3 0.018019 0.032859 0.011041 hargrave 2023-09-06 22:01:43 
AF 170 190.1  09.1 162.1  59.4 7.11E-06 001.5 084.8  16.9 0.016304 0.033277 0.009285 hargrave 2023-09-06 22:03:03 
AF 180 184.0  10.1 153.2  55.7 6.07E-06 002.0 080.8  21.7 0.016085 0.031509 0.008509 hargrave 2023-09-06 22:04:23 
AF 190 188.1  19.0 143.1  64.1 5.61E-06 001.6 090.6  25.4 0.011541 0.029816 0.007878 hargrave 2023-09-06 22:05:44 
AF 200 196.7  20.8 150.5  71.9 6.36E-06 001.7 098.3  20.9 0.013487 0.030871 0.008547 hargrave 2023-09-06 22:07:04 
AF 220 181.5  28.7 118.4  61.8 5.27E-06 001.8 094.2  36.4 0.010082 0.026557 0.005887 hargrave 2023-09-06 22:08:24 
AF 240 192.4  14.9 156.4  65.1 5.47E-06 001.5 090.7  19.6 0.013098 0.029920 0.004868 hargrave 2023-09-06 22:09:44 
AF 260 172.8  22.1 126.1  52.4 5.22E-06 002.3 081.5  37.8 0.013382 0.027575 0.003858 hargrave 2023-09-06 22:11:04 
AF 280 164.8  13.3 133.2  41.7 5.94E-06 003.1 066.9  36.4 0.022899 0.029078 0.005370 hargrave 2023-09-06 22:12:24 
AF 300 178.4  43.7 088.1  58.7 4.44E-06 002.5 108.8  47.1 0.010442 0.021216 0.004912 hargrave 2023-09-06 22:13:44 
AF 320 177.0  08.4 148.3  49.2 5.72E-06 002.8 073.9  25.0 0.021415 0.030033 0.006750 hargrave 2023-09-06 22:15:05 
AF 340 198.5  20.0 155.9  72.8 7.38E-06 001.5 098.9  19.2 0.014781 0.032007 0.005749 hargrave 2023-09-06 22:16:28 
AF 360 170.7  08.9 142.4  44.5 5.17E-06 003.4 068.9  29.3 0.022202 0.028780 0.004050 hargrave 2023-09-06 22:17:48 
AF 380 177.2  11.4 144.6  51.1 7.00E-06 002.4 076.3  27.2 0.020294 0.033439 0.005692 hargrave 2023-09-06 22:19:08 
AF 400 177.2  39.3 096.7  58.5 6.37E-06 001.9 102.6  45.7 0.009354 0.027227 0.004282 hargrave 2023-09-06 22:20:28 
AF 420 191.8  21.3 142.3  68.3 6.83E-06 001.1 095.2  24.5 0.008084 0.032804 0.005577 hargrave 2023-09-06 22:21:48 
AF 440 170.1  30.3 112.2  52.3 3.81E-06 002.3 087.4  45.0 0.006965 0.019881 0.005687 hargrave 2023-09-06 22:23:08 
AF 460 145.5  10.1 125.7  23.6 7.40E-06 003.5 043.9  44.4 0.035358 0.028903 0.003342 hargrave 2023-09-06 22:24:28 
AF 480 158.8  12.2 130.8  36.1 1.50E-06 004.7 060.3  39.2 0.008808 0.008935 0.002641 hargrave 2023-09-06 22:25:48 
AF 500 173.0  25.9 120.2  53.8 6.51E-06 001.8 085.2  40.2 0.011484 0.026613 0.006387 hargrave 2023-09-06 22:27:09 
AF 520 214.0  39.7 033.9  80.3 5.71E-06 003.2 124.1  23.4 0.022649 0.023704 0.003141 hargrave 2023-09-06 22:28:30 
AF 540 176.9  28.3 117.7  57.7 5.44E-06 001.8 090.4  39.2 0.007825 0.026008 0.001603 hargrave 2023-09-06 22:29:50 
AF 560 198.0  23.8 143.6  74.5 6.43E-06 001.7 101.5  22.2 0.011136 0.028364 0.002795 hargrave 2023-09-06 22:31:09 
AF 580 181.8  37.6 099.4  62.3 6.60E-06 002.0 103.4  41.7 0.012677 0.026729 0.003192 hargrave 2023-09-06 22:32:29 
AF 600 164.9  22.9 121.1  45.8 5.01E-06 002.7 075.3  43.5 0.015294 0.023655 0.003455 hargrave 2023-09-06 22:33:49 
AF 650 217.3  16.4 227.2  76.0 5.43E-06 002.6 109.7  04.4 0.016417 0.026911 0.004867 hargrave 2023-09-06 22:35:09 
AF 700 176.6  22.5 127.7  55.8 5.94E-06 001.9 084.8  35.5 0.012796 0.027477 0.001524 hargrave 2023-09-06 22:36:29 
AF 750 182.5  68.5 050.4  47.3 4.06E-06 002.8 146.9  51.9 0.018204 0.009195 0.005050 hargrave 2023-09-06 22:37:48 
AF 800 115.7 -10.4 129.0 -12.3 5.53E-06 002.2 000.4  31.6 0.035567 0.009362 0.002557 hargrave 2023-09-06 22:39:09 
AF 850 191.9 -17.7 187.1  37.8 6.57E-06 003.3 068.4 -04.5 0.028345 0.032662 0.005745 hargrave 2023-09-06 22:40:29 
AF 900 205.4 -31.3 205.6  28.1 3.37E-06 004.4 067.9 -22.8 0.017485 0.022224 0.006785 hargrave 2023-09-06 22:41:50 
AF 950 238.8  23.6 293.7  67.0 7.75E-06 003.1 130.1 -02.4 0.033324 0.027493 0.009943 hargrave 2023-09-06 22:43:10 
AF1000 355.6 -47.1 263.1 -55.9 1.58E-06 004.0 292.0 -50.4 0.003479 0.009689 0.005621 hargrave 2023-09-06 22:44:31 
