MF8- 50a sun compass orientation
   92.6 163.9  48.0 304.0  60.0   1.0
NRM    357.3  72.2 023.1  15.3 6.55E-06 003.8 204.3  43.6 0.042032 0.022585 0.004774 hargrave 2023-09-22 19:07:40 
AF  10 357.5  72.7 023.4  15.7 6.27E-06 003.6 203.6  43.7 0.039850 0.020397 0.004296 hargrave 2023-09-22 19:09:00 
AF  20 000.1  73.3 024.4  15.8 5.92E-06 003.6 202.8  44.5 0.037940 0.018708 0.004003 hargrave 2023-09-22 19:10:21 
AF  30 003.7  72.9 025.2  15.0 5.51E-06 003.7 203.2  45.5 0.035522 0.017655 0.003921 hargrave 2023-09-22 19:11:44 
AF  40 003.3  72.7 025.0  14.9 5.12E-06 003.7 203.5  45.4 0.033527 0.016387 0.003513 hargrave 2023-09-22 19:13:04 
AF  50 007.6  73.7 026.6  15.2 4.80E-06 003.7 202.0  46.6 0.031648 0.014622 0.003259 hargrave 2023-09-22 19:14:24 
AF  60 011.2  71.9 026.9  13.2 4.45E-06 003.8 204.3  47.9 0.028957 0.014363 0.003046 hargrave 2023-09-22 19:15:44 
AF  70 009.5  72.3 026.5  13.7 4.15E-06 003.8 203.9  47.3 0.027424 0.013435 0.003085 hargrave 2023-09-22 19:17:07 
AF  80 005.7  74.5 026.4  16.2 3.95E-06 003.7 200.8  45.9 0.027058 0.011747 0.002452 hargrave 2023-09-22 19:18:27 
AF  90 016.8  74.0 029.2  14.6 3.79E-06 003.6 200.7  49.0 0.024949 0.010527 0.002404 hargrave 2023-09-22 19:19:47 
AF 100 015.6  73.8 028.8  14.6 3.72E-06 003.7 201.0  48.7 0.024570 0.010652 0.002258 hargrave 2023-09-22 19:21:07 
AF 110 022.3  75.0 030.9  15.2 3.48E-06 003.4 198.5  50.0 0.022167 0.008733 0.002243 hargrave 2023-09-22 19:22:28 
AF 120 024.8  74.8 031.5  15.0 3.25E-06 003.5 198.2  50.6 0.021193 0.008152 0.001728 hargrave 2023-09-22 19:23:47 
AF 130 020.2  74.9 030.3  15.3 3.26E-06 003.5 198.8  49.5 0.020692 0.009621 0.001800 hargrave 2023-09-22 19:25:14 
AF 140 018.4  72.3 029.2  12.8 3.01E-06 003.7 203.0  50.0 0.019580 0.008857 0.001762 hargrave 2023-09-22 19:26:34 
AF 150 037.6  74.3 035.0  14.4 2.94E-06 003.3 195.7  53.7 0.018002 0.006158 0.001785 hargrave 2023-09-22 19:27:54 
AF 160 027.9  74.1 032.3  14.2 2.69E-06 003.5 198.5  51.7 0.017119 0.006938 0.001957 hargrave 2023-09-22 19:29:14 
AF 170 002.9  73.0 025.0  15.2 2.47E-06 004.0 203.1  45.3 0.017437 0.008195 0.001795 hargrave 2023-09-22 19:30:34 
AF 180 016.6  76.2 029.7  16.8 2.48E-06 003.6 197.5  48.2 0.016951 0.006626 0.001647 hargrave 2023-09-22 19:31:54 
AF 190 019.9  78.8 031.1  19.1 2.57E-06 003.5 193.5  47.8 0.017705 0.005906 0.001548 hargrave 2023-09-22 19:33:14 
AF 200 013.0  81.1 030.6  21.7 2.45E-06 003.4 191.2  45.8 0.017618 0.005142 0.001153 hargrave 2023-09-22 19:34:34 
AF 220 037.9  80.3 034.7  20.3 2.61E-06 003.3 188.8  49.6 0.017774 0.004733 0.001449 hargrave 2023-09-22 19:35:55 
AF 240 044.1  74.3 036.8  14.5 2.30E-06 003.2 193.5  55.0 0.013919 0.004347 0.000904 hargrave 2023-09-22 19:37:14 
AF 260 024.1  77.2 031.7  17.4 2.13E-06 003.6 195.0  49.4 0.014657 0.005153 0.001231 hargrave 2023-09-22 19:38:34 
AF 280 033.0  78.1 033.8  18.1 2.16E-06 003.4 192.2  50.4 0.014494 0.004317 0.000952 hargrave 2023-09-22 19:39:54 
AF 300 034.8  79.1 034.2  19.1 2.42E-06 003.3 190.7  50.0 0.016238 0.004619 0.001468 hargrave 2023-09-22 19:41:14 
AF 320 038.2  80.5 034.7  20.5 2.23E-06 003.1 188.5  49.4 0.014266 0.004260 0.001473 hargrave 2023-09-22 19:42:37 
AF 340 055.0  87.5 035.0  27.7 2.06E-06 003.1 181.1  44.3 0.015087 0.002940 0.001166 hargrave 2023-09-22 19:43:57 
AF 360 059.3  84.6 036.6  25.1 2.24E-06 003.1 182.0  47.2 0.015699 0.002999 0.000888 hargrave 2023-09-22 19:45:17 
AF 380 020.3  76.2 030.6  16.6 1.93E-06 003.7 197.0  49.0 0.013400 0.005124 0.000884 hargrave 2023-09-22 19:46:36 
AF 400 053.2  75.5 038.9  16.2 2.10E-06 003.0 189.0  55.3 0.012430 0.003318 0.000506 hargrave 2023-09-22 19:48:00 
AF 420 020.5  72.8 029.9  13.2 1.61E-06 003.8 201.8  50.4 0.010521 0.005021 0.000679 hargrave 2023-09-22 19:49:20 
AF 440 032.0  61.5 033.0  01.5 1.62E-06 003.4 217.4  58.4 0.007810 0.006047 0.000481 hargrave 2023-09-22 19:50:40 
AF 460 032.9  66.5 033.6  06.5 1.53E-06 003.4 208.5  56.9 0.008230 0.004948 0.000709 hargrave 2023-09-22 19:52:00 
AF 480 333.4  51.8 001.1  07.5 9.69E-07 005.8 222.6  26.3 0.007562 0.006714 0.000719 hargrave 2023-09-22 19:53:20 
AF 500 359.3  53.7 014.3 -01.1 9.69E-07 004.7 229.2  41.0 0.005687 0.005965 0.000367 hargrave 2023-09-22 19:54:40 
AF 520 345.3  62.8 013.5  10.5 7.13E-07 004.9 215.0  37.1 0.004633 0.004275 0.000205 hargrave 2023-09-22 19:56:03 
AF 540 344.7  54.7 008.0  04.7 8.90E-07 005.5 223.9  33.5 0.006365 0.005896 0.000163 hargrave 2023-09-22 19:57:23 
AF 560 027.2  59.0 030.5 -00.9 9.08E-07 003.7 223.2  56.7 0.004487 0.004047 0.000300 hargrave 2023-09-22 19:58:43 
AF 580 358.6  54.7 014.5  00.0 8.72E-07 004.8 227.7  40.9 0.005301 0.005367 0.000550 hargrave 2023-09-22 20:00:03 
AF 600 033.8  48.3 033.9 -11.7 6.50E-07 003.3 243.5  61.4 0.001829 0.003691 0.000398 hargrave 2023-09-22 20:01:27 
AF 650 063.7  52.2 051.7 -03.8 9.13E-07 001.9 210.5  77.6 0.002032 0.002085 0.000559 hargrave 2023-09-22 20:02:47 
AF 700 015.6  57.7 024.3 -00.9 7.02E-07 004.2 225.9  50.7 0.003656 0.003857 0.000325 hargrave 2023-09-22 20:04:07 
AF 750 026.2  52.1 029.2 -07.6 1.32E-06 003.6 235.6  56.6 0.005322 0.006513 0.001033 hargrave 2023-09-22 20:05:27 
AF 800 063.8  57.0 049.7  00.6 1.14E-06 001.7 199.9  73.7 0.002687 0.002032 0.000897 hargrave 2023-09-22 20:06:51 
AF 850 045.3  50.5 041.3 -08.9 1.18E-06 002.6 236.8  68.7 0.002829 0.004451 0.001286 hargrave 2023-09-22 20:08:11 
AF 900 082.3  61.6 055.1  09.5 1.33E-06 001.9 168.4  69.8 0.004396 0.001328 0.001023 hargrave 2023-09-22 20:09:31 
AF 950 087.2  49.8 065.1  02.7 9.97E-07 001.1 134.9  77.9 0.001465 0.001307 0.000186 hargrave 2023-09-22 20:10:52 
AF1000 144.5  75.6 050.3  34.0 1.24E-06 003.0 160.6  45.2 0.007924 0.000937 0.001075 hargrave 2023-09-22 20:12:13 
