MF8- 24a sun compass orientation
   31.2 191.7  52.0 304.0  60.0   1.0
NRM    341.5  60.0 010.3  09.7 5.94E-06 004.3 207.3  19.6 0.045079 0.026239 0.002714 hargrave 2023-09-09 05:37:04 
AF  10 339.5  59.8 009.4  10.3 5.71E-06 004.2 206.7  18.7 0.042295 0.025138 0.002744 hargrave 2023-09-09 05:38:24 
AF  20 339.4  59.3 009.0  10.0 5.41E-06 004.3 207.0  18.3 0.040578 0.023883 0.002711 hargrave 2023-09-09 05:39:46 
AF  30 337.8  58.5 007.8  10.0 5.17E-06 004.4 207.0  17.2 0.040719 0.023344 0.002153 hargrave 2023-09-09 05:41:06 
AF  40 337.3  59.0 008.0  10.5 4.89E-06 004.4 206.5  17.3 0.039148 0.021996 0.002159 hargrave 2023-09-09 05:42:26 
AF  50 337.4  58.8 007.9  10.4 4.63E-06 004.5 206.6  17.2 0.036983 0.021317 0.002111 hargrave 2023-09-09 05:43:47 
AF  60 337.4  57.0 006.5  09.2 4.45E-06 004.7 207.9  15.9 0.036772 0.021090 0.002412 hargrave 2023-09-09 05:45:07 
AF  70 336.0  56.2 005.5  09.2 4.23E-06 004.7 207.9  14.8 0.034583 0.020287 0.002110 hargrave 2023-09-09 05:46:28 
AF  80 337.1  58.3 007.4  10.2 3.93E-06 004.7 206.9  16.8 0.033377 0.018161 0.002121 hargrave 2023-09-09 05:47:48 
AF  90 339.4  55.7 006.4  07.4 3.76E-06 005.0 209.7  15.7 0.032354 0.018625 0.001973 hargrave 2023-09-09 05:49:08 
AF 100 337.3  56.7 006.3  09.0 3.56E-06 004.9 208.1  15.7 0.029966 0.018351 0.001758 hargrave 2023-09-09 05:50:32 
AF 110 337.1  58.2 007.4  10.2 3.38E-06 004.8 206.9  16.7 0.028501 0.017792 0.001778 hargrave 2023-09-09 05:51:56 
AF 120 336.0  55.6 005.0  08.9 3.24E-06 005.0 208.2  14.4 0.028951 0.015979 0.001873 hargrave 2023-09-09 05:53:17 
AF 130 333.4  59.8 007.4  12.6 3.03E-06 004.7 204.3  16.7 0.027569 0.013823 0.001757 hargrave 2023-09-09 05:54:37 
AF 140 336.9  61.1 009.5  12.2 3.06E-06 004.7 204.7  18.8 0.027625 0.013732 0.002059 hargrave 2023-09-09 05:55:57 
AF 150 330.8  57.8 004.9  12.5 2.79E-06 004.7 204.5  14.3 0.026059 0.012926 0.001844 hargrave 2023-09-09 05:57:18 
AF 160 322.8  55.6 000.4  14.8 2.73E-06 004.6 202.1  09.9 0.026019 0.012310 0.002109 hargrave 2023-09-09 05:58:38 
AF 170 324.2  60.3 004.9  16.6 2.84E-06 004.3 200.2  14.3 0.026173 0.011874 0.001789 hargrave 2023-09-09 05:59:59 
AF 180 324.7  59.8 004.7  16.2 2.74E-06 004.4 200.7  14.0 0.025878 0.011749 0.001813 hargrave 2023-09-09 06:01:19 
AF 190 323.8  59.3 004.0  16.3 2.64E-06 004.4 200.6  13.3 0.025289 0.011296 0.001817 hargrave 2023-09-09 06:02:39 
AF 200 323.0  55.8 000.6  14.8 2.59E-06 004.6 202.1  10.2 0.024801 0.011648 0.001732 hargrave 2023-09-09 06:03:59 
AF 220 328.8  56.3 002.9  12.3 2.37E-06 004.9 204.6  12.4 0.022103 0.011862 0.001751 hargrave 2023-09-09 06:05:24 
AF 240 322.4  56.1 000.7  15.2 2.38E-06 004.1 201.7  10.2 0.020623 0.009509 0.001831 hargrave 2023-09-09 06:06:45 
AF 260 322.0  55.5 000.1  15.1 2.09E-06 004.6 201.8  09.6 0.020344 0.009357 0.001308 hargrave 2023-09-09 06:08:05 
AF 280 321.2  58.9 002.9  17.2 2.30E-06 004.4 199.7  12.3 0.022399 0.009838 0.001440 hargrave 2023-09-09 06:09:26 
AF 300 316.1  59.5 002.2  19.8 1.81E-06 004.0 197.0  11.6 0.018129 0.007043 0.001847 hargrave 2023-09-09 06:10:46 
AF 320 314.7  61.2 003.5  21.1 1.96E-06 003.8 195.6  12.8 0.019662 0.006984 0.001074 hargrave 2023-09-09 06:12:06 
AF 340 316.5  62.6 005.2  20.9 1.75E-06 003.9 195.8  14.4 0.017591 0.006644 0.000816 hargrave 2023-09-09 06:13:26 
AF 360 314.9  62.7 005.0  21.7 1.76E-06 003.9 195.0  14.1 0.017915 0.006574 0.001398 hargrave 2023-09-09 06:14:47 
AF 380 324.8  60.0 004.9  16.2 1.96E-06 004.5 200.7  14.2 0.019197 0.008434 0.000988 hargrave 2023-09-09 06:16:07 
AF 400 306.4  49.3 349.8  20.8 1.66E-06 003.9 195.8 -00.1 0.017388 0.006595 0.001091 hargrave 2023-09-09 06:17:31 
AF 420 307.0  57.9 358.7  23.5 1.63E-06 003.6 193.3  08.2 0.017102 0.005929 0.001610 hargrave 2023-09-09 06:18:55 
AF 440 322.0  53.9 358.7  14.3 1.41E-06 004.8 202.6  08.3 0.014588 0.006526 0.000786 hargrave 2023-09-09 06:20:15 
AF 460 313.9  54.0 356.4  18.5 1.29E-06 004.5 198.3  06.1 0.013873 0.005782 0.000624 hargrave 2023-09-09 06:21:35 
AF 480 317.3  41.9 346.5  10.7 1.30E-06 005.4 205.7 -03.8 0.013492 0.006982 0.001208 hargrave 2023-09-09 06:22:56 
AF 500 313.9  60.5 002.6  21.2 1.37E-06 004.2 195.6  12.0 0.014712 0.005586 0.000753 hargrave 2023-09-09 06:24:16 
AF 520 309.9  47.1 348.7  17.8 1.08E-06 004.4 198.7 -01.2 0.011723 0.004721 0.000934 hargrave 2023-09-09 06:25:36 
AF 540 326.4  80.2 023.9  25.9 1.36E-06 003.7 188.0  30.7 0.013010 0.003712 0.001069 hargrave 2023-09-09 06:26:57 
AF 560 322.0  74.5 017.8  24.2 1.03E-06 003.6 191.1  25.6 0.010036 0.003084 0.000857 hargrave 2023-09-09 06:28:21 
AF 580 287.8  76.0 018.0  32.9 7.48E-07 003.1 181.6  24.1 0.007820 0.001549 0.000721 hargrave 2023-09-09 06:29:41 
AF 600 336.7  55.8 005.4  08.7 8.65E-07 005.7 208.4  14.8 0.008925 0.004750 0.000777 hargrave 2023-09-09 06:31:01 
AF 650 321.8  61.2 005.1  18.1 1.18E-06 004.5 198.7  14.4 0.012155 0.005178 0.001082 hargrave 2023-09-09 06:32:21 
AF 700 063.0  70.1 043.7  12.2 1.04E-06 004.1 200.3  52.0 0.007033 0.003484 0.001168 hargrave 2023-09-09 06:33:46 
AF 750 077.2  77.8 042.9  20.8 1.35E-06 003.7 187.7  48.9 0.009837 0.003245 0.001424 hargrave 2023-09-09 06:35:07 
AF 800 081.1  70.5 048.7  15.9 8.43E-07 003.7 192.1  55.8 0.005402 0.002153 0.001442 hargrave 2023-09-09 06:36:27 
AF 850 065.0  61.9 048.1  05.2 8.26E-07 003.8 211.3  57.2 0.004666 0.002858 0.001216 hargrave 2023-09-09 06:37:48 
AF 900 024.0  54.6 028.2 -04.9 1.09E-06 005.4 225.0  36.8 0.008063 0.006554 0.001026 hargrave 2023-09-09 06:39:09 
AF 950 128.5  46.2 083.1  24.1 9.96E-07 001.6 121.2  68.6 0.001599 0.002162 0.001029 hargrave 2023-09-09 06:40:29 
AF1000 113.7  51.1 074.2  17.0 8.32E-07 001.7 151.1  74.4 0.002373 0.000257 0.000793 hargrave 2023-09-09 06:41:50 
