MF8- 7a mag compass orientation (IGRF corrected)
   1.45 151.1  35.0 304.0  60.0   1.0
NRM    338.4  69.2 016.2  17.1 9.99E-06 002.8 215.1  52.3 0.044773 0.026119 0.007278 hargrave 2023-09-07 05:23:59 
AF  10 333.9  69.1 015.0  18.3 9.42E-06 002.9 214.3  50.8 0.043424 0.024841 0.006959 hargrave 2023-09-07 05:25:20 
AF  20 329.3  69.3 014.2  19.7 8.98E-06 003.0 212.9  49.5 0.043322 0.024149 0.006644 hargrave 2023-09-07 05:26:42 
AF  30 328.0  68.9 013.5  19.8 8.33E-06 003.1 213.1  48.9 0.041474 0.023187 0.006475 hargrave 2023-09-07 05:28:03 
AF  40 327.6  67.9 012.6  19.4 7.90E-06 003.2 214.3  48.3 0.040198 0.023708 0.006788 hargrave 2023-09-07 05:29:24 
AF  50 327.5  68.0 012.6  19.5 7.36E-06 003.2 214.2  48.2 0.037607 0.022411 0.006102 hargrave 2023-09-07 05:30:45 
AF  60 328.2  69.8 014.4  20.3 6.91E-06 003.2 211.9  49.4 0.035639 0.020281 0.005642 hargrave 2023-09-07 05:32:06 
AF  70 323.4  67.8 011.6  20.8 6.45E-06 003.4 213.2  46.8 0.035743 0.020039 0.005611 hargrave 2023-09-07 05:33:27 
AF  80 323.9  66.0 010.0  19.7 6.34E-06 003.5 215.5  46.0 0.034674 0.021181 0.005867 hargrave 2023-09-07 05:34:47 
AF  90 322.3  65.1 008.9  19.8 6.04E-06 003.6 216.0  44.9 0.033944 0.020638 0.004875 hargrave 2023-09-07 05:36:08 
AF 100 328.9  64.8 010.2  17.3 5.66E-06 003.6 218.6  47.1 0.031385 0.019241 0.004839 hargrave 2023-09-07 05:37:29 
AF 110 327.4  62.1 007.4  16.3 5.36E-06 003.7 221.3  44.9 0.030236 0.019583 0.004691 hargrave 2023-09-07 05:38:50 
AF 120 320.7  57.1 001.1  16.5 5.16E-06 004.0 223.6  39.2 0.030103 0.021644 0.004980 hargrave 2023-09-07 05:40:11 
AF 130 318.2  57.7 000.9  18.0 5.34E-06 004.0 221.8  38.6 0.031527 0.021906 0.004285 hargrave 2023-09-07 05:41:32 
AF 140 318.0  57.2 000.5  17.9 5.04E-06 004.1 222.1  38.2 0.030988 0.020771 0.004770 hargrave 2023-09-07 05:42:53 
AF 150 312.3  51.7 353.8  18.3 4.72E-06 004.4 223.7  31.9 0.030900 0.021205 0.004610 hargrave 2023-09-07 05:44:14 
AF 160 313.6  54.5 356.7  18.9 4.42E-06 004.3 222.2  34.5 0.028122 0.019693 0.003757 hargrave 2023-09-07 05:45:34 
AF 170 312.2  54.0 356.0  19.4 4.18E-06 004.5 221.9  33.6 0.027452 0.019337 0.003958 hargrave 2023-09-07 05:46:55 
AF 180 323.1  56.0 000.9  14.9 4.14E-06 004.3 225.7  39.4 0.025253 0.018316 0.003492 hargrave 2023-09-07 05:48:16 
AF 190 310.4  55.6 357.0  21.0 3.96E-06 004.5 219.7  34.1 0.026939 0.018078 0.004130 hargrave 2023-09-07 05:49:37 
AF 200 313.1  54.0 356.2  18.9 4.40E-06 004.4 222.4  34.0 0.028464 0.020088 0.003331 hargrave 2023-09-07 05:50:57 
AF 220 321.7  44.2 350.2  09.2 3.31E-06 004.6 235.0  30.2 0.019453 0.019476 0.003366 hargrave 2023-09-07 05:52:18 
AF 240 318.7  55.4 359.0  16.7 3.61E-06 004.4 224.1  37.2 0.023230 0.017009 0.002516 hargrave 2023-09-07 05:53:39 
AF 260 324.8  54.2 359.9  13.0 2.76E-06 004.5 228.3  38.9 0.016849 0.014187 0.002613 hargrave 2023-09-07 05:55:00 
AF 280 310.6  54.8 356.3  20.6 2.21E-06 005.0 220.4  33.6 0.016484 0.011155 0.002598 hargrave 2023-09-07 05:56:21 
AF 300 308.1  39.2 340.6  15.5 2.00E-06 005.5 229.5  20.1 0.014678 0.013002 0.002635 hargrave 2023-09-07 05:57:41 
AF 320 310.3  33.7 336.5  11.4 1.91E-06 005.5 234.2  16.6 0.013313 0.013281 0.003281 hargrave 2023-09-07 05:59:01 
AF 340 310.9  37.9 340.5  13.1 2.31E-06 005.3 232.1  20.3 0.016061 0.014906 0.002961 hargrave 2023-09-07 06:00:22 
AF 360 324.4  41.4 349.0  05.9 1.88E-06 004.9 238.8  29.5 0.010948 0.012869 0.003033 hargrave 2023-09-07 06:01:42 
AF 380 338.0  47.5 359.9  02.4 3.16E-06 003.9 242.0  40.6 0.014599 0.017539 0.002822 hargrave 2023-09-07 06:03:02 
AF 400 313.6  34.9 338.9  09.7 2.61E-06 005.2 235.9  19.1 0.017729 0.016741 0.002686 hargrave 2023-09-07 06:04:23 
AF 420 347.0  44.2 002.3 -04.3 2.94E-06 003.4 250.9  43.1 0.010748 0.017471 0.003296 hargrave 2023-09-07 06:05:44 
AF 440 328.4  47.0 355.3  07.0 2.13E-06 004.6 236.8  35.5 0.012353 0.013416 0.002461 hargrave 2023-09-07 06:07:04 
AF 460 334.0  36.2 349.6 -03.1 2.77E-06 003.9 249.2  30.5 0.012176 0.018902 0.003511 hargrave 2023-09-07 06:08:25 
AF 480 320.6  44.3 349.9  09.9 2.02E-06 005.1 234.3  29.8 0.013179 0.013666 0.003971 hargrave 2023-09-07 06:09:46 
AF 500 324.3  56.3 001.5  14.4 1.58E-06 004.9 226.0  40.1 0.010516 0.009297 0.003188 hargrave 2023-09-07 06:11:06 
AF 520 284.0  39.1 333.6  33.1 1.93E-06 005.4 212.5  11.0 0.017708 0.010537 0.003498 hargrave 2023-09-07 06:12:26 
AF 540 284.4  65.9 005.9  35.1 1.58E-06 004.1 200.1  35.2 0.013812 0.005312 0.002671 hargrave 2023-09-07 06:13:46 
AF 560 267.0  62.1 003.0  43.3 9.92E-07 003.8 193.5  28.8 0.010355 0.003350 0.001935 hargrave 2023-09-07 06:15:07 
AF 580 257.3  21.4 302.0  50.3 7.66E-07 004.3 195.5 -12.3 0.009223 0.003092 0.001718 hargrave 2023-09-07 06:16:28 
AF 600 265.9  34.2 323.5  46.3 1.14E-06 004.5 200.3  01.7 0.012691 0.004635 0.002574 hargrave 2023-09-07 06:17:48 
AF 650 172.8  46.2 085.3  54.3 7.19E-07 005.5 134.2  26.4 0.005972 0.003326 0.002710 hargrave 2023-09-07 06:19:09 
AF 700 354.4  36.6 002.2 -13.7 9.34E-07 003.6 263.6  42.1 0.003445 0.006957 0.002297 hargrave 2023-09-07 06:20:30 
AF 750 197.3 -16.4 192.6  40.9 5.41E-07 003.9 121.4 -38.9 0.002899 0.003029 0.002375 hargrave 2023-09-07 06:21:52 
AF 800 339.9 -06.3 317.6 -34.0 9.26E-07 002.7 280.8 -00.2 0.002785 0.009421 0.002374 hargrave 2023-09-07 06:23:13 
AF 850 358.0  18.0 353.4 -30.8 1.97E-06 002.4 281.7  30.0 0.003143 0.014441 0.002051 hargrave 2023-09-07 06:24:34 
AF 900 315.6  05.0 314.2 -07.4 1.03E-06 005.4 254.4 -04.6 0.006882 0.010292 0.004305 hargrave 2023-09-07 06:25:55 
AF 950 010.7  01.3 354.5 -51.6 9.82E-07 005.0 303.5  22.6 0.005363 0.008326 0.000894 hargrave 2023-09-07 06:27:16 
AF1000 325.4  27.9 338.6 -02.6 1.57E-06 004.6 248.9  19.5 0.009208 0.013706 0.002957 hargrave 2023-09-07 06:28:37 
