MF8- 30a mag compass orientation (IGRF corrected)
   51.5 167.1  45.0 304.0  60.0   1.0
NRM    352.2  70.4 020.6  14.7 9.63E-06 003.5 207.4  43.4 0.059057 0.030235 0.005368 hargrave 2023-09-10 20:06:34 
AF  10 349.1  70.8 020.1  15.7 9.32E-06 003.5 206.5  42.5 0.057774 0.028233 0.005413 hargrave 2023-09-10 20:07:54 
AF  20 347.3  70.7 019.5  16.0 8.91E-06 003.5 206.3  41.9 0.056242 0.027473 0.004936 hargrave 2023-09-10 20:09:14 
AF  30 346.0  70.4 019.0  16.0 8.67E-06 003.5 206.6  41.4 0.051553 0.031327 0.005182 hargrave 2023-09-10 20:10:38 
AF  40 344.7  71.7 019.5  17.3 8.20E-06 003.6 204.8  41.4 0.053212 0.024403 0.005065 hargrave 2023-09-10 20:11:58 
AF  50 346.3  71.4 019.7  16.7 7.98E-06 003.6 205.4  41.8 0.051777 0.023799 0.004778 hargrave 2023-09-10 20:13:18 
AF  60 348.9  71.4 020.4  16.2 7.30E-06 003.6 205.7  42.6 0.048595 0.021429 0.005267 hargrave 2023-09-10 20:14:38 
AF  70 347.2  71.7 020.2  16.8 6.99E-06 003.7 205.1  42.2 0.047301 0.021007 0.005103 hargrave 2023-09-10 20:15:58 
AF  80 346.9  71.9 020.2  17.0 6.47E-06 003.7 204.8  42.2 0.044841 0.018821 0.005164 hargrave 2023-09-10 20:17:18 
AF  90 348.2  71.6 020.4  16.5 6.45E-06 003.7 205.3  42.5 0.044818 0.019170 0.005056 hargrave 2023-09-10 20:18:38 
AF 100 344.9  71.7 019.6  17.3 5.79E-06 003.8 204.7  41.5 0.041427 0.017542 0.005316 hargrave 2023-09-10 20:19:59 
AF 110 340.8  72.1 019.0  18.4 5.72E-06 003.8 203.7  40.5 0.042066 0.017162 0.005426 hargrave 2023-09-10 20:21:19 
AF 120 339.1  70.3 017.2  17.7 4.89E-06 003.9 205.5  39.2 0.035826 0.015718 0.005333 hargrave 2023-09-10 20:22:47 
AF 130 338.1  71.1 017.6  18.4 5.00E-06 003.9 204.4  39.3 0.037978 0.015444 0.005489 hargrave 2023-09-10 20:24:07 
AF 140 350.4  69.4 019.5  14.3 4.61E-06 004.0 208.5  42.5 0.033928 0.014292 0.005108 hargrave 2023-09-10 20:25:28 
AF 150 347.5  72.0 020.5  16.9 4.90E-06 003.9 204.7  42.4 0.036236 0.014419 0.005358 hargrave 2023-09-10 20:26:48 
AF 160 343.3  74.6 021.4  19.6 4.18E-06 003.7 201.0  42.0 0.031740 0.010783 0.005491 hargrave 2023-09-10 20:28:09 
AF 170 345.6  70.6 019.0  16.3 4.31E-06 003.9 206.2  41.4 0.032674 0.012881 0.005975 hargrave 2023-09-10 20:29:29 
AF 180 344.0  72.9 020.3  18.3 3.80E-06 003.8 203.1  41.7 0.028841 0.010105 0.005063 hargrave 2023-09-10 20:30:50 
AF 190 334.2  72.3 017.8  20.1 3.60E-06 003.9 202.3  38.7 0.029123 0.009816 0.005145 hargrave 2023-09-10 20:32:11 
AF 200 326.1  71.1 015.2  21.6 3.72E-06 003.9 201.9  36.0 0.031161 0.010600 0.005593 hargrave 2023-09-10 20:33:31 
AF 220 324.9  70.8 014.7  21.8 3.26E-06 003.9 201.9  35.5 0.027717 0.008916 0.004963 hargrave 2023-09-10 20:34:51 
AF 240 296.9  69.5 010.3  30.4 2.83E-06 003.3 194.7  28.2 0.026361 0.006519 0.005062 hargrave 2023-09-10 20:36:12 
AF 260 294.3  70.6 011.4  31.3 2.42E-06 003.2 193.3  28.7 0.022225 0.005445 0.005102 hargrave 2023-09-10 20:37:33 
AF 280 292.8  52.3 350.2  29.9 1.79E-06 004.0 201.4  12.0 0.018914 0.005642 0.004046 hargrave 2023-09-10 20:38:53 
AF 300 281.0  50.8 347.3  37.0 1.97E-06 003.3 195.0  08.1 0.020802 0.005599 0.004177 hargrave 2023-09-10 20:40:14 
AF 320 283.3  62.9 002.4  35.8 1.80E-06 002.9 192.3  19.9 0.018404 0.004019 0.004007 hargrave 2023-09-10 20:41:34 
AF 340 264.2  47.6 343.3  48.0 2.07E-06 001.7 184.8  02.8 0.021518 0.003968 0.002367 hargrave 2023-09-10 20:42:54 
AF 360 206.5  67.0 038.8  52.7 1.34E-06 003.0 159.9  28.4 0.011566 0.002385 0.001910 hargrave 2023-09-10 20:44:14 
AF 380 204.1  66.8 040.4  52.7 1.66E-06 002.9 159.0  28.9 0.013135 0.003376 0.001809 hargrave 2023-09-10 20:45:34 
AF 400 266.6  58.0 357.7  44.6 1.76E-06 002.2 185.2  13.3 0.018228 0.002908 0.004249 hargrave 2023-09-10 20:46:54 
AF 420 254.4  70.0 016.0  44.1 1.98E-06 002.5 179.0  25.0 0.018537 0.003493 0.004617 hargrave 2023-09-10 20:48:14 
AF 440 198.9  67.5 043.2  51.4 2.00E-06 003.0 157.8  30.7 0.015174 0.004049 0.001234 hargrave 2023-09-10 20:49:35 
AF 460 275.8  44.5 338.9  39.9 1.76E-06 003.1 193.2  01.0 0.018187 0.005000 0.002042 hargrave 2023-09-10 20:50:55 
AF 480 282.0  40.0 334.1  34.8 1.57E-06 004.1 198.8 -02.1 0.016840 0.004277 0.005871 hargrave 2023-09-10 20:52:16 
AF 500 274.9  33.4 324.5  38.8 1.99E-06 003.7 195.0 -10.0 0.020463 0.005957 0.005715 hargrave 2023-09-10 20:53:36 
AF 520 278.3  39.6 333.0  37.4 1.66E-06 004.1 196.2 -03.3 0.017559 0.004455 0.007814 hargrave 2023-09-10 20:54:56 
AF 540 221.6  73.4 030.9  46.4 1.64E-06 002.9 168.9  30.9 0.013945 0.002939 0.003992 hargrave 2023-09-10 20:56:16 
AF 560 290.1  82.5 025.5  31.5 2.08E-06 003.2 185.2  38.6 0.017129 0.003310 0.003516 hargrave 2023-09-10 20:57:36 
AF 580 306.6  41.7 342.4  17.7 1.68E-06 005.6 214.9  07.3 0.016208 0.007615 0.005651 hargrave 2023-09-10 20:58:56 
AF 600 266.0  52.1 349.5  46.2 1.37E-06 002.3 185.5  07.4 0.014623 0.002928 0.003181 hargrave 2023-09-10 21:00:16 
AF 650 165.3  80.9 042.4  35.7 1.82E-06 002.8 167.2  44.6 0.013009 0.003043 0.003194 hargrave 2023-09-10 21:01:36 
AF 700 113.0  69.6 056.0  24.3 1.61E-06 002.3 156.2  59.6 0.007403 0.002158 0.001463 hargrave 2023-09-10 21:02:56 
AF 750 199.2  58.3 049.5  59.9 2.09E-06 003.4 150.9  23.9 0.015782 0.006399 0.001488 hargrave 2023-09-10 21:04:16 
AF 800 180.3  43.3 088.3  60.1 1.79E-06 004.2 130.3  21.5 0.010563 0.009009 0.002116 hargrave 2023-09-10 21:05:37 
AF 850 205.8  48.0 050.9  70.9 1.77E-06 004.8 147.6  13.3 0.013741 0.007852 0.007268 hargrave 2023-09-10 21:06:57 
AF 900 218.3  62.5 030.3  57.4 1.22E-06 005.5 161.8  21.9 0.010738 0.004464 0.009621 hargrave 2023-09-10 21:08:18 
AF 950 117.5  52.3 074.1  19.6 1.45E-06 002.4 120.2  62.7 0.004078 0.005280 0.004740 hargrave 2023-09-10 21:09:39 
AF1000 141.4  65.7 062.3  34.2 8.34E-07 006.1 144.5  50.4 0.004749 0.004435 0.008249 hargrave 2023-09-10 21:11:00 
