MF8- 75b sun compass orientation
  20.01 113.2  63.0 304.0  60.0   1.0
NRM    349.6  67.1 017.8  12.7 6.07E-06 002.4 197.8  45.0 0.025221 0.011547 0.006812 hargrave 2024-04-12 19:18:05 
TT  55 342.9  66.3 015.2  13.9 5.81E-06 002.3 201.0  43.5 0.024245 0.011061 0.005118 hargrave 2024-04-15 10:10:49 
TT 100 004.5  69.3 023.8  11.6 3.85E-06 002.2 189.4  46.3 0.015437 0.006938 0.003344 hargrave 2024-04-15 12:36:54 
TT 125 003.5  70.3 023.9  12.7 3.08E-06 002.4 189.3  45.2 0.013722 0.006425 0.002566 hargrave 2024-04-15 15:20:11 
TT 150 017.2  67.4 027.5  08.2 2.08E-06 002.4 183.6  49.5 0.009467 0.005035 0.002097 hargrave 2024-04-15 18:40:05 
TT 200 020.2  62.5 027.7  03.2 1.82E-06 002.0 182.4  54.4 0.006896 0.003984 0.002345 hargrave 2024-04-16 10:11:17 
TT 250 020.6  56.4 026.6 -02.8 1.40E-06 003.3 182.9  60.5 0.007546 0.004847 0.002188 hargrave 2024-04-16 12:28:19 
TT 300 222.5  67.0 028.5  52.6 4.96E-07 002.3 187.5  05.1 0.001421 0.001804 0.000646 hargrave 2024-04-16 15:27:08 
TT 325 256.5  16.1 294.1  48.7 5.55E-07 002.6 236.6 -22.7 0.001678 0.002135 0.000575 hargrave 2024-04-16 18:31:23 
TT 350 155.8 -06.4 147.0  23.5 5.97E-07 003.2 105.8 -40.5 0.001735 0.003322 0.000869 hargrave 2024-04-17 10:55:09 
TT 375 042.0 -04.1 051.8 -63.1 3.61E-07 003.9 033.1  54.0 0.001981 0.001303 0.001935 hargrave 2024-04-17 14:05:24 
