MF8- 57a sun compass orientation
    109 275.5  29.0 304.0  60.0   1.0
NRM    297.1  67.5 008.0  30.1 9.24E-06 001.7 148.1  47.7 0.029509 0.007522 0.007225 hargrave 2023-09-25 22:01:08 
AF  10 299.7  67.8 008.4  29.2 8.78E-06 001.6 149.4  47.3 0.023997 0.009571 0.006832 hargrave 2023-09-25 22:02:29 
AF  20 298.8  67.3 007.8  29.4 8.28E-06 001.6 148.6  47.1 0.024006 0.006493 0.006544 hargrave 2023-09-25 22:03:50 
AF  30 301.3  67.2 007.9  28.5 7.71E-06 001.7 149.6  46.4 0.021949 0.008705 0.006274 hargrave 2023-09-25 22:05:11 
AF  40 301.4  66.4 007.0  28.3 7.38E-06 001.7 148.9  45.8 0.021780 0.008648 0.006048 hargrave 2023-09-25 22:06:32 
AF  50 300.1  66.0 006.5  28.7 6.91E-06 001.8 148.0  45.8 0.020483 0.008528 0.005796 hargrave 2023-09-25 22:07:53 
AF  60 300.1  66.4 006.9  28.8 6.55E-06 001.7 148.3  46.1 0.019091 0.008080 0.005121 hargrave 2023-09-25 22:09:14 
AF  70 299.8  67.7 008.3  29.1 6.14E-06 001.8 149.4  47.2 0.018510 0.007066 0.005125 hargrave 2023-09-25 22:10:35 
AF  80 298.2  67.8 008.4  29.7 5.78E-06 001.8 148.9  47.7 0.017325 0.006786 0.004462 hargrave 2023-09-25 22:11:56 
AF  90 293.6  66.5 006.7  31.4 5.58E-06 001.8 145.6  47.9 0.016344 0.007359 0.004510 hargrave 2023-09-25 22:13:17 
AF 100 293.0  66.1 006.2  31.6 5.30E-06 001.8 144.9  47.8 0.015312 0.007281 0.004181 hargrave 2023-09-25 22:14:37 
AF 110 293.6  67.2 007.5  31.4 5.08E-06 001.8 146.3  48.4 0.015028 0.006501 0.003711 hargrave 2023-09-25 22:15:58 
AF 120 288.4  66.1 006.1  33.5 4.58E-06 001.8 142.9  49.1 0.012824 0.006706 0.004408 hargrave 2023-09-25 22:17:20 
AF 130 287.0  67.7 008.1  34.0 4.51E-06 001.8 144.2  50.6 0.012586 0.006227 0.003979 hargrave 2023-09-25 22:18:40 
AF 140 290.2  71.7 012.7  32.7 4.38E-06 001.7 150.2  52.3 0.012707 0.004585 0.004014 hargrave 2023-09-25 22:20:01 
AF 150 285.8  76.9 019.1  33.3 4.40E-06 001.7 156.3  56.3 0.012670 0.003381 0.004091 hargrave 2023-09-25 22:21:22 
AF 160 300.5  72.1 013.3  29.5 4.07E-06 001.8 154.1  50.3 0.013420 0.003650 0.002520 hargrave 2023-09-25 22:22:43 
AF 170 296.4  73.5 014.9  30.8 3.74E-06 001.7 154.4  52.2 0.011912 0.003138 0.002675 hargrave 2023-09-25 22:24:04 
AF 180 298.5  74.4 016.0  30.3 3.85E-06 001.8 156.2  52.3 0.012515 0.003238 0.002826 hargrave 2023-09-25 22:25:25 
AF 190 300.3  72.8 014.1  29.6 3.76E-06 001.8 154.8  50.8 0.012160 0.003510 0.002778 hargrave 2023-09-25 22:26:46 
AF 200 314.3  74.3 016.8  26.1 3.25E-06 001.8 161.1  49.5 0.011405 0.002193 0.003041 hargrave 2023-09-25 22:28:07 
AF 220 294.9  76.4 018.3  31.2 3.09E-06 001.8 157.7  54.3 0.009905 0.002567 0.002546 hargrave 2023-09-25 22:29:29 
AF 240 293.2  73.9 015.3  31.7 3.11E-06 001.8 153.9  53.0 0.009578 0.002947 0.003166 hargrave 2023-09-25 22:30:49 
AF 260 301.1  82.2 025.0  30.1 2.88E-06 001.7 167.1  57.0 0.009159 0.000926 0.002387 hargrave 2023-09-25 22:32:10 
AF 280 312.3  67.7 009.6  24.5 2.86E-06 001.9 154.9  44.3 0.010424 0.002995 0.002661 hargrave 2023-09-25 22:33:31 
AF 300 311.7  67.7 009.6  24.7 2.68E-06 001.9 154.6  44.5 0.009759 0.002582 0.002875 hargrave 2023-09-25 22:34:52 
AF 320 323.4  67.1 010.9  20.4 2.64E-06 002.0 159.5  41.7 0.010568 0.002180 0.003687 hargrave 2023-09-25 22:36:13 
AF 340 310.1  62.8 004.2  23.8 3.07E-06 002.0 150.2  40.7 0.011190 0.004106 0.002859 hargrave 2023-09-25 22:37:34 
AF 360 305.1  64.5 005.2  26.4 2.70E-06 002.0 149.0  43.3 0.009582 0.003611 0.002553 hargrave 2023-09-25 22:38:55 
AF 380 268.4  74.8 018.4  37.9 2.42E-06 001.5 149.5  59.3 0.005927 0.002599 0.001689 hargrave 2023-09-25 22:40:15 
AF 400 302.3  65.6 006.2  27.8 2.20E-06 002.0 148.6  44.9 0.007712 0.002672 0.001245 hargrave 2023-09-25 22:41:36 
AF 420 301.5  65.2 005.7  28.0 2.34E-06 002.1 147.9  44.8 0.007386 0.004801 0.001187 hargrave 2023-09-25 22:42:58 
AF 440 313.7  63.4 005.5  22.4 2.03E-06 002.2 152.5  40.4 0.008233 0.002404 0.002358 hargrave 2023-09-25 22:44:19 
AF 460 301.6  86.0 029.4  30.1 2.14E-06 001.9 173.0  59.1 0.007110 0.001785 0.002250 hargrave 2023-09-25 22:45:39 
AF 480 193.3  70.2 044.3  48.1 2.05E-06 001.0 164.2  80.3 0.002533 0.002419 0.001801 hargrave 2023-09-25 22:47:00 
AF 500 261.5  85.4 029.9  33.1 2.13E-06 001.7 170.4  61.8 0.006359 0.001464 0.001872 hargrave 2023-09-25 22:48:21 
AF 520 304.2  72.1 013.6  28.3 1.72E-06 002.0 155.5  49.6 0.005913 0.001945 0.002555 hargrave 2023-09-25 22:49:42 
AF 540 059.7  85.4 036.2  25.8 1.76E-06 001.9 187.1  58.1 0.005885 0.001154 0.002013 hargrave 2023-09-25 22:51:03 
AF 560 124.2  58.1 069.7  25.2 2.07E-06 001.9 247.8  60.0 0.004335 0.004718 0.003229 hargrave 2023-09-25 22:52:24 
AF 580 184.9  71.2 047.0  45.8 1.56E-06 001.2 181.0  79.8 0.001983 0.002632 0.001241 hargrave 2023-09-25 22:53:44 
AF 600 299.9  73.5 014.9  29.8 1.45E-06 002.1 155.5  51.4 0.004940 0.001726 0.002790 hargrave 2023-09-25 22:55:05 
AF 650 205.5  80.3 035.8  39.6 1.69E-06 001.7 170.4  69.8 0.004416 0.002413 0.001905 hargrave 2023-09-25 22:56:27 
AF 700 258.3  84.0 029.0  34.2 1.89E-06 001.8 167.7  62.2 0.005864 0.002239 0.001287 hargrave 2023-09-25 22:57:47 
AF 750 296.7  74.7 016.3  30.8 1.83E-06 001.9 156.0  52.9 0.005455 0.002292 0.003194 hargrave 2023-09-25 22:59:08 
AF 800 174.8  78.7 043.1  38.4 2.20E-06 001.6 186.8  72.0 0.004716 0.003027 0.004143 hargrave 2023-09-25 23:00:29 
AF 850 199.8  75.1 039.1  44.3 2.30E-06 001.3 165.9  75.0 0.004056 0.003002 0.003225 hargrave 2023-09-25 23:01:50 
AF 900 174.5  63.9 058.8  48.0 1.41E-06 000.9 235.9  84.2 0.000921 0.001812 0.002452 hargrave 2023-09-25 23:03:11 
AF 950 220.0  69.4 030.7  50.4 1.84E-06 001.4 135.2  73.6 0.003299 0.003339 0.001730 hargrave 2023-09-25 23:04:33 
AF1000 172.9  56.5 069.2  51.0 1.82E-06 001.3 298.8  82.1 0.002081 0.003149 0.002899 hargrave 2023-09-25 23:05:54 
