MF8- 65a sun compass orientation
  129.2 185.8  31.0 304.0  60.0   1.0
NRM    261.7  64.6 007.6  44.6 8.44E-06 001.3 172.7  34.1 0.028461 0.009088 0.005932 hargrave 2023-09-26 23:17:16 
AF  10 274.6  62.4 002.3  39.8 8.06E-06 001.4 179.3  31.4 0.028860 0.011351 0.006461 hargrave 2023-09-26 23:18:36 
AF  20 274.4  60.0 359.2  40.3 7.62E-06 001.4 179.2  29.0 0.027784 0.010461 0.006631 hargrave 2023-09-26 23:19:57 
AF  30 274.2  58.2 356.9  40.7 7.20E-06 001.4 179.0  27.2 0.027234 0.010602 0.006447 hargrave 2023-09-26 23:21:18 
AF  40 274.0  57.3 355.7  40.9 6.90E-06 001.4 178.9  26.3 0.026553 0.010137 0.006492 hargrave 2023-09-26 23:22:39 
AF  50 271.0  57.1 355.8  42.5 6.61E-06 001.3 177.1  26.1 0.025436 0.009358 0.006138 hargrave 2023-09-26 23:24:00 
AF  60 266.7  56.7 356.0  44.9 6.39E-06 001.3 174.5  26.0 0.024456 0.009176 0.005809 hargrave 2023-09-26 23:25:21 
AF  70 267.2  56.0 354.9  44.8 5.78E-06 001.3 174.7  25.2 0.022675 0.008311 0.005555 hargrave 2023-09-26 23:26:41 
AF  80 264.8  55.0 353.9  46.4 5.45E-06 001.3 173.1  24.3 0.021621 0.007694 0.005343 hargrave 2023-09-26 23:28:02 
AF  90 263.9  55.3 354.5  46.8 5.16E-06 001.2 172.6  24.7 0.020405 0.006911 0.004467 hargrave 2023-09-26 23:29:23 
AF 100 266.3  56.0 355.0  45.3 5.00E-06 001.3 174.2  25.3 0.019361 0.006444 0.004409 hargrave 2023-09-26 23:30:44 
AF 110 265.1  55.3 354.3  46.1 4.71E-06 001.3 173.3  24.6 0.019223 0.006307 0.004220 hargrave 2023-09-26 23:32:05 
AF 120 264.9  53.6 351.9  46.6 4.26E-06 001.2 173.0  22.9 0.017926 0.005585 0.004103 hargrave 2023-09-26 23:33:26 
AF 130 269.8  51.8 348.7  43.9 4.16E-06 001.3 176.1  20.9 0.018108 0.006121 0.003953 hargrave 2023-09-26 23:34:46 
AF 140 264.8  52.1 349.7  47.0 3.79E-06 001.2 172.7  21.4 0.016162 0.004980 0.004221 hargrave 2023-09-26 23:36:07 
AF 150 266.0  53.9 352.1  45.9 3.71E-06 001.3 173.8  23.2 0.015969 0.005024 0.003430 hargrave 2023-09-26 23:37:28 
AF 160 261.5  52.0 350.3  48.9 3.43E-06 001.2 170.6  21.6 0.014691 0.004852 0.003413 hargrave 2023-09-26 23:38:49 
AF 170 256.5  43.6 338.1  53.9 3.06E-06 001.0 165.7  13.9 0.013193 0.003984 0.003461 hargrave 2023-09-26 23:40:09 
AF 180 256.7  51.0 350.0  52.1 3.20E-06 001.2 167.2  21.1 0.013390 0.004105 0.003074 hargrave 2023-09-26 23:41:30 
AF 190 253.2  48.4 346.9  55.1 3.26E-06 001.2 164.3  19.0 0.013402 0.004478 0.003279 hargrave 2023-09-26 23:42:51 
AF 200 259.0  41.5 334.3  52.2 2.89E-06 000.9 167.3  11.5 0.012782 0.003746 0.002426 hargrave 2023-09-26 23:44:12 
AF 220 243.9  39.9 334.3  63.7 2.47E-06 001.4 155.5  12.4 0.009194 0.003716 0.002943 hargrave 2023-09-26 23:45:33 
AF 240 250.0  39.5 331.8  59.2 2.59E-06 001.1 160.0  10.8 0.010844 0.003168 0.002869 hargrave 2023-09-26 23:46:53 
AF 260 245.0  27.5 306.4  62.8 2.11E-06 001.4 153.0  00.2 0.008868 0.002649 0.002597 hargrave 2023-09-26 23:48:14 
AF 280 237.3  27.1 301.7  69.4 1.95E-06 001.6 146.3  01.9 0.007414 0.002685 0.002439 hargrave 2023-09-26 23:49:35 
AF 300 247.4  22.5 297.9  59.2 1.80E-06 001.5 153.8 -05.2 0.007419 0.002453 0.002904 hargrave 2023-09-26 23:50:56 
AF 320 230.2  10.4 255.0  65.3 1.70E-06 001.9 134.2 -11.5 0.004893 0.003427 0.002257 hargrave 2023-09-26 23:52:17 
AF 340 227.4  26.3 289.8  77.6 1.79E-06 001.9 137.8  04.2 0.005709 0.003195 0.002037 hargrave 2023-09-26 23:53:38 
AF 360 222.9  37.7 352.7  79.3 1.42E-06 002.4 138.9  16.2 0.004528 0.004400 0.001972 hargrave 2023-09-26 23:55:00 
AF 380 235.8  05.7 258.5  58.2 1.48E-06 002.0 137.7 -17.9 0.004693 0.002386 0.002401 hargrave 2023-09-26 23:56:21 
AF 400 242.1  15.3 280.6  60.3 1.63E-06 001.7 147.0 -10.8 0.005830 0.001900 0.002714 hargrave 2023-09-26 23:57:42 
AF 420 228.5  13.3 255.9  68.6 1.94E-06 002.1 133.7 -08.2 0.005638 0.004418 0.002730 hargrave 2023-09-26 23:59:03 
AF 440 235.0 -00.7 250.9  53.3 1.88E-06 001.9 134.5 -23.6 0.005276 0.002911 0.002611 hargrave 2023-09-27 00:00:23 
AF 460 237.4 -04.8 250.8  48.6 1.76E-06 001.7 135.4 -28.2 0.004619 0.002314 0.002431 hargrave 2023-09-27 00:01:44 
AF 480 239.6  17.4 281.4  63.5 1.70E-06 001.9 145.3 -08.0 0.006161 0.002460 0.003245 hargrave 2023-09-27 00:03:05 
AF 500 222.2  10.3 236.8  68.9 1.83E-06 002.0 126.8 -08.5 0.004402 0.004422 0.002365 hargrave 2023-09-27 00:04:26 
AF 520 254.1  34.9 322.9  56.0 1.21E-06 001.3 162.3  05.6 0.005502 0.000868 0.002441 hargrave 2023-09-27 00:05:47 
AF 540 254.2  33.6 320.6  55.9 1.12E-06 001.5 162.1  04.3 0.005183 0.001571 0.002172 hargrave 2023-09-27 00:07:07 
AF 560 206.3  19.3 179.1  77.3 1.58E-06 001.6 117.2  06.5 0.002742 0.003653 0.001957 hargrave 2023-09-27 00:08:28 
AF 580 221.2  10.1 234.2  69.0 1.70E-06 001.8 125.8 -08.2 0.004189 0.004180 0.002095 hargrave 2023-09-27 00:09:49 
AF 600 240.9  17.8 283.6  62.6 1.10E-06 001.8 146.6 -08.1 0.003995 0.001323 0.002294 hargrave 2023-09-27 00:11:10 
AF 650 221.5  10.8 235.6  69.6 1.80E-06 001.9 126.4 -07.7 0.004572 0.004118 0.001736 hargrave 2023-09-27 00:12:31 
AF 700 231.0 -13.9 236.8  43.1 6.58E-07 001.6 124.3 -34.1 0.001735 0.000628 0.002009 hargrave 2023-09-27 00:13:51 
AF 750 247.9 -17.3 253.2  32.5 1.44E-06 001.7 141.9 -43.6 0.004021 0.002022 0.001872 hargrave 2023-09-27 00:15:12 
AF 800 186.7  11.9 153.7  58.8 1.50E-06 001.0 096.9  09.7 0.002274 0.004742 0.001079 hargrave 2023-09-27 00:16:33 
AF 850 231.9 -01.3 245.8  54.3 1.29E-06 001.7 131.1 -23.0 0.003104 0.002461 0.001877 hargrave 2023-09-27 00:17:55 
AF 900 247.3  48.5 349.6  58.7 9.93E-07 001.8 160.3  20.0 0.004156 0.000984 0.001954 hargrave 2023-09-27 00:19:16 
AF 950 236.4 -12.6 244.2  42.2 1.67E-06 001.7 130.8 -35.1 0.003525 0.003539 0.001320 hargrave 2023-09-27 00:20:38 
AF1000 222.5 -14.1 225.7  45.2 2.15E-06 001.5 115.5 -30.4 0.003591 0.004304 0.002090 hargrave 2023-09-27 00:22:00 
