MF8- 78b sun compass orientation
  20.53 104.8  56.0 304.0  60.0   1.0
NRM    301.2  59.7 359.6  26.9 3.22E-06 004.2 217.2  36.9 0.017847 0.015728 0.016148 hargrave 2024-04-12 19:22:26 
TT  55 294.3  61.5 000.9  30.6 2.96E-06 005.0 214.5  33.8 0.020547 0.015487 0.015786 hargrave 2024-04-15 10:15:33 
TT 100 234.9  06.9 258.6  59.6 8.31E-07 015.4 230.7 -34.2 0.011978 0.012696 0.016125 hargrave 2024-04-15 12:43:14 
TT 100 235.6  07.8 260.7  59.9 8.35E-07 015.5 230.6 -33.1 0.012275 0.013075 0.016102 hargrave 2024-04-15 13:38:21 
TT 125 195.4 -40.7 199.4  17.3 1.34E-06 009.4 355.9 -83.3 0.012446 0.018231 0.017559 hargrave 2024-04-15 15:26:36 
TT 150 182.4 -51.1 194.7  04.3 2.33E-06 003.9 024.1 -70.7 0.008300 0.015062 0.018731 hargrave 2024-04-15 18:44:49 
TT 200 179.2 -49.9 192.4  04.3 2.68E-06 003.7 031.1 -70.4 0.007669 0.017433 0.018662 hargrave 2024-04-16 10:16:01 
TT 250 164.1 -42.0 179.3  04.6 3.88E-06 001.9 062.5 -64.7 0.006970 0.017091 0.023618 hargrave 2024-04-16 12:33:49 
TT 300 168.8 -57.2 191.3 -05.1 3.80E-06 001.9 029.2 -60.9 0.006373 0.014396 0.017790 hargrave 2024-04-16 15:31:50 
TT 325 138.8 -75.8 198.8 -25.5 3.40E-06 001.4 015.6 -41.0 0.010075 0.007207 0.011695 hargrave 2024-04-16 18:36:05 
TT 350 104.2 -77.8 200.3 -33.4 3.62E-06 001.8 014.6 -33.0 0.011166 0.010343 0.012395 hargrave 2024-04-17 10:59:54 
TT 375 099.6 -74.5 196.6 -35.3 3.45E-06 001.2 018.2 -31.2 0.012355 0.004991 0.008681 hargrave 2024-04-17 14:08:23 
TT 400 230.2 -78.3 217.4 -18.7 4.03E-06 000.8 350.7 -43.2 0.012159 0.001141 0.009046 hargrave 2024-04-18 11:07:44 
TT 420 058.1 -49.4 177.5 -63.4 2.18E-06 002.1 026.5 -01.8 0.004635 0.007224 0.003309 hargrave 2024-04-18 15:00:02 
TT 430 035.0 -59.7 213.0 -60.2 2.76E-06 000.6 010.1 -05.2 0.006632 0.002443 0.002136 hargrave 2024-04-19 09:31:49 
TT 440 096.7 -74.9 197.4 -35.9 2.83E-06 001.1 017.5 -30.6 0.009878 0.002790 0.006221 hargrave 2024-07-15 16:01:45 
TT 460 017.1 -78.7 218.3 -40.8 2.98E-06 000.8 000.5 -22.7 0.011004 0.002482 0.004603 hargrave 2024-07-15 17:07:46 
TT 480 017.0 -84.0 216.2 -35.7 2.81E-06 001.1 000.3 -28.0 0.010604 0.002972 0.005343 hargrave 2024-07-15 20:22:39 
TT 520 248.0 -73.5 223.5 -16.0 3.62E-06 001.0 342.0 -42.6 0.009816 0.001879 0.003494 hargrave 2024-07-16 09:58:41 
TT 520 224.3 -72.0 217.3 -12.2 3.50E-06 008.2 346.5 -49.0 0.032885 0.032754 0.024284 hargrave 2024-07-16 10:08:46 
TT 520 226.0 -72.1 217.8 -12.4 3.55E-06 009.0 346.0 -48.6 0.038861 0.036843 0.024619 hargrave 2024-07-16 10:16:40 
TT 520 228.2 -72.0 218.4 -12.5 3.55E-06 007.6 345.2 -48.2 0.039982 0.023633 0.021100 hargrave 2024-07-16 10:22:51 
TT 540 144.8 -69.3 193.3 -21.1 2.54E-06 017.0 022.6 -45.3 0.049411 0.043803 0.044063 hargrave 2024-07-16 11:59:15 
TT 540 141.1 -64.5 188.0 -20.0 2.66E-06 014.2 029.8 -45.7 0.045911 0.027018 0.044596 hargrave 2024-07-16 12:17:13 
TT 540 146.0 -65.4 189.9 -18.6 2.70E-06 014.1 027.6 -47.4 0.045641 0.028231 0.045251 hargrave 2024-07-16 12:34:16 
TT 560 199.4 -38.4 201.8  20.2 3.39E-06 006.3 321.7 -84.2 0.033994 0.011855 0.019608 hargrave 2024-07-16 13:55:25 
TT 560 201.2 -38.7 203.4  20.3 3.41E-06 005.9 314.0 -83.0 0.030952 0.013044 0.018696 hargrave 2024-07-16 14:01:59 
TT 560 200.0 -39.1 202.5  19.7 3.41E-06 006.6 322.2 -83.4 0.035509 0.012667 0.018506 hargrave 2024-07-16 14:11:08 
TT 565 251.4 -22.8 252.5  26.1 1.49E-06 007.7 272.8 -39.6 0.002624 0.004660 0.028269 hargrave 2024-07-16 15:19:39 
TT 565 251.2 -21.3 253.3  27.4 1.48E-06 008.3 271.0 -39.1 0.002945 0.004093 0.028458 hargrave 2024-07-16 15:27:07 
TT 565 251.1 -21.5 253.2  27.3 1.49E-06 007.7 271.2 -39.2 0.006383 0.005222 0.027717 hargrave 2024-07-16 15:34:44 
