MF8- 6a mag compass orientation (IGRF corrected)
    1.4 135.1  33.0 304.0  60.0   1.0
NRM    325.5  67.9 012.1  20.1 9.78E-06 002.9 219.6  54.5 0.041914 0.027164 0.005283 hargrave 2023-09-07 04:17:19 
AF  10 322.0  67.4 010.9  21.0 9.19E-06 002.9 219.5  53.1 0.040646 0.025548 0.004869 hargrave 2023-09-07 04:18:40 
AF  20 319.3  67.0 010.0  21.8 8.58E-06 003.0 219.3  51.9 0.039018 0.025261 0.004866 hargrave 2023-09-07 04:20:00 
AF  30 318.7  66.4 009.4  21.7 8.07E-06 003.1 219.9  51.5 0.039484 0.021612 0.004905 hargrave 2023-09-07 04:21:24 
AF  40 320.1  65.4 008.7  20.8 7.50E-06 003.2 221.7  51.5 0.034990 0.023732 0.004221 hargrave 2023-09-07 04:22:45 
AF  50 319.1  65.9 009.0  21.4 7.03E-06 003.2 220.6  51.4 0.034102 0.021720 0.003974 hargrave 2023-09-07 04:24:06 
AF  60 317.2  66.2 008.9  22.2 6.75E-06 003.3 219.6  50.9 0.033248 0.021543 0.003567 hargrave 2023-09-07 04:25:27 
AF  70 317.7  66.7 009.5  22.2 6.45E-06 003.3 219.2  51.3 0.032414 0.020075 0.003614 hargrave 2023-09-07 04:26:47 
AF  80 314.0  67.1 009.3  23.7 5.99E-06 003.4 217.4  50.3 0.031744 0.018958 0.003596 hargrave 2023-09-07 04:28:08 
AF  90 315.4  66.5 008.9  23.0 5.70E-06 003.4 218.7  50.4 0.029758 0.018918 0.003743 hargrave 2023-09-07 04:29:28 
AF 100 313.2  65.7 007.7  23.5 5.21E-06 003.6 219.0  49.2 0.029868 0.015864 0.003482 hargrave 2023-09-07 04:30:52 
AF 110 313.6  65.7 007.8  23.4 4.69E-06 003.6 219.1  49.3 0.026219 0.016097 0.003235 hargrave 2023-09-07 04:32:14 
AF 120 310.8  67.0 008.7  24.8 4.69E-06 003.6 216.6  49.1 0.026884 0.015460 0.002986 hargrave 2023-09-07 04:33:35 
AF 130 303.5  65.6 006.3  27.3 4.35E-06 003.8 215.6  46.0 0.026578 0.014777 0.003520 hargrave 2023-09-07 04:34:56 
AF 140 305.2  66.3 007.2  26.8 4.45E-06 003.8 215.5  46.9 0.026991 0.014978 0.002737 hargrave 2023-09-07 04:36:17 
AF 150 301.6  65.1 005.6  28.0 4.07E-06 003.9 215.4  45.0 0.025649 0.014464 0.002944 hargrave 2023-09-07 04:37:38 
AF 160 298.8  64.2 004.3  29.0 4.21E-06 003.9 215.2  43.5 0.026933 0.014810 0.003499 hargrave 2023-09-07 04:38:59 
AF 170 293.3  65.7 005.7  31.4 4.15E-06 003.9 211.5  42.9 0.027377 0.013692 0.003098 hargrave 2023-09-07 04:40:20 
AF 180 296.1  59.1 358.3  29.3 3.52E-06 004.4 218.7  38.9 0.023878 0.014405 0.003338 hargrave 2023-09-07 04:41:41 
AF 190 294.5  60.5 359.7  30.3 3.37E-06 004.4 216.7  39.5 0.023482 0.013523 0.003691 hargrave 2023-09-07 04:43:02 
AF 200 306.9  59.5 000.3  24.1 3.68E-06 004.1 223.5  43.1 0.023303 0.014008 0.002873 hargrave 2023-09-07 04:44:26 
AF 220 311.8  60.5 002.2  22.2 3.44E-06 004.0 224.6  45.6 0.020010 0.014545 0.003110 hargrave 2023-09-07 04:45:47 
AF 240 299.3  57.9 357.3  27.5 3.62E-06 004.3 221.2  39.2 0.023702 0.015227 0.002673 hargrave 2023-09-07 04:47:08 
AF 260 316.3  49.9 353.3  15.3 2.97E-06 004.1 237.8  40.5 0.015497 0.014978 0.002396 hargrave 2023-09-07 04:48:29 
AF 280 318.8  53.6 357.4  15.7 3.16E-06 003.9 235.6  44.1 0.015944 0.015359 0.002593 hargrave 2023-09-07 04:49:49 
AF 300 309.8  48.2 349.7  18.4 2.75E-06 004.4 235.4  36.3 0.015757 0.015010 0.002801 hargrave 2023-09-07 04:51:10 
AF 320 312.3  44.3 346.8  15.1 2.07E-06 004.5 240.2  34.5 0.011722 0.012082 0.002931 hargrave 2023-09-07 04:52:30 
AF 340 317.9  58.7 001.9  18.6 2.09E-06 004.1 229.4  47.0 0.012323 0.008512 0.002285 hargrave 2023-09-07 04:53:55 
AF 360 310.7  44.7 346.7  16.3 1.95E-06 004.6 238.8  34.1 0.011406 0.011019 0.002464 hargrave 2023-09-07 04:55:16 
AF 380 312.3  38.1 341.2  12.1 1.75E-06 004.3 244.9  29.8 0.008896 0.011499 0.002198 hargrave 2023-09-07 04:56:36 
AF 400 303.6  27.3 328.0  13.5 1.59E-06 004.8 245.4  16.8 0.009271 0.011507 0.002386 hargrave 2023-09-07 04:57:57 
AF 420 287.5  05.3 300.4  16.9 1.46E-06 005.2 243.6 -10.0 0.009447 0.010760 0.002605 hargrave 2023-09-07 04:59:18 
AF 440 283.9  13.0 305.7  23.7 1.55E-06 005.7 236.8 -04.9 0.011312 0.010718 0.002585 hargrave 2023-09-07 05:00:38 
AF 460 278.2  30.6 322.1  35.4 1.14E-06 005.9 224.0  08.4 0.010354 0.006283 0.002034 hargrave 2023-09-07 05:01:59 
AF 480 273.6  76.1 019.2  36.2 1.88E-06 003.6 195.2  46.7 0.014479 0.003257 0.003278 hargrave 2023-09-07 05:03:20 
AF 500 313.9  30.5 335.1  07.2 6.60E-07 004.8 251.3  24.5 0.003559 0.004745 0.002660 hargrave 2023-09-07 05:04:40 
AF 520 068.9  50.3 055.5 -03.9 1.58E-06 001.4 074.7  74.5 0.000896 0.003816 0.001362 hargrave 2023-09-07 05:06:01 
AF 540 040.5  62.4 037.0  02.5 1.23E-06 001.1 201.5  84.1 0.002113 0.001062 0.000941 hargrave 2023-09-07 05:07:22 
AF 560 346.1  68.2 017.5  14.4 1.64E-06 003.1 222.6  62.0 0.007665 0.004721 0.001818 hargrave 2023-09-07 05:08:43 
AF 580 032.2  30.5 032.3 -29.5 1.12E-06 002.2 335.9  62.0 0.003976 0.001575 0.000794 hargrave 2023-09-07 05:10:03 
AF 600 033.2  62.0 033.6  02.0 1.62E-06 001.1 225.5  82.2 0.002785 0.001406 0.001499 hargrave 2023-09-07 05:11:24 
AF 650 033.8  68.3 033.9  08.3 1.57E-06 001.6 199.7  77.6 0.004312 0.000999 0.000656 hargrave 2023-09-07 05:12:45 
AF 700 351.5  71.3 021.0  15.6 1.96E-06 003.0 216.0  63.9 0.009122 0.004778 0.000965 hargrave 2023-09-07 05:14:06 
AF 750 034.2  56.6 034.1 -03.4 1.63E-06 000.9 269.2  84.0 0.001528 0.002097 0.000737 hargrave 2023-09-07 05:15:28 
AF 800 358.3  84.3 030.3  25.3 1.75E-06 003.0 188.5  60.6 0.009941 0.001915 0.001305 hargrave 2023-09-07 05:16:48 
AF 850 223.5  67.1 028.0  52.4 7.56E-07 003.4 179.2  34.1 0.007512 0.000954 0.001883 hargrave 2023-09-07 05:18:09 
AF 900 084.8  88.5 035.3  29.1 1.05E-06 003.2 178.2  58.1 0.007104 0.000966 0.002759 hargrave 2023-09-07 05:19:30 
AF 950 216.3  43.7 027.1  76.2 1.31E-06 001.8 173.5  10.9 0.014644 0.001680 0.002508 hargrave 2023-09-07 05:20:51 
AF1000 166.5  20.9 124.5  46.4 1.43E-06 005.3 127.0  02.0 0.009518 0.009269 0.002141 hargrave 2023-09-07 05:22:13 
