MF8- 71b sun compass orientation
  19.08  70.3  49.0 304.0  60.0   1.0
NRM    343.1  51.8 005.3  03.2 6.48E-06 001.9 170.9  79.0 0.016475 0.013358 0.002903 hargrave 2024-04-12 19:09:21 
TT  55 344.9  53.9 007.5  04.0 6.21E-06 001.9 168.0  76.7 0.015962 0.012596 0.001639 hargrave 2024-04-15 10:03:59 
TT 100 337.8  52.2 003.2  05.8 4.55E-06 001.9 187.9  78.6 0.011693 0.009577 0.002174 hargrave 2024-04-15 12:30:04 
TT 125 337.3  46.7 359.0  02.2 3.45E-06 001.9 199.8  83.9 0.008449 0.007767 0.002500 hargrave 2024-04-15 15:13:16 
TT 150 332.0  41.8 352.8  01.7 2.61E-06 002.3 260.1  83.7 0.007097 0.007429 0.001715 hargrave 2024-04-15 18:32:35 
TT 200 335.6  33.8 348.7 -05.7 2.31E-06 001.9 331.3  81.9 0.005101 0.005615 0.002380 hargrave 2024-04-16 10:04:27 
TT 250 357.4  44.2 008.3 -08.6 1.30E-06 002.2 109.8  77.1 0.003920 0.003185 0.000162 hargrave 2024-04-16 12:19:48 
TT 300 300.4 -10.0 293.5 -01.9 5.61E-07 003.1 314.8  27.1 0.002340 0.003394 0.001187 hargrave 2024-04-16 15:19:32 
TT 325 047.3  16.0 051.4 -42.3 7.91E-07 002.6 087.5  27.6 0.003461 0.001966 0.001387 hargrave 2024-04-16 18:23:04 
TT 350 052.9  01.1 067.5 -54.1 5.77E-07 002.8 079.2  13.8 0.002504 0.001000 0.001014 hargrave 2024-04-17 10:46:44 
TT 375 054.7 -04.9 076.0 -58.2 1.02E-06 001.9 075.9  08.4 0.003420 0.001901 0.001665 hargrave 2024-04-17 13:56:56 
