MF8- 18a mag compass orientation (IGRF corrected)
   20.3 217.1  48.0 304.0  60.0   1.0
NRM    002.1  78.7 027.6  20.2 8.95E-06 003.0 191.3  34.9 0.054131 0.025079 0.002497 hargrave 2023-09-08 22:57:04 
AF  10 356.5  78.6 026.6  20.8 8.65E-06 002.9 190.4  34.1 0.052266 0.023112 0.002044 hargrave 2023-09-08 22:58:24 
AF  20 357.8  78.8 026.9  20.8 8.31E-06 002.9 190.5  34.4 0.051640 0.022133 0.001416 hargrave 2023-09-08 22:59:45 
AF  30 000.8  78.9 027.5  20.5 7.76E-06 003.0 190.9  34.9 0.049541 0.020807 0.001759 hargrave 2023-09-08 23:01:05 
AF  40 358.4  78.8 027.1  20.7 7.49E-06 003.0 190.6  34.5 0.048396 0.020127 0.001781 hargrave 2023-09-08 23:02:25 
AF  50 001.7  78.6 027.6  20.2 7.14E-06 003.1 191.3  34.8 0.047546 0.019852 0.001469 hargrave 2023-09-08 23:03:46 
AF  60 358.0  78.8 027.0  20.8 6.81E-06 003.1 190.5  34.4 0.046073 0.018100 0.001201 hargrave 2023-09-08 23:05:06 
AF  70 006.9  80.1 029.2  21.1 6.21E-06 003.1 190.6  36.5 0.041289 0.015530 0.001591 hargrave 2023-09-08 23:06:27 
AF  80 003.7  80.1 028.6  21.3 6.12E-06 003.2 190.3  36.0 0.042721 0.015964 0.001014 hargrave 2023-09-08 23:07:51 
AF  90 004.4  80.0 028.7  21.2 5.64E-06 003.2 190.4  36.1 0.040372 0.014820 0.000799 hargrave 2023-09-08 23:09:11 
AF 100 357.1  81.0 028.2  22.7 5.47E-06 003.1 188.5  35.9 0.039881 0.013401 0.000367 hargrave 2023-09-08 23:10:32 
AF 110 351.4  80.9 027.3  23.1 5.34E-06 003.1 187.8  35.2 0.039556 0.012906 0.000519 hargrave 2023-09-08 23:11:52 
AF 120 339.0  80.5 025.5  24.3 4.97E-06 003.0 186.0  33.8 0.037774 0.011294 0.000848 hargrave 2023-09-08 23:13:12 
AF 130 356.9  82.7 029.2  24.1 4.64E-06 003.1 187.0  37.1 0.033090 0.010490 0.000728 hargrave 2023-09-08 23:14:36 
AF 140 346.1  84.1 029.1  26.0 4.28E-06 003.1 184.6  37.3 0.031892 0.008542 0.001468 hargrave 2023-09-08 23:15:57 
AF 150 342.5  80.5 025.9  23.8 4.28E-06 003.1 186.6  34.1 0.033083 0.009510 0.001115 hargrave 2023-09-08 23:17:18 
AF 160 324.8  81.7 025.3  26.8 4.00E-06 002.9 183.0  34.0 0.030837 0.008045 0.000700 hargrave 2023-09-08 23:18:39 
AF 170 330.0  82.2 026.2  26.4 3.55E-06 003.1 183.7  34.7 0.028728 0.007238 0.000621 hargrave 2023-09-08 23:20:00 
AF 180 332.4  82.2 026.4  26.1 3.12E-06 003.1 184.0  34.9 0.025674 0.006017 0.000901 hargrave 2023-09-08 23:21:20 
AF 190 344.1  77.0 023.4  21.2 3.25E-06 003.3 189.1  31.2 0.026807 0.008594 0.000592 hargrave 2023-09-08 23:22:44 
AF 200 025.5  81.7 032.7  21.8 3.06E-06 003.6 190.6  39.8 0.024509 0.007281 0.000593 hargrave 2023-09-08 23:24:04 
AF 220 336.4  76.4 021.7  22.2 2.92E-06 003.3 187.6  29.9 0.025838 0.007272 0.000506 hargrave 2023-09-08 23:25:25 
AF 240 345.9  74.5 021.9  19.1 2.68E-06 003.6 191.1  29.4 0.024435 0.007534 0.000331 hargrave 2023-09-08 23:26:45 
AF 260 062.7  79.9 039.2  21.0 2.22E-06 003.7 193.1  45.7 0.016949 0.005863 0.000495 hargrave 2023-09-08 23:28:06 
AF 280 023.2  80.4 032.1  20.6 2.07E-06 003.7 192.0  39.1 0.017061 0.005598 0.000195 hargrave 2023-09-08 23:29:26 
AF 300 037.9  75.1 035.0  15.1 1.86E-06 004.2 199.8  40.5 0.015043 0.006339 0.000563 hargrave 2023-09-08 23:30:47 
AF 320 026.9  75.0 032.1  15.1 1.62E-06 004.4 198.8  37.7 0.013815 0.005979 0.000492 hargrave 2023-09-08 23:32:07 
AF 340 352.3  76.0 024.2  19.2 1.46E-06 003.7 191.6  31.5 0.013322 0.004093 0.000490 hargrave 2023-09-08 23:33:28 
AF 360 000.2  77.4 026.6  19.3 1.49E-06 003.7 192.1  33.7 0.013225 0.004447 0.000714 hargrave 2023-09-08 23:34:48 
AF 380 351.1  69.2 019.6  14.0 1.08E-06 004.2 195.9  25.8 0.010740 0.004131 0.000224 hargrave 2023-09-08 23:36:08 
AF 400 025.9  76.9 032.1  17.0 1.02E-06 004.1 196.4  38.2 0.008579 0.003479 0.000178 hargrave 2023-09-08 23:37:28 
AF 420 067.3  80.2 039.8  21.7 1.40E-06 003.8 192.3  46.3 0.010907 0.003332 0.000773 hargrave 2023-09-08 23:38:49 
AF 440 120.6  74.5 051.5  27.9 1.23E-06 003.3 183.2  57.3 0.007456 0.002628 0.000628 hargrave 2023-09-08 23:40:09 
AF 460 103.8  73.2 051.1  23.1 1.15E-06 003.3 192.0  56.9 0.006849 0.003025 0.000501 hargrave 2023-09-08 23:41:29 
AF 480 110.9  65.7 059.6  22.0 1.52E-06 003.1 195.6  64.6 0.007701 0.003791 0.000996 hargrave 2023-09-08 23:42:50 
AF 500 141.6  68.3 059.2  34.1 1.44E-06 002.8 168.5  62.5 0.007053 0.002977 0.001095 hargrave 2023-09-08 23:44:10 
AF 520 122.8  87.0 037.5  29.9 9.53E-07 003.4 180.3  45.0 0.007230 0.001848 0.000877 hargrave 2023-09-08 23:45:31 
AF 540 118.0  69.3 057.0  25.8 9.55E-07 003.2 186.9  62.3 0.005144 0.002119 0.000638 hargrave 2023-09-08 23:46:51 
AF 560 037.5  80.5 034.6  20.5 1.06E-06 003.8 192.8  41.4 0.008239 0.003129 0.000883 hargrave 2023-09-08 23:48:11 
AF 580 130.7  74.0 052.6  30.6 1.10E-06 003.2 178.1  58.0 0.006307 0.002326 0.001014 hargrave 2023-09-08 23:49:31 
AF 600 098.8  52.5 068.0  09.9 9.11E-07 002.4 231.2  68.3 0.002724 0.002532 0.001222 hargrave 2023-09-08 23:50:51 
AF 650 096.4  41.1 075.9  01.5 3.01E-07 005.2 261.9  67.1 0.001491 0.002164 0.000928 hargrave 2023-09-08 23:52:11 
AF 700 273.3  70.1 012.1  38.4 6.86E-07 003.1 168.0  24.8 0.006255 0.002184 0.000442 hargrave 2023-09-08 23:53:32 
AF 750 171.6 -02.6 155.3  38.1 5.12E-07 005.1 053.9  29.9 0.002778 0.003642 0.001222 hargrave 2023-09-08 23:54:52 
AF 800 132.6 -14.7 140.9 -00.1 3.87E-07 004.7 006.4  33.1 0.003806 0.001790 0.000972 hargrave 2023-09-08 23:56:13 
AF 850 139.3  01.6 130.4  14.1 8.88E-07 003.8 018.5  48.1 0.006205 0.002649 0.001178 hargrave 2023-09-08 23:57:34 
AF 900 166.0 -09.4 156.8  29.4 4.50E-07 006.3 044.3  27.4 0.003308 0.003440 0.001324 hargrave 2023-09-08 23:58:54 
AF 950 153.1  15.8 123.9  32.8 1.46E-06 003.6 048.2  55.5 0.006752 0.006161 0.002164 hargrave 2023-09-09 00:00:15 
AF1000 206.8  38.2 068.0  79.8 4.83E-07 003.4 115.3  31.2 0.001358 0.003605 0.000841 hargrave 2023-09-09 00:01:36 
