MF8- 69b sun compass orientation
   18.8 100.1  49.0 304.0  60.0   1.0
NRM    337.9  64.7 012.6  14.2 6.70E-06 002.3 207.0  60.0 0.022088 0.013898 0.007251 hargrave 2024-04-12 19:04:27 
TT  55 336.3  68.5 015.1  17.2 6.58E-06 002.1 202.0  57.1 0.022395 0.011724 0.003343 hargrave 2024-04-15 10:00:50 
TT 100 335.5  69.0 015.3  17.7 4.94E-06 002.1 201.7  56.6 0.017091 0.007710 0.003446 hargrave 2024-04-15 12:26:59 
TT 125 333.8  65.8 012.3  16.2 3.41E-06 002.1 207.2  58.0 0.011944 0.005875 0.002052 hargrave 2024-04-15 15:10:10 
TT 150 326.9  66.8 011.4  19.1 2.54E-06 002.1 208.1  55.1 0.009067 0.004352 0.001900 hargrave 2024-04-15 18:29:31 
TT 200 321.3  67.3 010.7  21.2 2.45E-06 001.9 208.8  52.9 0.007929 0.003537 0.001781 hargrave 2024-04-16 10:01:23 
TT 250 301.1  68.5 009.3  28.8 1.44E-06 002.3 209.0  45.2 0.006038 0.002125 0.000769 hargrave 2024-04-16 12:16:42 
TT 300 306.6  40.7 341.6  17.2 1.30E-06 001.6 248.3  43.1 0.002809 0.002479 0.001675 hargrave 2024-04-16 15:16:24 
TT 325 333.9  68.9 014.8  18.1 8.81E-07 001.9 202.5  56.2 0.002539 0.001473 0.000848 hargrave 2024-04-16 18:20:00 
TT 350 316.8  41.4 345.9  10.8 8.18E-07 003.1 251.2  50.5 0.002967 0.003277 0.002174 hargrave 2024-04-17 10:43:38 
TT 375 308.3  38.1 339.7  14.9 9.69E-07 002.5 252.3  43.3 0.003145 0.002576 0.002051 hargrave 2024-04-17 13:53:51 
TT 400 307.7  34.0 335.7  13.5 6.88E-07 002.7 257.0  41.0 0.002166 0.002745 0.001185 hargrave 2024-04-18 10:59:57 
TT 420 344.5  64.7 014.6  12.3 8.33E-07 004.5 203.2  62.1 0.005701 0.004437 0.000737 hargrave 2024-04-18 14:49:47 
TT 430 002.5  10.8 352.5 -39.2 8.08E-07 002.6 345.4  59.0 0.001989 0.002387 0.002116 hargrave 2024-04-19 09:21:34 
