MF8- 39a mag compass orientation (IGRF corrected)
   71.3 216.1  53.0 304.0  60.0   1.0
NRM    021.7  68.8 029.5  09.2 3.02E-05 001.5 203.7  29.3 0.047028 0.054961 0.058200 hargrave 2023-09-11 06:05:54 
AF  10 015.8  69.4 027.6  10.2 3.03E-05 001.4 201.9  27.7 0.034546 0.055192 0.058463 hargrave 2023-09-11 06:07:14 
AF  20 013.6  69.8 027.0  10.9 2.96E-05 001.5 201.0  27.3 0.031789 0.055420 0.056207 hargrave 2023-09-11 06:08:34 
AF  30 011.8  68.4 025.9  09.7 2.81E-05 001.6 202.0  26.0 0.040896 0.054718 0.057717 hargrave 2023-09-11 06:09:55 
AF  40 014.9  72.0 028.0  12.9 2.48E-05 001.5 199.2  28.9 0.060780 0.031700 0.059668 hargrave 2023-09-11 06:11:16 
AF  50 016.5  67.6 027.3  08.5 2.26E-05 003.1 203.7  27.0 0.098116 0.063235 0.060595 hargrave 2023-09-11 06:12:36 
AF  60 017.5  67.4 027.7  08.2 2.33E-05 003.1 204.2  27.2 0.102533 0.062315 0.058977 hargrave 2023-09-11 06:13:58 
AF  70 014.3  66.1 026.1  07.3 2.17E-05 003.2 204.6  25.5 0.100536 0.062027 0.056539 hargrave 2023-09-11 06:15:18 
AF  80 022.7  66.1 029.4  06.5 2.01E-05 003.3 206.6  28.4 0.096125 0.060214 0.053827 hargrave 2023-09-11 06:16:39 
AF  90 013.8  64.6 025.4  05.9 1.89E-05 003.4 205.9  24.4 0.091146 0.058334 0.054524 hargrave 2023-09-11 06:18:00 
AF 100 024.4  68.2 030.4  08.4 2.17E-05 003.2 204.8  29.9 0.098861 0.065490 0.048596 hargrave 2023-09-11 06:19:21 
AF 110 010.2  65.1 024.2  06.9 2.08E-05 003.1 204.4  23.6 0.098268 0.059023 0.050158 hargrave 2023-09-11 06:20:45 
AF 120 028.3  63.2 031.4  03.3 1.80E-05 003.4 210.8  29.2 0.090055 0.056366 0.042658 hargrave 2023-09-11 06:22:09 
AF 130 030.4  64.6 032.5  04.6 1.85E-05 003.3 209.8  30.6 0.091413 0.054528 0.040364 hargrave 2023-09-11 06:23:30 
AF 140 027.3  65.3 031.2  05.4 1.62E-05 003.5 208.4  29.7 0.088143 0.054724 0.030387 hargrave 2023-09-11 06:24:51 
AF 150 047.5  52.9 042.1 -06.3 1.67E-05 003.6 226.3  35.1 0.088643 0.056840 0.031474 hargrave 2023-09-11 06:26:15 
AF 160 041.1  48.1 038.8 -11.6 1.85E-05 003.4 229.9  29.6 0.096709 0.058384 0.036309 hargrave 2023-09-11 06:27:36 
AF 170 036.5  61.5 035.2  01.5 1.83E-05 003.4 214.3  32.1 0.097544 0.058450 0.030765 hargrave 2023-09-11 06:28:57 
AF 180 031.0  58.1 032.4 -01.8 1.47E-05 004.0 216.7  28.3 0.091779 0.056567 0.033866 hargrave 2023-09-11 06:30:17 
AF 190 047.5  54.9 041.7 -04.3 1.54E-05 004.0 223.9  35.7 0.092302 0.058950 0.033237 hargrave 2023-09-11 06:31:38 
AF 200 054.1  53.7 045.8 -04.5 1.72E-05 003.7 226.5  39.1 0.098052 0.060387 0.030184 hargrave 2023-09-11 06:32:59 
AF 220 049.7  47.2 044.8 -11.5 1.60E-05 003.6 233.4  34.7 0.085519 0.057277 0.034366 hargrave 2023-09-11 06:34:19 
AF 240 049.3  34.1 047.9 -24.3 1.76E-05 003.1 247.5  29.3 0.081599 0.053628 0.032803 hargrave 2023-09-11 06:35:40 
AF 260 025.4  56.2 029.2 -03.5 1.74E-05 003.3 216.9  24.7 0.086540 0.057014 0.035283 hargrave 2023-09-11 06:37:01 
AF 280 051.2  64.0 041.5  05.0 1.05E-05 004.2 213.1  39.2 0.057043 0.039909 0.040209 hargrave 2023-09-11 06:38:21 
AF 300 053.5  60.7 043.4  02.1 1.75E-05 003.3 217.5  39.9 0.082265 0.054610 0.040990 hargrave 2023-09-11 06:39:42 
AF 320 056.8  44.7 050.4 -12.5 1.82E-05 003.3 238.3  38.6 0.091796 0.055991 0.026372 hargrave 2023-09-11 06:41:03 
AF 340 049.1  31.1 048.6 -27.2 1.38E-05 003.4 250.5  27.7 0.069034 0.046642 0.033107 hargrave 2023-09-11 06:42:24 
AF 360 036.4  62.1 035.1  02.1 1.13E-05 004.2 213.6  32.3 0.065638 0.039312 0.040552 hargrave 2023-09-11 06:43:45 
AF 380 081.8  42.2 067.5 -05.4 1.31E-05 002.9 247.2  55.9 0.046518 0.045861 0.024032 hargrave 2023-09-11 06:45:06 
AF 400 040.3  49.9 038.1 -09.9 1.54E-05 003.5 227.8  29.9 0.074858 0.043518 0.044576 hargrave 2023-09-11 06:46:27 
AF 420 063.7  51.2 052.1 -04.7 1.70E-05 003.2 231.1  44.5 0.078072 0.048241 0.035402 hargrave 2023-09-11 06:47:47 
AF 440 058.0  32.0 056.1 -24.0 2.07E-05 002.8 253.5  34.8 0.084593 0.056316 0.037635 hargrave 2023-09-11 06:49:08 
AF 460 072.5  58.9 052.8  04.5 2.14E-05 003.1 219.8  49.5 0.104549 0.062259 0.023683 hargrave 2023-09-11 06:50:28 
AF 480 058.5  52.4 048.7 -04.9 1.98E-05 003.1 228.8  41.5 0.098726 0.061012 0.027478 hargrave 2023-09-11 06:51:48 
AF 500 083.4  50.6 062.8  01.7 2.14E-05 002.8 231.9  56.9 0.088891 0.051013 0.027733 hargrave 2023-09-11 06:53:09 
AF 520 047.1  64.9 039.6  05.5 1.94E-05 002.9 211.7  37.6 0.097312 0.053125 0.022679 hargrave 2023-09-11 06:54:30 
AF 540 084.5  41.0 069.8 -05.0 1.49E-05 003.0 249.8  57.7 0.058634 0.046842 0.037137 hargrave 2023-09-11 06:55:50 
AF 560 101.5  45.2 075.0  07.0 1.42E-05 002.2 238.3  69.8 0.039066 0.032776 0.024764 hargrave 2023-09-11 06:57:11 
AF 580 016.9  59.2 025.3  00.3 1.78E-05 003.2 211.6  22.5 0.096885 0.053314 0.025236 hargrave 2023-09-11 06:58:31 
AF 600 052.7  52.5 045.3 -05.9 1.30E-05 004.2 227.7  38.0 0.081985 0.052650 0.027068 hargrave 2023-09-11 06:59:51 
AF 650 087.0  42.6 070.1 -02.6 1.62E-05 002.8 247.1  59.7 0.058044 0.058238 0.030250 hargrave 2023-09-11 07:01:11 
AF 700 089.3  47.3 067.9  01.9 1.08E-05 003.3 237.4  61.1 0.048851 0.039572 0.031595 hargrave 2023-09-11 07:02:32 
AF 750 113.5  64.7 061.1  22.6 1.69E-05 002.8 191.2  61.3 0.069822 0.035941 0.039963 hargrave 2023-09-11 07:03:52 
AF 800 281.4  61.4 000.5  36.7 1.50E-05 001.7 168.3  10.4 0.080579 0.026578 0.035062 hargrave 2023-09-11 07:05:12 
AF 850 158.5  83.2 040.8  33.7 1.02E-05 003.2 175.0  42.7 0.056009 0.021128 0.035819 hargrave 2023-09-11 07:06:33 
AF 900 335.4  01.0 321.9 -26.2 6.45E-06 004.9 222.2 -43.3 0.044470 0.037623 0.047129 hargrave 2023-09-11 07:07:54 
AF 950 322.8  51.6 357.0  12.6 1.19E-05 003.1 190.3 -00.2 0.075755 0.036856 0.039280 hargrave 2023-09-11 07:09:15 
AF1000 047.8  48.7 043.2 -10.4 1.04E-05 004.6 231.3  34.0 0.075568 0.047598 0.018639 hargrave 2023-09-11 07:10:40 
