MF8- 11a mag compass orientation (IGRF corrected)
   14.6 144.1  52.0 304.0  60.0   1.0
NRM    333.4  78.7 023.3  24.0 6.64E-06 003.2 194.4  39.0 0.045194 0.014613 0.002452 hargrave 2023-09-08 14:58:34 
AF  10 326.8  78.7 022.5  25.1 6.31E-06 003.2 194.4  37.7 0.043743 0.013513 0.002088 hargrave 2023-09-08 14:59:54 
AF  20 324.3  78.7 022.3  25.6 5.93E-06 003.2 194.2  37.2 0.041658 0.012666 0.002266 hargrave 2023-09-08 15:01:14 
AF  30 321.8  78.2 021.5  25.8 5.71E-06 003.2 194.8  36.6 0.040617 0.012508 0.002361 hargrave 2023-09-08 15:02:34 
AF  40 319.6  77.6 020.7  26.0 5.38E-06 003.3 195.3  36.0 0.038906 0.012163 0.002005 hargrave 2023-09-08 15:03:54 
AF  50 317.5  79.3 022.3  27.0 5.26E-06 003.2 193.2  36.0 0.038638 0.011231 0.002139 hargrave 2023-09-08 15:05:14 
AF  60 304.9  78.9 021.2  29.2 4.79E-06 003.2 192.6  33.6 0.036333 0.010128 0.001909 hargrave 2023-09-08 15:06:35 
AF  70 301.4  78.0 020.2  29.8 4.74E-06 003.2 193.1  32.6 0.036349 0.010326 0.001732 hargrave 2023-09-08 15:07:55 
AF  80 304.0  79.8 022.2  29.5 4.54E-06 003.2 191.6  33.9 0.034692 0.009381 0.001702 hargrave 2023-09-08 15:09:16 
AF  90 297.5  80.6 023.1  30.6 4.45E-06 003.1 190.1  33.3 0.034437 0.008897 0.001821 hargrave 2023-09-08 15:10:36 
AF 100 290.7  79.9 022.4  31.8 4.27E-06 003.1 190.0  32.0 0.033551 0.008620 0.001729 hargrave 2023-09-08 15:11:56 
AF 110 288.2  80.8 023.5  32.1 4.20E-06 003.0 188.8  32.3 0.032746 0.008180 0.001951 hargrave 2023-09-08 15:13:16 
AF 120 292.2  82.0 024.8  31.3 4.00E-06 003.0 188.1  33.5 0.030946 0.007148 0.001856 hargrave 2023-09-08 15:14:37 
AF 130 291.7  82.6 025.5  31.3 3.64E-06 003.0 187.5  33.8 0.028393 0.006584 0.001709 hargrave 2023-09-08 15:15:57 
AF 140 286.0  80.2 022.9  32.6 3.65E-06 003.1 189.0  31.6 0.029008 0.007235 0.001727 hargrave 2023-09-08 15:17:17 
AF 150 271.0  81.3 025.1  34.5 3.41E-06 002.9 186.1  30.8 0.027279 0.006009 0.001749 hargrave 2023-09-08 15:18:37 
AF 160 265.7  80.2 024.5  35.8 3.10E-06 002.9 185.9  29.5 0.025583 0.005884 0.001484 hargrave 2023-09-08 15:19:58 
AF 170 281.4  79.7 022.6  33.5 3.20E-06 003.1 188.8  30.7 0.025830 0.006403 0.001637 hargrave 2023-09-08 15:21:18 
AF 180 253.0  81.5 027.4  36.4 3.05E-06 002.7 183.2  29.9 0.024588 0.005208 0.001260 hargrave 2023-09-08 15:22:38 
AF 190 263.8  83.1 027.6  34.3 2.92E-06 002.9 184.0  31.9 0.023233 0.005081 0.001383 hargrave 2023-09-08 15:23:58 
AF 200 264.7  82.5 026.9  34.6 2.71E-06 002.8 184.5  31.4 0.021551 0.004986 0.001559 hargrave 2023-09-08 15:25:17 
AF 220 229.2  84.1 032.1  35.7 2.74E-06 002.7 179.4  32.1 0.021446 0.004565 0.001340 hargrave 2023-09-08 15:26:37 
AF 240 265.1  79.4 023.8  36.3 2.45E-06 002.9 186.2  28.7 0.021270 0.004187 0.001331 hargrave 2023-09-08 15:28:01 
AF 260 231.2  83.2 031.5  36.5 2.35E-06 002.7 179.6  31.2 0.018524 0.004001 0.001280 hargrave 2023-09-08 15:29:21 
AF 280 272.5  87.2 031.2  31.4 2.25E-06 002.8 182.1  35.8 0.016833 0.003734 0.001049 hargrave 2023-09-08 15:30:40 
AF 300 239.2  81.8 029.6  37.3 2.14E-06 002.7 180.8  29.9 0.017112 0.003817 0.001371 hargrave 2023-09-08 15:32:00 
AF 320 262.5  80.5 025.2  36.0 1.92E-06 002.8 185.2  29.5 0.015488 0.003848 0.001007 hargrave 2023-09-08 15:33:20 
AF 340 200.3  79.2 037.3  40.4 1.65E-06 002.4 173.2  28.9 0.012740 0.002678 0.000528 hargrave 2023-09-08 15:34:40 
AF 360 206.0  78.8 036.1  41.1 1.76E-06 002.4 174.0  27.9 0.013562 0.002928 0.000791 hargrave 2023-09-08 15:36:00 
AF 380 248.1  75.0 022.7  42.0 1.74E-06 002.5 183.9  23.3 0.014221 0.003435 0.001068 hargrave 2023-09-08 15:37:19 
AF 400 220.0  75.8 031.9  44.1 1.65E-06 002.2 176.2  24.1 0.013315 0.002896 0.000984 hargrave 2023-09-08 15:38:39 
AF 420 188.9  76.3 041.8  42.2 1.47E-06 002.4 169.0  27.8 0.011009 0.002580 0.000794 hargrave 2023-09-08 15:39:59 
AF 440 179.4  80.0 041.2  38.0 1.41E-06 002.5 170.4  31.8 0.010351 0.002176 0.001001 hargrave 2023-09-08 15:41:19 
AF 460 152.4  79.9 044.8  34.4 1.49E-06 002.6 167.6  35.9 0.010056 0.002684 0.000461 hargrave 2023-09-08 15:42:38 
AF 480 060.3  86.6 035.7  27.0 1.35E-06 002.6 179.5  41.3 0.008752 0.001853 0.000735 hargrave 2023-09-08 15:43:58 
AF 500 207.3  72.9 036.9  47.0 1.31E-06 002.0 171.7  22.4 0.010471 0.002331 0.000760 hargrave 2023-09-08 15:45:18 
AF 520 209.6  77.6 035.3  42.4 1.47E-06 002.3 174.3  26.5 0.011460 0.002560 0.000516 hargrave 2023-09-08 15:46:38 
AF 540 115.5  84.0 040.7  28.9 1.56E-06 002.7 173.1  40.7 0.010337 0.002449 0.000627 hargrave 2023-09-08 15:47:58 
AF 560 069.1  64.3 048.6  08.3 1.39E-06 002.2 166.1  62.2 0.005644 0.001336 0.000168 hargrave 2023-09-08 15:49:17 
AF 580 228.6  76.2 029.3  43.3 1.02E-06 002.2 178.6  24.2 0.008758 0.001602 0.001013 hargrave 2023-09-08 15:50:41 
AF 600 149.0  81.3 043.5  33.3 1.20E-06 002.7 169.1  36.8 0.008024 0.001856 0.000741 hargrave 2023-09-08 15:52:00 
AF 650 081.9  85.3 037.9  26.8 1.08E-06 002.7 177.1  42.1 0.007038 0.001486 0.000700 hargrave 2023-09-08 15:53:20 
AF 700 060.2  67.9 043.7  09.8 1.02E-06 002.2 175.4  59.9 0.004271 0.001132 0.000767 hargrave 2023-09-08 15:54:40 
AF 750 118.7  73.4 052.7  27.1 1.12E-06 002.7 159.2  43.4 0.006615 0.001952 0.000403 hargrave 2023-09-08 15:55:59 
AF 800 344.7  85.7 030.4  27.2 7.04E-07 003.0 185.2  39.4 0.004816 0.001388 0.000390 hargrave 2023-09-08 15:57:19 
AF 850 125.8  39.3 089.3  19.8 1.18E-06 002.6 115.4  35.5 0.003156 0.005357 0.000467 hargrave 2023-09-08 15:58:40 
AF 900 148.8  34.2 101.3  35.5 1.18E-06 003.1 120.5  17.1 0.004343 0.005790 0.000719 hargrave 2023-09-08 16:00:00 
AF 950 124.6  42.4 085.8  20.1 9.90E-07 002.6 118.6  37.6 0.002899 0.004116 0.000691 hargrave 2023-09-08 16:01:20 
AF1000 338.9  48.4 000.9  02.6 6.94E-07 003.9 233.0  36.4 0.003497 0.003132 0.000976 hargrave 2023-09-08 16:02:44 
