MF8- 25a sun compass orientation
   33.7 173.6  60.0 304.0  60.0   1.0
NRM    315.9  71.6 014.1  24.7 8.29E-06 003.1 195.2  17.9 0.053525 0.029302 0.005875 hargrave 2023-09-09 06:43:18 
AF  10 276.6  19.4 308.9  32.8 7.88E-06 002.9 195.8 -39.0 0.042165 0.023275 0.002865 hargrave 2023-09-09 06:44:41 
AF  20 276.3  18.9 308.1  32.9 7.69E-06 002.9 195.7 -39.6 0.041583 0.022107 0.002763 hargrave 2023-09-09 06:46:05 
AF  30 276.1  19.3 308.5  33.2 7.45E-06 003.0 195.3 -39.2 0.041258 0.021911 0.002580 hargrave 2023-09-09 06:47:25 
AF  40 276.2  19.0 308.1  33.0 7.04E-06 003.0 195.5 -39.6 0.041695 0.017926 0.002604 hargrave 2023-09-09 06:48:53 
AF  50 276.0  19.4 308.5  33.4 6.74E-06 003.1 195.1 -39.2 0.038893 0.019964 0.002614 hargrave 2023-09-09 06:50:13 
AF  60 275.6  18.9 307.8  33.5 6.50E-06 002.9 194.8 -39.7 0.033173 0.020023 0.002607 hargrave 2023-09-09 06:51:38 
AF  70 276.1  19.7 308.9  33.4 6.22E-06 003.1 195.2 -38.8 0.037058 0.018390 0.002400 hargrave 2023-09-09 06:53:02 
AF  80 275.3  20.3 309.2  34.3 5.78E-06 003.1 194.1 -38.5 0.035599 0.015858 0.002223 hargrave 2023-09-09 06:54:22 
AF  90 275.5  20.4 309.4  34.1 5.69E-06 003.1 194.3 -38.3 0.035201 0.016323 0.001616 hargrave 2023-09-09 06:55:42 
AF 100 278.3  20.7 311.0  31.9 5.28E-06 003.4 197.4 -37.3 0.033958 0.016604 0.001785 hargrave 2023-09-09 06:57:02 
AF 110 277.2  22.7 312.7  33.6 4.97E-06 003.3 195.5 -35.7 0.033067 0.015463 0.002032 hargrave 2023-09-09 06:58:23 
AF 120 277.0  21.8 311.6  33.4 4.89E-06 003.3 195.5 -36.6 0.032348 0.015092 0.002290 hargrave 2023-09-09 06:59:43 
AF 130 276.9  23.3 313.3  34.1 4.67E-06 003.2 194.9 -35.1 0.030656 0.013689 0.002634 hargrave 2023-09-09 07:01:03 
AF 140 277.9  20.3 310.4  32.0 4.24E-06 003.5 197.1 -37.9 0.028803 0.013361 0.001910 hargrave 2023-09-09 07:02:24 
AF 150 278.5  24.4 315.1  33.1 4.28E-06 003.4 196.4 -33.8 0.029379 0.013553 0.002590 hargrave 2023-09-09 07:03:44 
AF 160 279.2  21.7 312.4  31.4 4.10E-06 003.6 198.1 -36.2 0.026730 0.014734 0.002303 hargrave 2023-09-09 07:05:08 
AF 170 280.9  14.4 305.6  27.0 4.09E-06 003.6 203.0 -42.6 0.025676 0.013921 0.002199 hargrave 2023-09-09 07:06:29 
AF 180 275.6  12.1 300.6  30.6 3.59E-06 003.3 197.1 -46.3 0.022030 0.009804 0.001654 hargrave 2023-09-09 07:07:49 
AF 190 276.4  10.7 299.7  29.2 3.59E-06 003.2 198.8 -47.4 0.020606 0.010163 0.001738 hargrave 2023-09-09 07:09:10 
AF 200 277.9  11.7 301.4  28.4 3.43E-06 003.4 200.3 -46.1 0.020923 0.010161 0.001132 hargrave 2023-09-09 07:10:31 
AF 220 271.3  15.4 301.9  35.7 2.87E-06 003.3 190.3 -44.0 0.019581 0.007101 0.001655 hargrave 2023-09-09 07:11:51 
AF 240 263.1  07.8 288.5  39.0 2.41E-06 002.9 179.2 -52.2 0.014067 0.004182 0.002389 hargrave 2023-09-09 07:13:12 
AF 260 264.8  08.8 290.8  38.1 2.57E-06 002.9 181.9 -51.2 0.015059 0.004925 0.002646 hargrave 2023-09-09 07:14:33 
AF 280 258.3  13.6 292.0  46.1 2.45E-06 002.8 172.5 -46.1 0.015425 0.003938 0.002427 hargrave 2023-09-09 07:15:53 
AF 300 275.4  07.2 295.6  28.3 2.63E-06 003.3 198.8 -51.1 0.015646 0.007172 0.001517 hargrave 2023-09-09 07:17:14 
AF 320 267.6  09.8 293.6  36.3 2.48E-06 003.0 186.1 -50.0 0.015470 0.004707 0.001491 hargrave 2023-09-09 07:18:34 
AF 340 277.2  13.3 302.6  29.7 2.39E-06 003.3 198.7 -44.8 0.014769 0.006962 0.001357 hargrave 2023-09-09 07:19:56 
AF 360 266.3  12.2 295.5  38.6 2.19E-06 003.1 183.9 -47.7 0.014552 0.004304 0.002047 hargrave 2023-09-09 07:21:16 
AF 380 280.5  06.1 297.3  23.4 1.96E-06 003.7 207.0 -50.4 0.011926 0.006594 0.000903 hargrave 2023-09-09 07:22:36 
AF 400 281.5  01.7 293.9  20.3 1.88E-06 003.4 211.5 -53.9 0.009856 0.006387 0.001536 hargrave 2023-09-09 07:23:57 
AF 420 282.9  03.3 296.1  19.9 1.92E-06 003.6 212.4 -51.9 0.010312 0.007151 0.001817 hargrave 2023-09-09 07:25:18 
AF 440 271.8 -01.7 284.9  26.5 1.84E-06 002.8 196.9 -60.7 0.008928 0.004124 0.001496 hargrave 2023-09-09 07:26:39 
AF 460 273.0 -06.7 281.2  22.6 2.14E-06 002.7 202.6 -65.1 0.008865 0.005343 0.001677 hargrave 2023-09-09 07:27:59 
AF 480 280.1 -00.7 290.8  20.1 1.58E-06 003.3 211.3 -56.8 0.007879 0.005274 0.000849 hargrave 2023-09-09 07:29:20 
AF 500 286.8  06.9 301.5  18.3 1.62E-06 004.1 214.9 -46.8 0.009440 0.007246 0.001437 hargrave 2023-09-09 07:30:41 
AF 520 268.5  16.7 301.9  38.7 1.18E-06 003.5 186.4 -43.0 0.008670 0.003018 0.002079 hargrave 2023-09-09 07:32:01 
AF 540 275.1  06.3 294.5  28.1 1.23E-06 003.5 198.8 -52.0 0.007522 0.003844 0.001488 hargrave 2023-09-09 07:33:22 
AF 560 294.5  08.3 306.6  12.3 1.47E-06 004.6 222.8 -41.5 0.008771 0.008069 0.001133 hargrave 2023-09-09 07:34:43 
AF 580 259.5  04.8 282.7  40.3 1.42E-06 003.0 172.8 -55.0 0.008177 0.003115 0.001570 hargrave 2023-09-09 07:36:04 
AF 600 300.5  13.0 313.7  09.4 1.33E-06 005.0 225.0 -34.2 0.008779 0.007652 0.001346 hargrave 2023-09-09 07:37:25 
AF 650 287.6  01.5 296.9  14.9 9.02E-07 003.9 220.3 -51.1 0.004691 0.004080 0.001325 hargrave 2023-09-09 07:38:46 
AF 700 309.1  10.4 315.6  00.8 8.28E-07 005.2 234.5 -30.4 0.005029 0.005908 0.001231 hargrave 2023-09-09 07:40:07 
AF 750 291.9  26.5 322.5  22.7 6.65E-07 004.6 208.5 -27.4 0.005034 0.003215 0.001897 hargrave 2023-09-09 07:41:28 
AF 800 065.2  37.7 059.3 -16.2 5.76E-07 002.5 238.1  72.9 0.000952 0.002144 0.002544 hargrave 2023-09-09 07:42:52 
AF 850 075.1 -21.1 120.3 -52.0 6.32E-07 003.9 349.9  38.3 0.005106 0.001578 0.002836 hargrave 2023-09-09 07:44:13 
AF 900 260.1 -34.1 251.6  12.5 4.33E-07 001.7 035.2 -84.9 0.000689 0.001087 0.001286 hargrave 2023-09-09 07:45:34 
AF 950 061.1  40.6 055.0 -15.1 5.12E-07 002.9 233.8  68.8 0.001233 0.002113 0.002638 hargrave 2023-09-09 07:46:55 
AF1000 062.9 -60.0 189.5 -54.3 6.54E-07 003.0 349.8 -01.6 0.007427 0.002180 0.001942 hargrave 2023-09-09 07:48:16 
