MF8- 43a sun compass orientation
     78 241.1  49.0 304.0  60.0   1.0
NRM    313.5  76.8 019.3  27.0 5.05E-06 002.2 175.5  28.3 0.038086 0.006706 0.002436 hargrave 2023-09-18 21:01:33 
AF  10 313.6  76.1 018.6  26.8 4.88E-06 002.2 175.3  27.6 0.037503 0.005252 0.002281 hargrave 2023-09-18 21:02:55 
AF  20 310.3  76.0 018.3  27.5 4.79E-06 002.2 174.4  27.8 0.036646 0.005085 0.002274 hargrave 2023-09-18 21:04:15 
AF  30 308.2  76.2 018.4  28.1 4.44E-06 002.3 174.0  28.1 0.034833 0.004582 0.002222 hargrave 2023-09-18 21:05:35 
AF  40 312.2  76.4 018.8  27.2 4.17E-06 002.3 175.0  28.0 0.033698 0.004407 0.001857 hargrave 2023-09-18 21:06:56 
AF  50 321.1  74.4 017.6  24.4 3.98E-06 002.2 177.0  25.6 0.033128 0.004498 0.001875 hargrave 2023-09-18 21:08:16 
AF  60 326.1  73.6 017.5  22.8 3.91E-06 002.2 178.4  24.7 0.033128 0.004940 0.001850 hargrave 2023-09-18 21:09:37 
AF  70 324.6  74.0 017.6  23.4 3.56E-06 002.3 178.0  25.1 0.030469 0.004240 0.001619 hargrave 2023-09-18 21:10:57 
AF  80 317.2  75.6 018.4  25.8 3.49E-06 002.3 176.1  26.9 0.029730 0.003778 0.001980 hargrave 2023-09-18 21:12:17 
AF  90 323.6  72.3 015.8  22.8 3.30E-06 002.2 177.5  23.4 0.029253 0.004127 0.001536 hargrave 2023-09-18 21:13:37 
AF 100 315.0  73.9 016.4  25.7 3.05E-06 002.3 175.1  25.4 0.026716 0.003159 0.001435 hargrave 2023-09-18 21:14:59 
AF 110 305.4  71.4 012.8  27.9 3.00E-06 002.2 171.3  23.9 0.026414 0.003045 0.001296 hargrave 2023-09-18 21:16:19 
AF 120 316.3  73.9 016.6  25.4 2.79E-06 002.3 175.5  25.4 0.024816 0.002933 0.001568 hargrave 2023-09-18 21:17:39 
AF 130 295.7  69.5 010.3  30.8 2.50E-06 002.5 167.2  23.6 0.021904 0.003545 0.001058 hargrave 2023-09-18 21:19:00 
AF 140 311.0  64.5 006.1  23.9 2.57E-06 001.8 171.1  16.6 0.023844 0.003108 0.001087 hargrave 2023-09-18 21:20:20 
AF 150 308.3  62.2 003.3  24.3 2.19E-06 002.0 169.2  14.8 0.020547 0.002928 0.001082 hargrave 2023-09-18 21:21:41 
AF 160 304.3  62.8 003.3  26.3 2.26E-06 002.1 167.6  16.0 0.020766 0.003382 0.000935 hargrave 2023-09-18 21:23:49 
AF 170 303.4  69.7 010.9  28.2 1.99E-06 002.4 170.0  22.6 0.017876 0.002122 0.000876 hargrave 2023-09-18 21:25:09 
AF 180 300.2  56.8 356.2  26.7 1.99E-06 002.4 163.3  11.2 0.018446 0.003973 0.000898 hargrave 2023-09-18 21:26:29 
AF 190 320.4  59.7 003.4  18.0 1.81E-06 001.4 174.5  11.1 0.017774 0.001856 0.001184 hargrave 2023-09-18 21:27:51 
AF 200 304.5  60.0 000.4  25.4 1.90E-06 002.2 166.7  13.4 0.018012 0.002759 0.000828 hargrave 2023-09-18 21:29:11 
AF 220 302.4  59.1 359.1  26.2 1.78E-06 002.3 165.3  12.8 0.016774 0.002893 0.001305 hargrave 2023-09-18 21:30:32 
AF 240 304.4  72.0 013.5  28.3 1.65E-06 002.5 171.2  24.6 0.015055 0.001468 0.000977 hargrave 2023-09-18 21:31:52 
AF 260 308.1  59.9 000.9  23.6 1.56E-06 001.9 168.4  12.6 0.014905 0.001859 0.001034 hargrave 2023-09-18 21:33:12 
AF 280 320.5  65.7 009.0  20.8 1.64E-06 002.0 175.4  17.0 0.016152 0.001792 0.001113 hargrave 2023-09-18 21:34:33 
AF 300 273.0  69.7 011.6  38.6 1.51E-06 003.2 160.4  28.5 0.012677 0.002933 0.000108 hargrave 2023-09-18 21:35:53 
AF 320 288.4  74.5 016.2  33.0 9.55E-07 003.0 168.1  29.0 0.008426 0.001547 0.000660 hargrave 2023-09-18 21:37:14 
AF 340 266.0  65.6 007.8  42.5 1.10E-06 003.5 154.9  27.8 0.008527 0.002688 0.000454 hargrave 2023-09-18 21:38:34 
AF 360 286.1  54.7 352.4  34.2 9.30E-07 003.4 155.2  13.1 0.008170 0.002350 0.000634 hargrave 2023-09-18 21:39:55 
AF 380 220.9  58.6 026.6  61.1 8.82E-07 003.4 137.0  44.1 0.004527 0.003133 0.000515 hargrave 2023-09-18 21:41:16 
AF 400 258.1  42.8 336.4  52.8 9.39E-07 004.4 132.9  16.5 0.005463 0.004995 0.000198 hargrave 2023-09-18 21:42:37 
AF 420 272.8  45.6 340.2  42.1 8.95E-07 004.3 142.7  11.0 0.006382 0.003933 0.000416 hargrave 2023-09-18 21:43:57 
AF 440 302.8  39.0 338.7  19.2 6.76E-07 003.1 158.3 -05.9 0.005926 0.001635 0.001106 hargrave 2023-09-18 21:45:18 
AF 460 291.8  39.8 336.3  27.4 9.13E-07 003.8 150.9 -01.6 0.007394 0.003305 0.000439 hargrave 2023-09-18 21:46:38 
AF 480 282.3  14.6 306.5  25.8 9.01E-07 004.2 129.8 -18.4 0.004719 0.005021 0.001050 hargrave 2023-09-18 21:47:59 
AF 500 288.7  35.6 330.9  28.5 8.02E-07 004.3 146.7 -04.0 0.006359 0.003351 0.000676 hargrave 2023-09-18 21:49:19 
AF 520 259.0  20.0 300.9  48.2 5.24E-07 003.5 116.6  00.3 0.001986 0.003769 0.000708 hargrave 2023-09-18 21:50:40 
AF 540 271.6  17.2 304.0  36.3 6.30E-07 004.1 123.3 -09.9 0.002698 0.004077 0.000820 hargrave 2023-09-18 21:52:01 
AF 560 317.3  15.0 323.6 -03.6 3.45E-07 002.6 164.1 -32.6 0.002289 0.000581 0.000714 hargrave 2023-09-18 21:53:25 
AF 580 263.4  53.8 352.4  47.4 5.00E-07 004.1 144.1  21.1 0.003631 0.001806 0.000459 hargrave 2023-09-18 21:54:47 
AF 600 275.2  10.2 298.5  30.0 7.50E-07 003.8 121.3 -17.4 0.002653 0.005553 0.000919 hargrave 2023-09-18 21:56:11 
AF 650 280.9 -00.6 291.4  19.6 5.93E-07 003.6 118.2 -29.3 0.001785 0.004011 0.001396 hargrave 2023-09-18 21:57:32 
AF 700 277.3 -02.4 287.7  21.6 9.36E-07 003.2 113.8 -28.1 0.002592 0.006531 0.000897 hargrave 2023-09-18 21:58:52 
AF 750 287.6  02.6 298.0  15.5 8.84E-07 003.8 126.6 -31.1 0.003446 0.005509 0.001311 hargrave 2023-09-18 22:00:16 
AF 800 253.9 -32.2 248.6  17.2 9.04E-07 004.3 071.3 -29.4 0.004445 0.006710 0.001725 hargrave 2023-09-18 22:01:37 
AF 850 272.7 -08.9 279.1  21.6 5.86E-07 002.8 104.8 -29.5 0.000816 0.004454 0.001718 hargrave 2023-09-18 22:02:58 
AF 900 275.7 -16.2 275.0  14.8 7.83E-07 002.1 100.6 -36.5 0.000510 0.005267 0.001538 hargrave 2023-09-18 22:04:19 
AF 950 244.3  03.2 266.8  50.7 7.27E-07 001.3 094.5 -00.4 0.001360 0.006331 0.001184 hargrave 2023-09-18 22:05:40 
AF1000 292.3 -15.4 284.8  02.1 3.84E-07 003.0 115.8 -47.8 0.000674 0.001955 0.001652 hargrave 2023-09-18 22:07:01 
