MF8- 53a sun compass orientation
   99.9 176.9  26.0 304.0  60.0   1.0
NRM    319.8  70.5 013.6  23.1 7.03E-06 003.3 204.2  49.4 0.038893 0.021376 0.004778 hargrave 2023-09-22 22:26:56 
AF  10 316.2  70.1 012.6  24.1 6.75E-06 003.3 202.9  48.4 0.037980 0.019648 0.004575 hargrave 2023-09-22 22:28:17 
AF  20 314.1  70.1 012.3  24.7 6.41E-06 003.3 202.0  48.0 0.037121 0.018535 0.004222 hargrave 2023-09-22 22:29:37 
AF  30 311.4  69.2 011.0  25.3 6.06E-06 003.4 201.4  46.8 0.036112 0.017798 0.004047 hargrave 2023-09-22 22:30:58 
AF  40 313.8  68.2 010.4  24.2 5.68E-06 003.4 203.1  46.4 0.034673 0.017121 0.003669 hargrave 2023-09-22 22:32:19 
AF  50 309.5  67.8 009.3  25.5 5.40E-06 003.5 201.3  45.2 0.034100 0.016435 0.003710 hargrave 2023-09-22 22:33:40 
AF  60 309.0  67.5 009.0  25.7 5.23E-06 003.5 201.2  44.9 0.033265 0.015564 0.003458 hargrave 2023-09-22 22:35:01 
AF  70 306.8  68.3 009.6  26.7 5.02E-06 003.4 199.7  45.3 0.032139 0.013801 0.003377 hargrave 2023-09-22 22:36:21 
AF  80 305.6  65.9 006.9  26.5 4.68E-06 003.6 200.4  42.9 0.031574 0.014216 0.003148 hargrave 2023-09-22 22:37:42 
AF  90 306.4  66.5 007.6  26.4 4.42E-06 003.6 200.5  43.6 0.029851 0.013041 0.002994 hargrave 2023-09-22 22:39:03 
AF 100 300.4  67.2 007.7  28.8 4.25E-06 003.5 197.1  43.3 0.029439 0.011422 0.003075 hargrave 2023-09-22 22:40:23 
AF 110 295.1  66.1 006.2  30.7 4.13E-06 003.4 194.9  41.7 0.029418 0.010340 0.002750 hargrave 2023-09-22 22:41:44 
AF 120 295.8  65.2 005.2  30.4 3.89E-06 003.4 195.6  40.9 0.028291 0.010011 0.002606 hargrave 2023-09-22 22:43:05 
AF 130 294.5  65.4 005.4  30.9 3.97E-06 003.4 194.8  40.9 0.028674 0.010122 0.002460 hargrave 2023-09-22 22:44:26 
AF 140 290.6  67.5 007.8  32.6 3.88E-06 003.3 192.1  42.6 0.027536 0.008935 0.002607 hargrave 2023-09-22 22:45:47 
AF 150 287.0  66.2 006.3  34.0 3.70E-06 003.2 190.6  41.0 0.027268 0.007572 0.002262 hargrave 2023-09-22 22:47:08 
AF 160 288.6  66.1 006.1  33.4 3.69E-06 003.2 191.5  41.1 0.026964 0.007654 0.002119 hargrave 2023-09-22 22:48:29 
AF 170 289.0  65.1 004.9  33.2 3.61E-06 003.3 192.0  40.1 0.026828 0.008320 0.002025 hargrave 2023-09-22 22:49:50 
AF 180 289.9  65.3 005.1  32.9 3.34E-06 003.3 192.4  40.3 0.024915 0.007495 0.002032 hargrave 2023-09-22 22:51:11 
AF 190 291.9  66.5 006.7  32.1 3.30E-06 003.4 193.1  41.8 0.024385 0.007819 0.001853 hargrave 2023-09-22 22:52:31 
AF 200 301.0  67.1 007.7  28.6 3.05E-06 003.6 197.5  43.4 0.021929 0.008351 0.001637 hargrave 2023-09-22 22:53:52 
AF 220 310.2  74.7 016.8  27.2 2.85E-06 003.4 196.9  51.5 0.018291 0.006229 0.001144 hargrave 2023-09-22 22:55:12 
AF 240 319.7  77.0 020.1  25.8 2.67E-06 003.2 198.1  54.7 0.015853 0.005698 0.001408 hargrave 2023-09-22 22:56:33 
AF 260 319.4  75.1 018.1  25.1 2.52E-06 003.4 199.8  53.2 0.015639 0.006150 0.001356 hargrave 2023-09-22 22:57:54 
AF 280 326.1  74.3 018.2  23.2 2.36E-06 003.5 203.0  53.6 0.014446 0.006466 0.001094 hargrave 2023-09-22 22:59:15 
AF 300 337.8  71.7 018.0  18.9 2.12E-06 003.7 210.2  53.9 0.012517 0.007370 0.000957 hargrave 2023-09-22 23:00:36 
AF 320 344.4  65.7 015.3  13.0 2.01E-06 004.0 219.9  51.3 0.011572 0.008418 0.000915 hargrave 2023-09-22 23:01:56 
AF 340 340.9  68.5 016.3  15.9 1.99E-06 003.8 215.2  52.4 0.011256 0.007527 0.000936 hargrave 2023-09-22 23:03:17 
AF 360 344.7  68.6 017.4  15.0 2.02E-06 003.7 216.7  53.4 0.011119 0.007479 0.001057 hargrave 2023-09-22 23:04:38 
AF 380 359.2  77.4 026.4  19.4 1.87E-06 003.1 207.5  61.7 0.009330 0.004992 0.000647 hargrave 2023-09-22 23:05:59 
AF 400 002.2  72.9 024.8  15.1 1.71E-06 003.2 216.7  60.6 0.007934 0.005333 0.000679 hargrave 2023-09-22 23:07:19 
AF 420 002.7  80.4 028.6  21.7 1.55E-06 002.9 201.7  63.3 0.007478 0.003473 0.000308 hargrave 2023-09-22 23:08:41 
AF 440 352.5  69.7 020.3  14.1 1.28E-06 003.6 218.4  56.2 0.006675 0.004876 0.000534 hargrave 2023-09-22 23:10:01 
AF 460 357.8  81.4 028.5  23.0 1.45E-06 002.7 199.1  62.8 0.006774 0.002828 0.000768 hargrave 2023-09-22 23:11:22 
AF 480 347.9  71.7 020.4  16.7 1.49E-06 003.5 213.9  56.3 0.008029 0.005122 0.000245 hargrave 2023-09-22 23:12:44 
AF 500 339.7  74.2 020.4  20.1 1.25E-06 003.5 207.8  56.0 0.006892 0.004000 0.000598 hargrave 2023-09-22 23:14:05 
AF 520 314.1  70.5 012.8  24.9 1.37E-06 003.8 201.6  48.4 0.009406 0.003922 0.000376 hargrave 2023-09-22 23:15:25 
AF 540 012.3  63.6 024.5  05.2 1.48E-06 003.4 236.2  59.0 0.005830 0.006954 0.000629 hargrave 2023-09-22 23:16:46 
AF 560 322.3  79.0 022.4  26.0 1.42E-06 003.3 196.5  56.6 0.008598 0.002780 0.000504 hargrave 2023-09-22 23:18:07 
AF 580 002.1  78.0 027.3  19.7 1.17E-06 002.9 206.6  62.6 0.005336 0.003024 0.000547 hargrave 2023-09-22 23:19:28 
AF 600 016.5  75.3 029.4  15.9 1.17E-06 003.0 214.6  65.0 0.005130 0.003226 0.000675 hargrave 2023-09-22 23:20:49 
AF 650 011.1  69.1 025.9  10.5 8.09E-07 003.5 226.4  61.4 0.003797 0.003444 0.000648 hargrave 2023-09-22 23:22:09 
AF 700 021.9  58.5 027.7 -01.0 9.60E-07 002.8 249.8  59.7 0.002380 0.004449 0.001045 hargrave 2023-09-22 23:23:30 
AF 750 048.1  53.8 042.3 -05.3 8.57E-07 002.0 279.1  68.0 0.001212 0.003284 0.001114 hargrave 2023-09-22 23:24:51 
AF 800 099.0  59.8 062.1  14.4 8.89E-07 001.2 059.0  83.0 0.001019 0.001675 0.000978 hargrave 2023-09-22 23:26:12 
AF 850 078.1  44.0 064.2 -05.7 6.15E-07 002.8 341.8  69.4 0.002251 0.002081 0.000793 hargrave 2023-09-22 23:27:33 
AF 900 099.3  52.1 068.5  09.9 1.09E-06 002.0 034.4  76.5 0.002842 0.002363 0.000848 hargrave 2023-09-22 23:28:54 
AF 950 068.0  82.7 038.5  23.9 7.92E-07 002.4 187.2  70.8 0.003123 0.001303 0.000689 hargrave 2023-09-22 23:30:16 
AF1000 095.3  67.9 054.3  17.9 1.16E-06 001.1 142.7  84.8 0.001411 0.001664 0.000772 hargrave 2023-09-22 23:31:37 
