MF8- 12a mag compass orientation (IGRF corrected)
   16.2 163.1  50.0 304.0  60.0   1.0
NRM    350.8  72.0 021.3  16.3 8.91E-06 003.4 203.5  40.0 0.055927 0.024817 0.003946 hargrave 2023-09-08 16:04:08 
AF  10 347.1  72.5 020.7  17.4 8.53E-06 003.4 202.7  39.0 0.054023 0.022882 0.003479 hargrave 2023-09-08 16:05:27 
AF  20 344.5  72.8 020.3  18.1 8.10E-06 003.4 202.1  38.3 0.052627 0.021529 0.003278 hargrave 2023-09-08 16:06:47 
AF  30 344.3  72.8 020.3  18.2 7.77E-06 003.4 202.1  38.2 0.050796 0.021175 0.003126 hargrave 2023-09-08 16:08:07 
AF  40 346.0  73.0 020.8  18.0 7.20E-06 003.4 202.0  38.8 0.047678 0.019092 0.002718 hargrave 2023-09-08 16:09:27 
AF  50 346.2  73.7 021.3  18.4 6.93E-06 003.5 201.1  38.9 0.048423 0.017434 0.002605 hargrave 2023-09-08 16:10:51 
AF  60 344.9  74.6 021.7  19.4 6.53E-06 003.5 199.9  38.8 0.044699 0.016857 0.002497 hargrave 2023-09-08 16:12:11 
AF  70 342.0  74.0 020.7  19.5 6.05E-06 003.5 200.4  37.9 0.042268 0.015751 0.002248 hargrave 2023-09-08 16:13:31 
AF  80 338.7  74.6 020.5  20.5 5.59E-06 003.6 199.4  37.2 0.040380 0.014755 0.002106 hargrave 2023-09-08 16:14:51 
AF  90 348.4  74.3 022.2  18.5 5.40E-06 003.5 200.5  39.6 0.037548 0.013577 0.002048 hargrave 2023-09-08 16:16:12 
AF 100 343.8  74.6 021.5  19.6 5.22E-06 003.6 199.8  38.5 0.037466 0.013571 0.002040 hargrave 2023-09-08 16:17:32 
AF 110 341.0  75.2 021.4  20.5 5.06E-06 003.6 198.9  37.9 0.036463 0.012749 0.002042 hargrave 2023-09-08 16:18:52 
AF 120 339.2  73.5 019.7  19.7 4.71E-06 003.7 200.8  37.0 0.034563 0.012731 0.002103 hargrave 2023-09-08 16:20:12 
AF 130 336.5  74.7 020.2  21.1 4.54E-06 003.6 199.0  36.7 0.033684 0.011714 0.001943 hargrave 2023-09-08 16:21:32 
AF 140 336.8  75.4 020.8  21.4 4.33E-06 003.6 198.3  36.9 0.032246 0.010939 0.001976 hargrave 2023-09-08 16:22:53 
AF 150 330.1  76.3 020.7  23.3 4.16E-06 003.6 196.5  35.7 0.033232 0.009651 0.001866 hargrave 2023-09-08 16:24:17 
AF 160 336.8  77.4 022.5  22.7 3.94E-06 003.5 195.9  37.5 0.029515 0.009376 0.001987 hargrave 2023-09-08 16:25:38 
AF 170 322.5  74.4 017.8  24.1 3.69E-06 003.7 197.5  33.2 0.029096 0.009632 0.001685 hargrave 2023-09-08 16:26:58 
AF 180 330.8  75.2 019.7  22.6 3.52E-06 003.7 197.8  35.4 0.027095 0.008907 0.001621 hargrave 2023-09-08 16:28:19 
AF 190 324.1  76.7 020.2  24.7 3.39E-06 003.6 195.4  34.6 0.027792 0.007899 0.001323 hargrave 2023-09-08 16:29:43 
AF 200 336.4  78.9 023.7  23.6 3.14E-06 003.5 194.1  37.8 0.023490 0.007108 0.001127 hargrave 2023-09-08 16:31:03 
AF 220 334.1  80.8 025.3  25.1 2.99E-06 003.3 191.5  38.0 0.022235 0.005834 0.001217 hargrave 2023-09-08 16:32:23 
AF 240 341.8  73.9 020.6  19.5 2.31E-06 003.7 200.5  37.8 0.016888 0.006346 0.001203 hargrave 2023-09-08 16:33:44 
AF 260 342.2  74.2 020.9  19.6 2.37E-06 003.7 200.2  38.0 0.017296 0.006246 0.001121 hargrave 2023-09-08 16:35:04 
AF 280 341.4  74.3 020.8  19.8 1.97E-06 003.7 200.0  37.8 0.014436 0.005303 0.001248 hargrave 2023-09-08 16:36:25 
AF 300 336.8  75.4 020.9  21.5 1.87E-06 003.7 198.2  37.0 0.014634 0.004586 0.000962 hargrave 2023-09-08 16:37:50 
AF 320 331.2  66.9 012.5  17.7 1.84E-06 004.1 206.9  31.9 0.013952 0.006519 0.000954 hargrave 2023-09-08 16:39:10 
AF 340 328.1  73.2 017.4  22.1 1.65E-06 003.8 199.7  33.9 0.013074 0.004780 0.001211 hargrave 2023-09-08 16:40:30 
AF 360 340.2  70.7 017.7  17.6 1.71E-06 003.8 204.2  36.4 0.012551 0.005201 0.000686 hargrave 2023-09-08 16:41:51 
AF 380 342.5  65.8 014.7  13.6 1.77E-06 004.1 210.3  35.7 0.012801 0.006237 0.000318 hargrave 2023-09-08 16:43:15 
AF 400 298.8  74.0 015.5  30.2 1.59E-06 003.3 192.9  28.1 0.013425 0.003871 0.000208 hargrave 2023-09-08 16:44:39 
AF 420 265.4  77.5 021.7  37.2 1.40E-06 002.7 183.0  27.7 0.011773 0.002594 0.000691 hargrave 2023-09-08 16:45:59 
AF 440 298.3  77.2 019.1  30.4 1.71E-06 003.1 190.5  30.4 0.013863 0.003736 0.000412 hargrave 2023-09-08 16:47:20 
AF 460 306.3  84.2 027.3  29.6 1.33E-06 003.0 185.8  36.4 0.010146 0.002349 0.000147 hargrave 2023-09-08 16:48:41 
AF 480 319.6  68.2 011.3  22.2 1.57E-06 003.9 202.9  28.9 0.012558 0.004974 0.000436 hargrave 2023-09-08 16:50:01 
AF 500 305.8  62.8 003.6  25.6 1.70E-06 003.8 202.9  21.1 0.013956 0.005577 0.000374 hargrave 2023-09-08 16:51:22 
AF 520 312.0  69.9 011.9  25.3 1.44E-06 003.7 199.5  27.9 0.011897 0.004083 0.000328 hargrave 2023-09-08 16:52:43 
AF 540 316.2  66.0 008.5  22.5 1.27E-06 004.1 203.9  26.5 0.010507 0.004349 0.000367 hargrave 2023-09-08 16:54:03 
AF 560 338.6  57.9 007.7  09.3 1.26E-06 004.5 218.1  30.8 0.009103 0.005485 0.000189 hargrave 2023-09-08 16:55:24 
AF 580 328.7  72.6 017.0  21.7 1.10E-06 003.8 200.4  33.8 0.008747 0.003232 0.000318 hargrave 2023-09-08 16:56:44 
AF 600 320.5  56.9 000.9  16.5 1.04E-06 004.5 213.0  22.2 0.008441 0.004541 0.000356 hargrave 2023-09-08 16:58:05 
AF 650 347.9  68.2 018.0  14.0 1.50E-06 004.0 208.1  38.4 0.010711 0.005125 0.000492 hargrave 2023-09-08 16:59:25 
AF 700 337.3  80.9 025.6  24.7 1.39E-06 003.3 191.7  38.5 0.010146 0.003016 0.000644 hargrave 2023-09-08 17:00:46 
AF 750 020.1  71.8 029.6  12.3 1.23E-06 003.5 202.3  49.0 0.007710 0.003229 0.000720 hargrave 2023-09-08 17:02:06 
AF 800 121.1  77.4 048.4  28.6 9.88E-07 003.1 166.1  47.7 0.006198 0.001586 0.000837 hargrave 2023-09-08 17:03:30 
AF 850 033.0  47.7 033.3 -12.3 5.76E-07 004.0 241.4  60.4 0.003138 0.002640 0.000455 hargrave 2023-09-08 17:04:55 
AF 900 056.6  62.4 044.3  04.1 5.40E-07 003.5 198.6  65.5 0.003226 0.001583 0.000463 hargrave 2023-09-08 17:06:16 
AF 950 071.6  83.2 038.6  24.5 7.14E-07 002.9 180.3  46.8 0.004502 0.000849 0.000495 hargrave 2023-09-08 17:07:37 
AF1000 120.8  57.5 069.7  23.3 8.93E-07 002.4 136.2  55.0 0.003434 0.001736 0.000399 hargrave 2023-09-08 17:08:58 
