MF8- 35a mag compass orientation (IGRF corrected)
   63.2 210.1  24.0 304.0  60.0   1.0
NRM    311.0  71.5 013.5  26.1 9.50E-06 002.6 185.1  47.7 0.051957 0.017096 0.001810 hargrave 2023-09-11 01:38:33 
AF  10 307.1  71.6 013.2  27.4 9.08E-06 002.6 183.3  47.6 0.050554 0.014253 0.001710 hargrave 2023-09-11 01:39:55 
AF  20 301.0  71.0 012.2  29.2 8.75E-06 002.6 180.4  47.0 0.049155 0.012850 0.001600 hargrave 2023-09-11 01:41:16 
AF  30 302.1  71.2 012.4  28.9 8.05E-06 002.6 180.9  47.2 0.046431 0.011512 0.001521 hargrave 2023-09-11 01:42:38 
AF  40 297.4  72.4 013.7  30.4 7.93E-06 002.5 178.8  48.5 0.043260 0.009339 0.001813 hargrave 2023-09-11 01:43:59 
AF  50 294.9  70.4 011.3  31.1 7.46E-06 002.6 177.5  46.5 0.043703 0.009044 0.001607 hargrave 2023-09-11 01:45:20 
AF  60 295.9  70.7 011.6  30.8 7.03E-06 002.7 178.0  46.7 0.042560 0.008755 0.001761 hargrave 2023-09-11 01:46:41 
AF  70 296.3  70.9 011.8  30.7 6.75E-06 002.7 178.2  46.9 0.040690 0.008348 0.001760 hargrave 2023-09-11 01:48:02 
AF  80 294.4  68.2 008.7  31.2 6.42E-06 002.6 177.1  44.3 0.039897 0.007466 0.001913 hargrave 2023-09-11 01:49:24 
AF  90 291.7  67.4 007.7  32.2 5.89E-06 002.6 175.6  43.5 0.036648 0.006587 0.001602 hargrave 2023-09-11 01:50:45 
AF 100 290.9  68.6 009.0  32.5 5.58E-06 002.7 175.3  44.7 0.035492 0.006026 0.001656 hargrave 2023-09-11 01:52:06 
AF 110 292.0  68.8 009.3  32.1 5.34E-06 002.7 175.9  44.9 0.034016 0.006473 0.002371 hargrave 2023-09-11 01:53:27 
AF 120 282.3  72.9 014.5  34.9 4.91E-06 002.8 172.0  49.4 0.029300 0.006370 0.001938 hargrave 2023-09-11 01:54:48 
AF 130 281.9  72.3 013.8  35.1 4.90E-06 002.9 171.7  48.8 0.030439 0.005632 0.001582 hargrave 2023-09-11 01:56:09 
AF 140 284.8  69.0 009.7  34.7 4.81E-06 002.9 172.3  45.4 0.031554 0.005816 0.002151 hargrave 2023-09-11 01:57:30 
AF 150 286.2  73.3 014.7  33.7 4.41E-06 003.0 173.9  49.6 0.027937 0.005156 0.002236 hargrave 2023-09-11 01:58:51 
AF 160 303.0  75.0 016.7  29.1 4.30E-06 003.1 181.2  51.0 0.027685 0.005837 0.003098 hargrave 2023-09-11 02:00:11 
AF 170 289.9  71.8 012.9  32.7 4.09E-06 003.0 175.3  48.0 0.027017 0.005161 0.002000 hargrave 2023-09-11 02:01:32 
AF 180 289.6  78.8 021.2  32.2 4.22E-06 003.0 176.5  55.0 0.025026 0.005023 0.002547 hargrave 2023-09-11 02:02:54 
AF 190 272.1  78.1 021.5  35.7 3.90E-06 002.9 170.2  55.1 0.022507 0.004614 0.001864 hargrave 2023-09-11 02:04:14 
AF 200 277.8  77.7 020.5  34.7 3.59E-06 002.9 172.0  54.3 0.021292 0.003999 0.002537 hargrave 2023-09-11 02:05:35 
AF 220 265.5  79.0 023.3  36.4 3.51E-06 002.9 168.7  56.4 0.020246 0.004722 0.001786 hargrave 2023-09-11 02:06:56 
AF 240 255.9  75.6 021.5  40.1 2.72E-06 002.9 162.7  54.3 0.015410 0.003977 0.001790 hargrave 2023-09-11 02:08:17 
AF 260 199.2  73.9 039.8  45.5 3.00E-06 002.3 141.4  64.0 0.010117 0.006872 0.001933 hargrave 2023-09-11 02:09:38 
AF 280 187.8  78.7 040.4  40.0 2.96E-06 002.2 151.4  67.8 0.010418 0.004773 0.002134 hargrave 2023-09-11 02:10:59 
AF 300 180.2  78.4 042.3  39.3 2.51E-06 002.3 150.5  69.3 0.009041 0.004715 0.002665 hargrave 2023-09-11 02:12:20 
AF 320 195.5  73.6 041.3  45.4 2.48E-06 002.3 140.0  64.9 0.008615 0.005831 0.002112 hargrave 2023-09-11 02:13:41 
AF 340 232.4  81.6 030.6  37.9 2.07E-06 002.7 163.4  61.8 0.010086 0.003713 0.001098 hargrave 2023-09-11 02:15:03 
AF 360 225.8  76.3 030.2  43.3 1.84E-06 002.8 153.4  59.5 0.008995 0.003710 0.001254 hargrave 2023-09-11 02:16:24 
AF 380 221.6  69.5 029.9  50.2 1.16E-06 003.3 142.4  55.9 0.006553 0.003392 0.002003 hargrave 2023-09-11 02:17:45 
AF 400 143.2  60.0 069.3  35.1 1.72E-06 002.0 070.9  78.0 0.004739 0.003750 0.001161 hargrave 2023-09-11 02:19:06 
AF 420 195.4  74.0 041.2  45.0 1.85E-06 002.5 140.7  65.0 0.007217 0.003490 0.001864 hargrave 2023-09-11 02:20:27 
AF 440 230.7  57.8 016.2  59.9 2.10E-06 003.6 136.0  44.2 0.011533 0.008408 0.003153 hargrave 2023-09-11 02:21:49 
AF 460 218.3  54.3 027.9  65.5 1.61E-06 003.6 125.1  45.0 0.007924 0.007640 0.002885 hargrave 2023-09-11 02:23:09 
AF 480 065.1  86.0 036.3  26.6 1.67E-06 003.1 188.8  68.1 0.009204 0.003387 0.003707 hargrave 2023-09-11 02:24:31 
AF 500 114.5  84.6 040.1  29.0 1.06E-06 003.3 181.6  71.3 0.005811 0.002196 0.003018 hargrave 2023-09-11 02:25:52 
AF 520 240.6  44.2 345.5  64.6 8.51E-07 004.2 135.0  29.3 0.006096 0.003262 0.001888 hargrave 2023-09-11 02:27:13 
AF 540 102.4  60.7 062.3  16.3 1.82E-06 002.2 295.7  80.5 0.005449 0.004712 0.002682 hargrave 2023-09-11 02:28:34 
AF 560 224.9  51.4 016.4  67.2 1.71E-06 004.0 127.5  40.5 0.009645 0.008581 0.001937 hargrave 2023-09-11 02:29:55 
AF 580 177.0  64.9 056.5  48.3 2.16E-06 002.1 113.8  67.1 0.005599 0.005807 0.003076 hargrave 2023-09-11 02:31:16 
AF 600 261.0  40.5 332.6  50.7 8.09E-07 004.4 149.1  20.7 0.007752 0.003219 0.000910 hargrave 2023-09-11 02:32:36 
AF 650 108.4  53.7 070.2  15.4 1.93E-06 002.1 329.2  76.4 0.005549 0.004358 0.001101 hargrave 2023-09-11 02:33:57 
AF 700 142.4  59.0 070.5  34.7 1.40E-06 001.9 066.0  77.6 0.003893 0.002064 0.002623 hargrave 2023-09-11 02:35:18 
AF 750 238.8  48.5 355.4  63.6 1.26E-06 004.5 135.7  33.7 0.009468 0.005532 0.001397 hargrave 2023-09-11 02:36:39 
AF 800 066.8  79.6 040.0  21.2 1.61E-06 003.1 205.5  70.4 0.007377 0.005298 0.004429 hargrave 2023-09-11 02:38:00 
AF 850 038.1  46.0 037.0 -13.9 1.05E-06 004.1 253.5  44.2 0.004519 0.008803 0.002593 hargrave 2023-09-11 02:39:21 
AF 900 119.5  63.2 063.7  24.5 1.45E-06 001.9 354.4  87.1 0.003615 0.003188 0.001579 hargrave 2023-09-11 02:40:42 
AF 950 003.1  42.7 011.3 -11.9 1.74E-06 005.8 228.4  29.0 0.014216 0.012115 0.004538 hargrave 2023-09-11 02:42:03 
AF1000 123.1  40.2 087.5  18.2 1.50E-06 002.9 005.3  64.1 0.006528 0.003831 0.002606 hargrave 2023-09-11 02:43:24 
