MF8- 1a mag compass orientation (IGRF corrected)
    0.3 147.1  44.0 304.0  60.0   1.0
NRM    346.1  71.7 019.9  17.0 9.86E-06 003.0 206.9  48.9 0.047424 0.027877 0.006163 hargrave 2023-09-06 23:51:46 
AF  10 344.0  71.8 019.5  17.5 9.50E-06 003.0 206.6  48.3 0.045993 0.026946 0.005863 hargrave 2023-09-06 23:53:06 
AF  20 343.3  72.2 019.6  18.0 9.10E-06 003.0 206.0  48.1 0.045008 0.025222 0.005719 hargrave 2023-09-06 23:54:26 
AF  30 342.7  73.1 020.2  18.7 8.80E-06 003.0 204.7  48.0 0.043844 0.024381 0.005864 hargrave 2023-09-06 23:55:46 
AF  40 344.4  73.9 021.1  18.9 8.51E-06 002.9 203.6  48.4 0.042421 0.022919 0.005855 hargrave 2023-09-06 23:57:07 
AF  50 345.5  74.5 021.7  19.1 8.17E-06 003.0 202.7  48.7 0.042377 0.020778 0.005323 hargrave 2023-09-06 23:58:28 
AF  60 343.2  75.2 021.8  20.1 8.16E-06 002.9 201.6  48.1 0.041892 0.021352 0.005311 hargrave 2023-09-06 23:59:49 
AF  70 333.1  75.4 020.2  22.2 8.09E-06 003.0 201.1  45.6 0.043646 0.020574 0.005246 hargrave 2023-09-07 00:01:09 
AF  80 341.3  76.4 022.4  21.3 7.73E-06 002.9 199.7  47.7 0.040277 0.018475 0.004913 hargrave 2023-09-07 00:02:30 
AF  90 336.9  76.8 022.0  22.3 7.66E-06 002.9 199.2  46.7 0.040691 0.018433 0.005125 hargrave 2023-09-07 00:03:51 
AF 100 337.2  78.1 023.2  23.0 7.46E-06 002.9 197.3  46.8 0.040827 0.016632 0.005048 hargrave 2023-09-07 00:05:12 
AF 110 330.3  76.1 020.4  23.1 7.19E-06 003.0 199.9  45.0 0.039918 0.018369 0.004996 hargrave 2023-09-07 00:06:33 
AF 120 331.8  76.5 021.0  23.0 6.76E-06 003.0 199.4  45.5 0.038035 0.017027 0.004047 hargrave 2023-09-07 00:07:54 
AF 130 331.1  76.7 021.1  23.3 6.63E-06 003.1 199.1  45.3 0.038876 0.016458 0.004139 hargrave 2023-09-07 00:09:15 
AF 140 338.7  80.7 025.6  24.5 6.68E-06 002.8 193.4  47.1 0.038028 0.012887 0.004187 hargrave 2023-09-07 00:10:36 
AF 150 326.4  80.7 024.4  26.1 6.56E-06 002.8 193.2  45.1 0.037562 0.012990 0.004317 hargrave 2023-09-07 00:11:57 
AF 160 330.8  79.4 023.6  24.8 6.45E-06 002.9 195.2  45.7 0.037119 0.013913 0.004231 hargrave 2023-09-07 00:13:18 
AF 170 326.8  80.3 024.1  25.9 6.34E-06 002.9 193.8  45.1 0.036731 0.013202 0.003935 hargrave 2023-09-07 00:14:39 
AF 180 331.9  80.9 025.1  25.4 6.04E-06 002.9 193.1  46.0 0.035819 0.012003 0.004373 hargrave 2023-09-07 00:16:00 
AF 190 337.9  75.6 021.2  21.3 6.00E-06 003.1 200.9  46.8 0.034126 0.015522 0.003894 hargrave 2023-09-07 00:17:21 
AF 200 328.7  79.4 023.4  25.2 5.55E-06 002.9 195.1  45.3 0.033190 0.011656 0.003559 hargrave 2023-09-07 00:18:42 
AF 220 320.3  78.8 021.9  26.3 5.37E-06 003.0 195.5  43.6 0.033601 0.011829 0.003621 hargrave 2023-09-07 00:20:02 
AF 240 348.7  75.9 023.4  19.6 4.72E-06 003.1 200.5  49.5 0.027485 0.011630 0.004172 hargrave 2023-09-07 00:21:23 
AF 260 328.7  79.5 023.4  25.2 4.38E-06 003.1 195.0  45.3 0.027706 0.009311 0.003735 hargrave 2023-09-07 00:22:44 
AF 280 290.4  77.6 019.7  32.2 4.66E-06 002.9 192.6  37.8 0.031889 0.009793 0.004201 hargrave 2023-09-07 00:24:05 
AF 300 277.3  74.2 016.5  36.0 4.41E-06 003.0 192.1  33.2 0.032880 0.009555 0.004142 hargrave 2023-09-07 00:25:26 
AF 320 269.2  74.4 017.8  37.9 4.53E-06 002.8 189.7  32.3 0.033904 0.009124 0.003956 hargrave 2023-09-07 00:26:46 
AF 340 289.2  67.5 007.8  33.1 4.10E-06 003.6 200.4  30.1 0.030318 0.013178 0.003649 hargrave 2023-09-07 00:28:07 
AF 360 290.2  67.2 007.5  32.8 4.19E-06 003.7 200.9  30.1 0.031561 0.014063 0.003933 hargrave 2023-09-07 00:29:28 
AF 380 267.2  69.8 012.7  40.4 3.40E-06 003.0 191.3  27.8 0.027976 0.007657 0.002979 hargrave 2023-09-07 00:30:49 
AF 400 304.0  75.5 017.4  29.0 4.19E-06 003.4 197.2  38.9 0.029781 0.011041 0.002868 hargrave 2023-09-07 00:32:10 
AF 420 279.6  67.9 008.8  36.7 3.27E-06 003.4 196.7  28.3 0.025970 0.009397 0.003123 hargrave 2023-09-07 00:33:31 
AF 440 276.5  61.6 001.1  39.1 3.20E-06 003.7 199.0  22.2 0.026280 0.010856 0.002942 hargrave 2023-09-07 00:34:52 
AF 460 283.0  63.5 003.1  35.9 3.08E-06 004.0 200.8  25.3 0.026150 0.010811 0.002843 hargrave 2023-09-07 00:36:13 
AF 480 271.5  68.6 010.6  39.4 2.90E-06 003.3 193.4  27.5 0.024746 0.007564 0.002958 hargrave 2023-09-07 00:37:35 
AF 500 281.8  66.7 007.1  36.1 3.13E-06 003.5 198.3  27.7 0.024919 0.009472 0.002159 hargrave 2023-09-07 00:38:56 
AF 520 309.0  64.9 006.2  24.9 3.09E-06 004.3 209.1  34.0 0.022505 0.012661 0.003254 hargrave 2023-09-07 00:40:17 
AF 540 257.0  65.7 010.3  45.7 2.71E-06 002.6 188.7  22.8 0.023414 0.005557 0.002421 hargrave 2023-09-07 00:41:38 
AF 560 306.8  64.0 005.0  25.5 3.20E-06 004.2 209.2  32.8 0.023295 0.012884 0.002663 hargrave 2023-09-07 00:42:59 
AF 580 279.5  55.9 353.7  38.0 2.83E-06 004.3 203.4  18.0 0.024661 0.011303 0.002390 hargrave 2023-09-07 00:44:19 
AF 600 054.2  62.9 043.1  04.3 1.12E-06 001.9 184.5  73.0 0.003474 0.001611 0.001367 hargrave 2023-09-07 00:45:40 
AF 650 031.4  29.5 031.3 -30.4 1.52E-06 002.5 300.4  64.0 0.003315 0.006308 0.001338 hargrave 2023-09-07 00:47:01 
AF 700 024.3  39.8 026.1 -19.6 1.61E-06 002.1 272.7  65.4 0.001725 0.006821 0.001760 hargrave 2023-09-07 00:48:22 
AF 750 054.3 -01.0 071.4 -55.1 1.47E-06 003.4 356.2  43.0 0.011366 0.003866 0.001089 hargrave 2023-09-07 00:49:43 
AF 800 295.7  66.1 006.3  30.5 1.86E-06 004.2 203.7  30.7 0.014856 0.007172 0.001847 hargrave 2023-09-07 00:51:04 
AF 850 357.3  61.7 017.4  06.3 1.81E-06 003.6 223.0  53.0 0.008707 0.007379 0.001190 hargrave 2023-09-07 00:52:25 
AF 900 291.2  72.4 013.5  32.3 2.18E-06 003.7 197.3  34.2 0.017780 0.006346 0.001993 hargrave 2023-09-07 00:53:46 
AF 950 308.3  56.6 357.5  22.4 2.23E-06 004.9 216.4  28.5 0.016927 0.011113 0.001905 hargrave 2023-09-07 00:55:07 
AF1000 009.2  16.0 003.1 -38.2 1.10E-06 003.4 290.9  40.2 0.003437 0.007585 0.000961 hargrave 2023-09-07 00:56:28 
