MF8- 5a mag compass orientation (IGRF corrected)
    1.5 116.1  41.0 304.0  60.0   1.0
NRM    351.2  63.0 015.8  09.1 8.47E-06 002.3 220.5  66.4 0.029071 0.019722 0.004116 hargrave 2023-09-07 03:11:21 
AF  10 350.4  63.7 015.9  09.8 7.98E-06 002.4 219.2  65.9 0.027853 0.018350 0.003553 hargrave 2023-09-07 03:12:41 
AF  20 350.6  63.3 015.7  09.4 7.56E-06 002.4 220.1  66.1 0.026328 0.017655 0.003249 hargrave 2023-09-07 03:14:02 
AF  30 352.9  63.4 016.7  08.9 7.11E-06 002.3 218.8  67.0 0.024411 0.015764 0.003129 hargrave 2023-09-07 03:15:22 
AF  40 354.6  63.4 017.3  08.5 6.59E-06 002.3 218.0  67.7 0.022617 0.014255 0.003128 hargrave 2023-09-07 03:16:43 
AF  50 356.7  64.7 018.8  09.1 6.44E-06 002.3 214.0  67.9 0.022586 0.012770 0.003105 hargrave 2023-09-07 03:18:03 
AF  60 355.5  64.3 018.2  09.0 5.96E-06 002.3 215.4  67.7 0.021228 0.012323 0.002506 hargrave 2023-09-07 03:19:24 
AF  70 353.0  64.0 017.1  09.4 5.55E-06 002.4 217.4  66.8 0.020160 0.012379 0.002512 hargrave 2023-09-07 03:20:44 
AF  80 353.9  64.4 017.6  09.5 5.24E-06 002.4 216.1  67.0 0.019323 0.011023 0.002423 hargrave 2023-09-07 03:22:05 
AF  90 350.3  64.4 016.3  10.4 4.96E-06 002.5 217.6  65.6 0.019009 0.011678 0.002238 hargrave 2023-09-07 03:23:25 
AF 100 360.0  60.5 018.0  04.7 4.63E-06 002.0 222.3  71.2 0.013779 0.009075 0.002154 hargrave 2023-09-07 03:24:46 
AF 110 355.3  64.0 017.9  08.8 4.45E-06 002.4 216.2  67.7 0.016168 0.009184 0.002099 hargrave 2023-09-07 03:26:07 
AF 120 353.9  64.0 017.4  09.2 4.10E-06 002.4 217.0  67.2 0.015541 0.008717 0.001909 hargrave 2023-09-07 03:27:27 
AF 130 006.9  65.5 023.0  07.8 4.03E-06 002.1 204.3  70.6 0.014272 0.005289 0.002222 hargrave 2023-09-07 03:28:49 
AF 140 003.3  69.7 023.6  12.1 3.96E-06 002.4 199.8  66.6 0.017014 0.005456 0.002236 hargrave 2023-09-07 03:30:10 
AF 150 359.4  68.0 021.5  11.4 3.93E-06 002.4 205.3  66.8 0.016138 0.006359 0.002287 hargrave 2023-09-07 03:31:30 
AF 160 013.1  69.2 026.6  10.4 3.58E-06 002.2 192.7  68.8 0.014499 0.003444 0.001820 hargrave 2023-09-07 03:32:51 
AF 170 018.7  70.6 028.9  11.2 3.46E-06 002.2 186.6  68.1 0.014254 0.002370 0.002334 hargrave 2023-09-07 03:34:11 
AF 180 014.9  63.4 025.6  04.7 3.37E-06 001.8 198.7  74.3 0.010532 0.003087 0.002172 hargrave 2023-09-07 03:35:32 
AF 190 353.7  61.2 015.7  06.9 2.95E-06 002.3 223.9  68.2 0.009876 0.007167 0.001464 hargrave 2023-09-07 03:36:52 
AF 200 345.4  68.1 017.2  14.5 3.10E-06 002.9 211.6  62.3 0.014679 0.007110 0.002455 hargrave 2023-09-07 03:38:13 
AF 220 344.3  66.7 015.9  13.7 2.33E-06 002.9 214.8  62.4 0.010916 0.005813 0.001440 hargrave 2023-09-07 03:39:33 
AF 240 354.7  71.5 022.0  15.2 2.85E-06 002.8 201.6  63.3 0.014271 0.004685 0.001798 hargrave 2023-09-07 03:40:54 
AF 260 015.9  69.3 027.6  10.2 2.49E-06 002.3 190.1  69.1 0.010553 0.002019 0.001971 hargrave 2023-09-07 03:42:15 
AF 280 294.1  80.6 023.2  31.2 2.23E-06 003.4 194.0  47.8 0.016252 0.003955 0.001865 hargrave 2023-09-07 03:43:35 
AF 300 048.1  80.1 036.6  20.3 2.25E-06 002.9 173.0  58.0 0.013176 0.002255 0.001869 hargrave 2023-09-07 03:44:56 
AF 320 051.5  78.7 037.6  19.2 2.24E-06 002.9 170.7  58.9 0.012905 0.002021 0.001538 hargrave 2023-09-07 03:46:16 
AF 340 015.8  84.1 032.0  24.4 2.16E-06 002.9 181.8  54.8 0.013392 0.001114 0.001131 hargrave 2023-09-07 03:47:37 
AF 360 012.7  83.6 031.4  24.0 2.18E-06 003.0 182.6  55.2 0.013980 0.001300 0.001059 hargrave 2023-09-07 03:48:58 
AF 380 319.3  63.9 007.0  20.4 2.10E-06 003.7 221.5  52.3 0.011493 0.007912 0.001024 hargrave 2023-09-07 03:50:18 
AF 400 317.8  86.7 030.3  29.2 2.65E-06 003.1 184.8  50.1 0.018280 0.002832 0.002592 hargrave 2023-09-07 03:51:38 
AF 420 282.8  60.7 359.6  36.1 2.02E-06 004.7 216.0  35.7 0.014917 0.009557 0.001280 hargrave 2023-09-07 03:52:59 
AF 440 270.7  72.7 015.6  38.2 1.99E-06 003.8 200.4  39.6 0.015705 0.005476 0.001527 hargrave 2023-09-07 03:54:19 
AF 460 270.3  49.8 345.9  43.8 1.98E-06 005.3 219.2  23.1 0.016138 0.010830 0.001992 hargrave 2023-09-07 03:55:40 
AF 480 282.0  69.0 009.8  35.7 1.68E-06 004.2 207.1  40.3 0.012701 0.005891 0.000837 hargrave 2023-09-07 03:57:00 
AF 500 039.4  65.2 036.3  05.3 1.81E-06 001.7 161.4  72.3 0.005566 0.001368 0.002370 hargrave 2023-09-07 03:58:21 
AF 520 126.9  81.6 043.8  30.1 1.54E-06 003.2 167.8  46.8 0.011268 0.002126 0.002053 hargrave 2023-09-07 03:59:41 
AF 540 209.2  82.0 034.8  38.0 1.05E-06 003.3 180.6  41.0 0.009146 0.001017 0.001629 hargrave 2023-09-07 04:01:02 
AF 560 321.9  66.5 010.1  20.6 9.49E-07 003.9 217.4  53.7 0.005728 0.003590 0.000755 hargrave 2023-09-07 04:02:22 
AF 580 324.4  78.1 021.7  25.3 1.60E-06 003.4 197.7  53.4 0.010675 0.003237 0.002194 hargrave 2023-09-07 04:03:42 
AF 600 099.2  44.1 074.9  05.0 1.17E-06 003.4 113.5  41.5 0.003664 0.007104 0.001464 hargrave 2023-09-07 04:05:03 
AF 650 111.7  54.6 070.4  17.5 1.01E-06 004.2 130.9  40.1 0.005715 0.005008 0.001265 hargrave 2023-09-07 04:06:23 
AF 700 054.6  63.6 043.0  05.0 1.32E-06 002.1 144.1  68.8 0.004491 0.002405 0.001249 hargrave 2023-09-07 04:07:43 
AF 750 006.2  79.0 028.6  20.2 8.75E-07 003.1 187.3  59.1 0.005426 0.000849 0.000810 hargrave 2023-09-07 04:09:04 
AF 800 261.5 -49.9 242.4 -00.3 1.64E-07 004.0 293.0 -54.8 0.001011 0.000993 0.001141 hargrave 2023-09-07 04:10:24 
AF 850 196.9 -34.4 198.6  23.6 5.37E-07 002.9 151.6 -73.9 0.002128 0.001413 0.001292 hargrave 2023-09-07 04:11:44 
AF 900 149.0 -50.8 178.5 -09.0 3.34E-07 002.9 064.8 -54.1 0.000750 0.001593 0.002060 hargrave 2023-09-07 04:13:05 
AF 950 039.3 -78.6 212.6 -41.4 3.99E-07 003.8 003.3 -37.8 0.003218 0.000949 0.001348 hargrave 2023-09-07 04:14:26 
AF1000 089.6 -29.5 138.2 -42.2 1.50E-06 005.6 051.7 -06.8 0.010163 0.010897 0.001671 hargrave 2023-09-07 04:15:47 
