MF8- 59a sun compass orientation
  118.4 219.8  25.0 304.0  60.0   1.0
NRM    338.4  70.5 017.2  17.9 6.64E-06 002.1 193.5  46.9 0.026897 0.010772 0.006047 hargrave 2023-09-26 00:13:43 
AF  10 337.6  70.3 016.8  18.0 6.33E-06 002.1 193.3  46.6 0.024947 0.009945 0.005221 hargrave 2023-09-26 00:15:03 
AF  20 337.1  69.9 016.4  17.9 5.89E-06 002.0 193.1  46.3 0.023099 0.009127 0.005002 hargrave 2023-09-26 00:16:24 
AF  30 340.0  69.4 016.7  16.8 5.53E-06 002.1 194.8  46.1 0.022600 0.009206 0.004836 hargrave 2023-09-26 00:17:45 
AF  40 341.0  68.4 016.2  15.8 5.16E-06 002.1 195.7  45.2 0.019974 0.009874 0.004306 hargrave 2023-09-26 00:19:09 
AF  50 341.3  67.8 015.8  15.3 4.92E-06 002.1 196.1  44.6 0.019300 0.009381 0.004036 hargrave 2023-09-26 00:20:33 
AF  60 341.0  68.4 016.2  15.9 4.68E-06 002.2 195.7  45.2 0.019623 0.007963 0.003771 hargrave 2023-09-26 00:21:54 
AF  70 345.5  68.5 017.5  14.8 4.42E-06 002.2 197.9  45.9 0.017560 0.008788 0.003760 hargrave 2023-09-26 00:23:18 
AF  80 349.5  68.9 018.9  14.1 4.14E-06 002.4 199.6  46.8 0.017617 0.007773 0.003496 hargrave 2023-09-26 00:24:39 
AF  90 345.7  69.9 018.6  15.8 3.90E-06 002.1 197.2  47.2 0.014886 0.007397 0.002871 hargrave 2023-09-26 00:26:03 
AF 100 343.0  71.2 018.7  17.3 3.59E-06 002.2 195.3  48.0 0.015055 0.005899 0.003178 hargrave 2023-09-26 00:27:24 
AF 110 345.4  68.3 017.4  14.7 3.46E-06 002.4 197.9  45.7 0.015141 0.006329 0.002899 hargrave 2023-09-26 00:28:44 
AF 120 339.9  66.7 014.6  15.0 3.34E-06 002.3 195.9  43.4 0.015214 0.005948 0.003239 hargrave 2023-09-26 00:30:05 
AF 130 336.0  69.0 015.4  17.6 3.14E-06 002.2 193.0  45.2 0.013771 0.005054 0.002904 hargrave 2023-09-26 00:31:26 
AF 140 344.9  67.7 016.8  14.3 3.01E-06 002.4 198.0  45.0 0.013572 0.005575 0.002957 hargrave 2023-09-26 00:32:46 
AF 150 347.8  64.8 015.7  11.4 2.80E-06 002.5 200.9  42.7 0.012922 0.005633 0.002585 hargrave 2023-09-26 00:34:07 
AF 160 337.1  60.5 009.1  11.7 2.85E-06 002.5 196.4  37.1 0.014268 0.005662 0.002828 hargrave 2023-09-26 00:35:28 
AF 170 334.1  62.1 009.3  13.8 2.64E-06 002.3 194.2  38.3 0.012847 0.004711 0.002581 hargrave 2023-09-26 00:36:48 
AF 180 333.5  62.4 009.4  14.2 2.27E-06 002.4 193.8  38.6 0.011375 0.003956 0.001658 hargrave 2023-09-26 00:38:09 
AF 190 327.3  69.0 013.4  20.1 2.27E-06 002.2 188.7  44.5 0.010298 0.003244 0.001909 hargrave 2023-09-26 00:39:31 
AF 200 325.7  62.9 007.7  17.4 2.09E-06 002.3 189.2  38.4 0.010446 0.003192 0.001883 hargrave 2023-09-26 00:40:51 
AF 220 342.3  60.6 011.0  09.9 2.13E-06 002.6 199.5  38.0 0.010651 0.004454 0.002052 hargrave 2023-09-26 00:42:12 
AF 240 327.4  62.4 007.7  16.5 1.99E-06 002.3 190.3  38.1 0.009862 0.003320 0.002177 hargrave 2023-09-26 00:43:32 
AF 260 327.1  58.9 004.6  14.6 1.93E-06 002.4 190.8  34.6 0.010150 0.003398 0.002279 hargrave 2023-09-26 00:44:53 
AF 280 340.0  52.4 004.3  04.9 1.68E-06 002.8 200.7  29.6 0.009438 0.003993 0.002023 hargrave 2023-09-26 00:46:13 
AF 300 339.4  58.8 008.7  09.7 1.61E-06 002.6 198.4  35.8 0.008359 0.003318 0.001306 hargrave 2023-09-26 00:47:34 
AF 320 330.5  66.3 011.8  17.6 1.56E-06 002.3 191.0  42.2 0.007676 0.002490 0.001353 hargrave 2023-09-26 00:48:54 
AF 340 318.4  65.2 008.1  21.3 1.73E-06 002.2 184.7  40.3 0.008548 0.002420 0.001332 hargrave 2023-09-26 00:50:15 
AF 360 333.3  71.1 016.6  19.6 1.29E-06 002.3 190.9  47.1 0.005817 0.001937 0.000781 hargrave 2023-09-26 00:51:35 
AF 380 348.8  83.0 028.5  25.0 1.37E-06 002.0 188.6  59.3 0.004720 0.001843 0.001260 hargrave 2023-09-26 00:52:57 
AF 400 302.3  63.1 003.4  27.2 1.09E-06 002.0 175.7  38.2 0.005201 0.001205 0.001249 hargrave 2023-09-26 00:54:18 
AF 420 272.2  69.7 011.8  38.9 1.61E-06 001.8 161.8  47.2 0.006062 0.001262 0.001375 hargrave 2023-09-26 00:55:38 
AF 440 296.4  69.5 010.2  30.6 1.36E-06 002.0 173.4  44.8 0.005911 0.001278 0.001229 hargrave 2023-09-26 00:56:59 
AF 460 302.1  84.9 028.1  30.0 1.63E-06 001.8 178.6  60.0 0.005196 0.001657 0.001984 hargrave 2023-09-26 00:58:23 
AF 480 313.0  69.4 011.5  24.9 1.42E-06 002.0 181.6  44.4 0.006434 0.001490 0.001256 hargrave 2023-09-26 00:59:43 
AF 500 275.9  81.4 024.8  33.7 1.19E-06 001.9 171.0  57.5 0.003966 0.001165 0.001004 hargrave 2023-09-26 01:01:04 
AF 520 286.1  77.4 019.6  33.1 1.66E-06 001.9 171.6  53.1 0.006288 0.001019 0.001611 hargrave 2023-09-26 01:02:24 
AF 540 286.9  72.7 014.1  33.6 1.27E-06 001.9 169.9  48.6 0.005148 0.001113 0.001284 hargrave 2023-09-26 01:03:44 
AF 560 196.7  76.7 039.3  42.6 1.36E-06 001.2 147.4  67.0 0.002669 0.000976 0.001228 hargrave 2023-09-26 01:05:05 
AF 580 208.7  74.0 036.1  45.9 1.07E-06 001.3 143.0  63.3 0.002151 0.001138 0.001041 hargrave 2023-09-26 01:06:26 
AF 600 226.9  62.8 023.4  56.2 8.85E-07 001.6 133.2  51.4 0.001826 0.001480 0.000605 hargrave 2023-09-26 01:07:46 
AF 650 181.2  62.6 057.5  51.2 7.30E-07 001.1 107.6  67.8 0.000764 0.001231 0.000718 hargrave 2023-09-26 01:09:07 
AF 700 215.9  20.9 225.0  80.7 6.17E-07 001.2 095.7  20.5 0.000828 0.002314 0.000680 hargrave 2023-09-26 01:10:28 
AF 750 175.1  41.6 092.8  56.7 6.71E-07 002.0 069.7  55.5 0.001680 0.001642 0.000558 hargrave 2023-09-26 01:11:48 
AF 800 189.1  49.1 071.6  63.2 5.45E-07 001.7 091.7  55.7 0.001020 0.001494 0.000418 hargrave 2023-09-26 01:13:09 
AF 850 149.7  31.6 104.7  35.6 4.86E-07 002.7 029.9  54.4 0.002218 0.001264 0.000789 hargrave 2023-09-26 01:14:30 
AF 900 197.5  22.5 147.1  73.4 5.54E-07 001.8 079.7  29.6 0.001235 0.001797 0.000307 hargrave 2023-09-26 01:15:51 
AF 950 175.8  07.2 148.6  47.5 6.62E-07 003.3 051.3  23.9 0.003156 0.002272 0.000548 hargrave 2023-09-26 01:17:15 
AF1000 162.2  31.7 108.1  46.0 1.08E-06 002.6 046.8  51.2 0.004150 0.002675 0.000615 hargrave 2023-09-26 01:18:36 
