MF8- 37a sun compass orientation
     66 238.2  50.0 304.0  60.0   1.0
NRM    322.1  57.3 001.7  16.0 1.04E-05 001.2 176.7  07.4 0.060362 0.022854 0.001685 hargrave 2023-09-11 03:52:37 
AF  10 320.7  56.9 000.9  16.4 1.01E-05 001.1 175.9  07.1 0.059995 0.020069 0.001571 hargrave 2023-09-11 03:53:57 
AF  20 319.3  57.0 000.7  17.2 9.68E-06 001.1 175.1  07.3 0.058493 0.019181 0.001380 hargrave 2023-09-11 03:55:17 
AF  30 317.9  56.4 359.7  17.6 9.31E-06 001.0 174.3  06.8 0.057091 0.017920 0.001649 hargrave 2023-09-11 03:56:38 
AF  40 316.5  56.4 359.3  18.2 8.80E-06 001.0 173.5  06.9 0.055495 0.017259 0.001646 hargrave 2023-09-11 03:57:58 
AF  50 312.8  56.3 358.3  20.0 8.41E-06 001.0 171.5  07.2 0.053712 0.016781 0.001539 hargrave 2023-09-11 03:59:19 
AF  60 312.4  56.5 358.4  20.3 8.19E-06 001.0 171.3  07.4 0.053146 0.015589 0.001331 hargrave 2023-09-11 04:00:39 
AF  70 309.4  57.5 358.7  22.2 7.59E-06 001.1 169.9  08.8 0.050997 0.014599 0.001245 hargrave 2023-09-11 04:02:00 
AF  80 304.8  55.4 355.6  23.9 7.31E-06 001.3 166.8  07.4 0.049243 0.015317 0.001245 hargrave 2023-09-11 04:03:20 
AF  90 301.1  55.0 354.5  25.7 7.23E-06 001.4 164.7  07.8 0.048379 0.015838 0.001660 hargrave 2023-09-11 04:04:40 
AF 100 301.9  53.3 352.9  24.8 6.83E-06 001.4 164.6  06.0 0.046970 0.014750 0.001720 hargrave 2023-09-11 04:06:01 
AF 110 300.1  54.6 353.9  26.2 6.48E-06 001.6 164.0  07.6 0.045707 0.014938 0.001567 hargrave 2023-09-11 04:07:22 
AF 120 299.3  53.6 352.7  26.4 6.12E-06 001.7 163.2  06.9 0.044157 0.014319 0.001936 hargrave 2023-09-11 04:08:42 
AF 130 292.0  55.9 354.2  31.0 5.90E-06 002.0 160.3  10.7 0.042037 0.015079 0.001749 hargrave 2023-09-11 04:10:02 
AF 140 291.3  56.0 354.2  31.4 5.40E-06 002.1 160.0  10.9 0.039955 0.013944 0.001721 hargrave 2023-09-11 04:11:23 
AF 150 289.3  55.2 353.2  32.4 5.22E-06 002.3 158.6  10.8 0.038640 0.013934 0.001506 hargrave 2023-09-11 04:12:43 
AF 160 277.9  55.5 353.2  38.9 5.10E-06 002.8 153.2  14.6 0.036007 0.016248 0.001447 hargrave 2023-09-11 04:14:03 
AF 170 271.8  57.6 356.4  42.0 4.86E-06 003.0 152.0  18.4 0.034542 0.015839 0.001726 hargrave 2023-09-11 04:15:24 
AF 180 272.0  56.1 354.4  42.1 4.74E-06 003.2 151.0  17.2 0.033650 0.016310 0.001321 hargrave 2023-09-11 04:16:44 
AF 190 271.8  54.5 352.2  42.5 4.74E-06 003.2 149.8  16.1 0.033274 0.016849 0.001426 hargrave 2023-09-11 04:18:05 
AF 200 275.9  53.7 351.0  40.1 4.24E-06 003.2 151.1  14.0 0.031429 0.014556 0.001329 hargrave 2023-09-11 04:19:25 
AF 220 265.0  50.6 347.6  47.1 4.14E-06 003.6 143.9  16.1 0.028035 0.017011 0.001436 hargrave 2023-09-11 04:20:46 
AF 240 268.1  53.5 351.3  44.7 3.82E-06 003.6 147.4  16.9 0.027981 0.014714 0.001884 hargrave 2023-09-11 04:22:06 
AF 260 266.0  49.0 345.2  46.7 3.39E-06 003.9 143.2  14.6 0.023911 0.014119 0.001091 hargrave 2023-09-11 04:23:27 
AF 280 260.7  50.1 347.6  49.9 3.39E-06 003.9 141.5  17.8 0.022854 0.014602 0.001049 hargrave 2023-09-11 04:24:47 
AF 300 247.7  55.5 000.7  55.1 3.14E-06 003.9 141.1  27.3 0.020549 0.013178 0.001603 hargrave 2023-09-11 04:26:07 
AF 320 249.1  56.7 001.7  53.8 3.55E-06 003.7 142.6  27.2 0.023407 0.013950 0.001122 hargrave 2023-09-11 04:27:28 
AF 340 247.4  48.4 349.4  58.6 2.62E-06 004.1 134.4  23.5 0.015575 0.012606 0.000501 hargrave 2023-09-11 04:28:48 
AF 360 240.5  43.8 344.7  64.9 3.03E-06 003.8 127.3  25.1 0.014942 0.016228 0.001009 hargrave 2023-09-11 04:30:08 
AF 380 239.1  44.4 347.0  65.5 2.97E-06 003.7 127.2  26.2 0.013735 0.015174 0.000927 hargrave 2023-09-11 04:31:29 
AF 400 230.7  44.3 355.9  70.6 2.15E-06 003.6 123.8  31.4 0.008914 0.011210 0.000698 hargrave 2023-09-11 04:32:49 
AF 420 239.9  50.3 357.6  61.9 2.83E-06 003.8 133.3  28.7 0.015287 0.012927 0.000675 hargrave 2023-09-11 04:34:09 
AF 440 235.0  47.6 357.2  66.1 2.52E-06 003.8 128.8  30.2 0.011978 0.013022 0.001932 hargrave 2023-09-11 04:35:29 
AF 460 223.2  58.8 024.3  60.5 2.94E-06 003.5 138.7  40.7 0.015661 0.011712 0.001812 hargrave 2023-09-11 04:36:49 
AF 480 234.8  52.0 004.9  63.2 2.35E-06 003.8 133.3  32.3 0.012548 0.011018 0.001976 hargrave 2023-09-11 04:38:10 
AF 500 216.5  46.6 028.0  73.3 2.38E-06 003.5 121.7  41.4 0.007969 0.011800 0.010241 hargrave 2023-09-11 04:39:30 
AF 520 220.1  45.4 018.4  73.9 2.56E-06 003.2 121.2  38.6 0.008993 0.013092 0.002337 hargrave 2023-09-11 04:40:51 
AF 540 211.1  52.1 038.8  67.8 2.87E-06 003.1 127.9  46.2 0.011088 0.012082 0.002467 hargrave 2023-09-11 04:42:11 
AF 560 223.0  56.2 022.9  63.0 2.74E-06 003.5 135.4  40.2 0.013736 0.010961 0.000785 hargrave 2023-09-11 04:43:31 
AF 580 218.7  59.7 029.2  60.1 2.40E-06 003.5 139.3  43.2 0.012926 0.009272 0.003368 hargrave 2023-09-11 04:44:51 
AF 600 228.5  42.4 354.8  73.0 2.09E-06 003.4 120.9  31.9 0.007825 0.011356 0.000887 hargrave 2023-09-11 04:46:12 
AF 650 192.5  53.3 061.8  61.9 2.18E-06 002.6 129.1  57.5 0.007523 0.007096 0.002132 hargrave 2023-09-11 04:47:32 
AF 700 206.9  50.1 046.8  69.2 1.99E-06 003.1 124.3  48.4 0.006500 0.009557 0.001942 hargrave 2023-09-11 04:48:52 
AF 750 226.3  71.7 028.3  47.8 1.69E-06 003.2 155.8  41.3 0.011497 0.003822 0.002042 hargrave 2023-09-11 04:50:12 
AF 800 226.2  61.3 023.1  57.6 1.35E-06 003.6 142.4  39.8 0.008104 0.004689 0.002084 hargrave 2023-09-11 04:51:32 
AF 850 230.0  61.6 020.1  56.7 1.72E-06 003.7 143.2  38.1 0.010495 0.006254 0.000717 hargrave 2023-09-11 04:52:53 
AF 900 190.7  33.2 108.6  70.0 1.46E-06 002.6 092.4  55.5 0.000564 0.007467 0.000862 hargrave 2023-09-11 04:54:14 
AF 950 173.2  30.0 113.4  54.9 1.61E-06 002.2 071.8  67.3 0.002967 0.005450 0.001182 hargrave 2023-09-11 04:55:34 
AF1000 337.4  38.8 353.3 -03.3 8.88E-07 002.7 187.3 -10.7 0.009203 0.002242 0.000967 hargrave 2023-09-11 04:56:55 
