MF8- 20a mag compass orientation (IGRF corrected)
   25.6 228.1  47.0 304.0  60.0   1.0
NRM    331.6  66.7 012.4  17.5 6.14E-06 002.4 185.7  20.2 0.042824 0.014852 0.005338 hargrave 2023-09-09 01:08:46 
AF  10 332.9  65.1 011.4  16.1 5.97E-06 002.4 186.5  18.7 0.040048 0.013992 0.005253 hargrave 2023-09-09 01:10:10 
AF  20 333.4  64.8 011.3  15.8 5.74E-06 002.5 186.8  18.5 0.041628 0.013783 0.005024 hargrave 2023-09-09 01:11:31 
AF  30 336.5  65.1 012.4  14.9 5.40E-06 002.6 188.1  19.1 0.039819 0.013503 0.004757 hargrave 2023-09-09 01:12:51 
AF  40 335.3  64.0 011.2  14.6 5.06E-06 002.6 187.8  17.8 0.038469 0.012732 0.004329 hargrave 2023-09-09 01:14:12 
AF  50 337.0  63.2 011.1  13.5 4.73E-06 002.4 188.8  17.3 0.033572 0.010125 0.004230 hargrave 2023-09-09 01:15:33 
AF  60 335.4  62.3 009.9  13.5 4.43E-06 002.6 188.3  16.2 0.035594 0.011415 0.003664 hargrave 2023-09-09 01:16:54 
AF  70 337.3  63.6 011.5  13.7 4.11E-06 002.8 188.8  17.7 0.033596 0.010383 0.003905 hargrave 2023-09-09 01:18:14 
AF  80 339.4  63.1 011.8  12.6 3.93E-06 002.9 189.9  17.5 0.032647 0.010517 0.004132 hargrave 2023-09-09 01:19:35 
AF  90 339.2  65.8 013.8  14.6 3.79E-06 003.0 189.0  20.1 0.031965 0.009833 0.003932 hargrave 2023-09-09 01:20:56 
AF 100 337.9  64.9 012.7  14.4 3.54E-06 002.9 188.7  19.0 0.030035 0.008898 0.003420 hargrave 2023-09-09 01:22:16 
AF 110 330.1  66.6 012.0  17.9 3.33E-06 002.6 185.1  20.0 0.028490 0.007226 0.003304 hargrave 2023-09-09 01:23:37 
AF 120 338.4  70.3 017.0  17.8 2.97E-06 003.0 187.4  24.3 0.025495 0.006799 0.002983 hargrave 2023-09-09 01:24:57 
AF 130 344.0  70.1 018.2  16.3 3.00E-06 003.2 189.4  24.7 0.025909 0.007602 0.003306 hargrave 2023-09-09 01:26:18 
AF 140 338.4  69.4 016.3  17.2 2.91E-06 002.9 187.6  23.4 0.025901 0.006324 0.003128 hargrave 2023-09-09 01:27:46 
AF 150 335.0  66.3 013.0  16.2 3.09E-06 002.8 187.1  20.1 0.027168 0.007103 0.003105 hargrave 2023-09-09 01:29:07 
AF 160 333.7  69.1 015.0  18.3 2.94E-06 002.9 186.0  22.7 0.025767 0.006664 0.003073 hargrave 2023-09-09 01:30:28 
AF 170 337.1  71.0 017.3  18.6 2.74E-06 003.1 186.7  24.8 0.023760 0.006364 0.003016 hargrave 2023-09-09 01:31:48 
AF 180 331.1  68.0 013.5  18.4 2.51E-06 002.8 185.2  21.5 0.022247 0.005285 0.002933 hargrave 2023-09-09 01:33:09 
AF 190 332.9  70.9 016.3  19.6 2.41E-06 003.0 185.3  24.4 0.021470 0.005114 0.002752 hargrave 2023-09-09 01:34:29 
AF 200 345.6  77.2 023.7  21.1 2.37E-06 003.2 186.9  31.4 0.019742 0.005172 0.002280 hargrave 2023-09-09 01:35:50 
AF 220 333.9  66.9 013.2  16.9 2.26E-06 002.9 186.6  20.5 0.020465 0.005413 0.002206 hargrave 2023-09-09 01:37:10 
AF 240 343.7  74.8 021.6  19.7 2.27E-06 003.2 187.5  29.0 0.019445 0.005352 0.002019 hargrave 2023-09-09 01:38:31 
AF 260 349.6  71.6 020.7  16.2 1.98E-06 003.5 190.6  26.8 0.017876 0.005339 0.001931 hargrave 2023-09-09 01:39:51 
AF 280 017.0  77.5 030.2  18.0 1.98E-06 003.8 193.2  35.7 0.016177 0.005497 0.002091 hargrave 2023-09-09 01:41:12 
AF 300 021.4  72.8 030.2  13.1 1.65E-06 004.1 198.5  33.6 0.013697 0.005361 0.002010 hargrave 2023-09-09 01:42:32 
AF 320 020.4  68.2 028.9  08.7 1.36E-06 004.5 202.5  30.5 0.011504 0.005172 0.001775 hargrave 2023-09-09 01:43:53 
AF 340 020.2  72.8 029.8  13.2 1.49E-06 004.1 198.2  33.4 0.012718 0.004702 0.001755 hargrave 2023-09-09 01:45:13 
AF 360 005.2  74.6 026.4  16.3 1.67E-06 003.8 193.2  31.7 0.014074 0.004714 0.002245 hargrave 2023-09-09 01:46:33 
AF 380 025.5  74.6 031.7  14.7 1.43E-06 004.2 197.6  35.6 0.011814 0.004395 0.002087 hargrave 2023-09-09 01:47:54 
AF 400 091.3  79.3 043.8  23.9 1.81E-06 003.4 192.1  49.7 0.011787 0.003585 0.001627 hargrave 2023-09-09 01:49:14 
AF 420 078.0  79.5 041.9  22.2 1.55E-06 003.6 193.5  47.5 0.010844 0.003687 0.001781 hargrave 2023-09-09 01:50:35 
AF 440 054.7  80.0 037.8  20.6 1.48E-06 003.7 193.8  43.3 0.011110 0.003724 0.001551 hargrave 2023-09-09 01:51:56 
AF 460 142.1  76.8 049.1  33.3 1.75E-06 002.9 178.3  56.2 0.009947 0.001727 0.001398 hargrave 2023-09-09 01:53:16 
AF 480 101.4  71.8 052.1  21.8 1.44E-06 003.2 199.6  56.2 0.008111 0.003513 0.001176 hargrave 2023-09-09 01:54:37 
AF 500 115.2  74.4 051.2  26.5 1.45E-06 003.0 191.0  56.9 0.008118 0.002300 0.001092 hargrave 2023-09-09 01:55:58 
AF 520 057.9  72.7 041.2  14.0 1.62E-06 004.2 203.9  43.5 0.011657 0.005610 0.001651 hargrave 2023-09-09 01:57:18 
AF 540 177.8  76.1 044.8  40.8 1.40E-06 003.0 165.3  52.9 0.008189 0.001478 0.001385 hargrave 2023-09-09 01:58:39 
AF 560 137.2  81.3 044.0  31.6 1.16E-06 003.0 180.2  51.7 0.007076 0.001225 0.001160 hargrave 2023-09-09 02:00:03 
AF 580 119.6  74.2 051.8  27.6 1.22E-06 002.8 189.3  57.6 0.006489 0.001719 0.001026 hargrave 2023-09-09 02:01:24 
AF 600 071.5  78.9 041.2  21.0 1.30E-06 003.5 194.8  46.5 0.008938 0.003055 0.000899 hargrave 2023-09-09 02:02:44 
AF 650 124.4  83.4 041.6  29.8 8.70E-07 003.2 182.4  49.4 0.005779 0.001037 0.001208 hargrave 2023-09-09 02:04:05 
AF 700 144.7  71.2 055.6  34.9 1.21E-06 002.4 175.5  61.6 0.005509 0.000639 0.000507 hargrave 2023-09-09 02:05:26 
AF 750 164.5  51.2 079.3  47.9 1.77E-06 001.5 124.0  70.4 0.002815 0.003488 0.000730 hargrave 2023-09-09 02:06:47 
AF 800 173.2  60.9 063.0  49.1 1.68E-06 002.2 142.8  62.5 0.005594 0.003180 0.000859 hargrave 2023-09-09 02:08:07 
AF 850 205.2  53.3 046.9  65.8 1.00E-06 003.2 127.9  45.8 0.003733 0.004112 0.000774 hargrave 2023-09-09 02:09:29 
AF 900 176.5  42.6 090.7  57.6 1.34E-06 001.8 102.5  62.0 0.000672 0.004823 0.000222 hargrave 2023-09-09 02:10:50 
AF 950 187.3  55.3 063.2  58.4 1.48E-06 002.5 128.9  56.4 0.004739 0.004709 0.000719 hargrave 2023-09-09 02:12:11 
AF1000 154.4  39.7 095.7  41.0 1.49E-06 001.2 080.2  77.3 0.001350 0.002810 0.000198 hargrave 2023-09-09 02:13:32 
