MF8- 40a sun compass orientation
   71.4 142.8  33.0 304.0  60.0   1.0
NRM    306.3  66.3 007.4  26.4 8.74E-06 003.9 212.9  44.9 0.051693 0.030558 0.010998 hargrave 2023-09-11 07:12:04 
AF  10 298.2  66.2 006.5  29.5 8.30E-06 003.9 209.9  42.5 0.051871 0.028513 0.010820 hargrave 2023-09-11 07:13:25 
AF  20 293.0  65.7 005.7  31.6 7.76E-06 004.0 208.1  40.8 0.048623 0.027304 0.011276 hargrave 2023-09-11 07:14:50 
AF  30 287.7  65.2 005.1  33.8 7.38E-06 004.1 206.2  39.1 0.048858 0.026271 0.010840 hargrave 2023-09-11 07:16:10 
AF  40 285.8  65.6 005.6  34.5 7.06E-06 004.0 205.1  39.0 0.046593 0.023885 0.010510 hargrave 2023-09-11 07:18:19 
AF  50 282.2  65.4 005.5  36.1 6.77E-06 004.1 203.6  38.0 0.045009 0.025422 0.009580 hargrave 2023-09-11 07:19:44 
AF  60 280.2  65.5 005.6  36.9 6.42E-06 004.0 202.7  37.6 0.044263 0.021470 0.009315 hargrave 2023-09-11 07:21:04 
AF  70 287.1  64.4 004.1  34.1 5.99E-06 004.2 206.5  38.2 0.041968 0.021532 0.008113 hargrave 2023-09-11 07:22:25 
AF  80 295.0  63.7 003.4  30.5 5.89E-06 004.3 210.7  39.7 0.040508 0.022188 0.007504 hargrave 2023-09-11 07:23:45 
AF  90 296.7  63.6 003.4  29.8 5.55E-06 004.4 211.5  40.1 0.038338 0.021742 0.006870 hargrave 2023-09-11 07:25:06 
AF 100 306.5  62.6 003.5  25.3 5.46E-06 004.3 216.7  42.4 0.035885 0.021542 0.005908 hargrave 2023-09-11 07:26:27 
AF 110 304.9  63.1 003.8  26.1 5.34E-06 004.4 215.5  42.3 0.034869 0.023184 0.005618 hargrave 2023-09-11 07:27:51 
AF 120 307.4  63.0 004.0  25.0 5.17E-06 004.3 216.7  43.0 0.033797 0.020355 0.005881 hargrave 2023-09-11 07:29:12 
AF 130 308.2  65.7 006.9  25.4 5.02E-06 004.2 214.4  45.0 0.032800 0.018883 0.004867 hargrave 2023-09-11 07:30:32 
AF 140 304.2  64.6 005.2  26.8 4.78E-06 004.4 213.9  43.1 0.031491 0.020464 0.004798 hargrave 2023-09-11 07:31:57 
AF 150 305.9  63.7 004.5  25.8 4.87E-06 004.3 215.5  43.0 0.032520 0.019116 0.004255 hargrave 2023-09-11 07:33:17 
AF 160 303.6  63.3 003.8  26.7 4.83E-06 004.3 214.8  42.0 0.032608 0.018861 0.003974 hargrave 2023-09-11 07:34:38 
AF 170 304.1  66.8 007.7  27.3 4.42E-06 004.2 211.6  44.6 0.029846 0.016124 0.003166 hargrave 2023-09-11 07:35:59 
AF 180 278.5  68.9 010.0  36.9 4.15E-06 003.9 199.7  40.2 0.030656 0.012831 0.003742 hargrave 2023-09-11 07:37:19 
AF 190 275.5  69.6 011.1  37.8 3.84E-06 003.8 198.1  40.2 0.028131 0.011311 0.003589 hargrave 2023-09-11 07:38:40 
AF 200 298.2  67.8 008.4  29.7 3.97E-06 004.1 208.4  43.7 0.027697 0.014038 0.002908 hargrave 2023-09-11 07:40:01 
AF 220 304.1  68.5 009.5  27.7 3.66E-06 004.0 209.9  45.7 0.024769 0.012687 0.002137 hargrave 2023-09-11 07:41:22 
AF 240 290.0  73.3 014.6  32.6 3.51E-06 003.7 200.3  45.9 0.024972 0.009568 0.002196 hargrave 2023-09-11 07:42:42 
AF 260 283.9  62.1 001.3  35.6 3.52E-06 004.4 206.6  35.5 0.027432 0.013427 0.002892 hargrave 2023-09-11 07:44:03 
AF 280 274.8  57.7 356.2  40.4 3.75E-06 004.3 204.3  29.5 0.031081 0.014259 0.001993 hargrave 2023-09-11 07:45:23 
AF 300 280.0  59.8 358.6  37.5 3.15E-06 004.4 206.0  32.6 0.025292 0.012168 0.003676 hargrave 2023-09-11 07:46:45 
AF 320 281.7  52.8 349.8  36.6 2.97E-06 005.0 210.7  26.8 0.025019 0.013744 0.003442 hargrave 2023-09-11 07:48:06 
AF 340 276.6  43.8 338.0  39.3 3.08E-06 005.2 211.6  17.2 0.027170 0.015507 0.003515 hargrave 2023-09-11 07:49:26 
AF 360 267.4  63.3 004.6  42.7 3.00E-06 004.0 197.8  33.2 0.025320 0.009483 0.002626 hargrave 2023-09-11 07:50:47 
AF 380 254.9  65.4 010.7  46.6 2.50E-06 003.6 190.8  33.6 0.021475 0.006179 0.002294 hargrave 2023-09-11 07:52:07 
AF 400 258.3  61.6 004.7  47.3 2.31E-06 003.8 193.7  30.3 0.019926 0.006791 0.003517 hargrave 2023-09-11 07:53:28 
AF 420 245.4  32.3 317.1  63.1 1.87E-06 003.4 190.7 -00.0 0.019084 0.006002 0.005406 hargrave 2023-09-11 07:54:49 
AF 440 248.1  59.2 005.6  52.8 2.16E-06 003.4 188.7  26.8 0.019730 0.005581 0.003161 hargrave 2023-09-11 07:56:10 
AF 460 257.2  40.6 332.9  53.6 2.38E-06 004.4 198.6  09.8 0.023387 0.010183 0.005190 hargrave 2023-09-11 07:57:30 
AF 480 229.5  37.7 339.2  75.0 1.70E-06 001.6 177.4  04.8 0.017037 0.002339 0.003435 hargrave 2023-09-11 07:58:51 
AF 500 226.8  48.7 010.0  68.9 2.09E-06 002.1 175.9  15.8 0.020382 0.003707 0.002685 hargrave 2023-09-11 08:00:13 
AF 520 237.1  20.3 284.3  67.0 1.31E-06 003.1 184.1 -12.7 0.012807 0.003641 0.005689 hargrave 2023-09-11 08:01:37 
AF 540 228.3  27.4 296.0  77.2 1.94E-06 001.4 176.0 -05.5 0.019503 0.003031 0.004388 hargrave 2023-09-11 08:02:58 
AF 560 247.7  58.2 004.5  53.5 2.03E-06 003.4 188.7  25.8 0.019701 0.005389 0.002196 hargrave 2023-09-11 08:04:18 
AF 580 230.5  40.4 346.2  73.0 1.98E-06 001.6 178.2  07.4 0.020283 0.003727 0.002868 hargrave 2023-09-11 08:05:39 
AF 600 191.2  34.0 106.5  70.3 2.00E-06 004.1 146.3  07.5 0.015137 0.008200 0.004388 hargrave 2023-09-11 08:06:59 
AF 650 238.4  42.5 343.3  66.8 1.83E-06 002.5 184.2  09.6 0.019616 0.004673 0.003311 hargrave 2023-09-11 08:08:20 
AF 700 250.8  60.3 005.8  51.0 2.19E-06 003.5 190.0  28.2 0.021462 0.006387 0.000797 hargrave 2023-09-11 08:09:40 
AF 750 177.9  10.7 146.2  51.3 1.23E-06 004.4 125.6 -08.7 0.005676 0.007911 0.005489 hargrave 2023-09-11 08:11:01 
AF 800 280.0  28.8 320.7  33.3 3.00E-06 006.1 220.2  04.6 0.028111 0.020098 0.001856 hargrave 2023-09-11 08:12:22 
AF 850 272.3  41.9 335.2  42.3 3.14E-06 005.1 209.3  14.3 0.027754 0.018329 0.001444 hargrave 2023-09-11 08:13:48 
AF 900 214.8  22.9 220.2  82.8 1.42E-06 002.2 163.3 -08.7 0.014409 0.002563 0.002273 hargrave 2023-09-11 08:15:09 
AF 950 321.6  65.0 008.6  20.0 1.88E-06 004.4 220.2  49.0 0.012157 0.008457 0.001580 hargrave 2023-09-11 08:16:30 
AF1000 109.8  33.7 088.2  05.8 6.56E-07 004.1 083.6  45.4 0.002575 0.004015 0.003801 hargrave 2023-09-11 08:17:51 
