MF8- 56a sun compass orientation
  106.6 150.8  25.0 304.0  60.0   1.0
NRM    019.2  48.9 024.2 -10.0 7.67E-06 001.7 286.2  63.0 0.010964 0.022119 0.005287 hargrave 2023-09-25 20:53:23 
AF  10 017.7  47.8 022.9 -10.8 7.32E-06 001.7 285.9  61.5 0.009307 0.021368 0.004994 hargrave 2023-09-25 20:54:43 
AF  20 017.2  46.6 022.3 -11.9 6.95E-06 001.7 286.9  60.4 0.008562 0.020582 0.005099 hargrave 2023-09-25 20:56:04 
AF  30 018.1  46.0 022.7 -12.7 6.69E-06 001.7 288.6  60.1 0.008453 0.019990 0.004826 hargrave 2023-09-25 20:57:25 
AF  40 018.9  45.3 023.2 -13.4 6.34E-06 001.7 290.3  60.0 0.007729 0.018951 0.005207 hargrave 2023-09-25 20:58:45 
AF  50 019.2  45.3 023.4 -13.5 6.01E-06 001.7 290.7  60.1 0.007560 0.018252 0.005110 hargrave 2023-09-25 21:00:06 
AF  60 019.5  45.5 023.6 -13.3 5.76E-06 001.8 290.7  60.3 0.010069 0.016043 0.005109 hargrave 2023-09-25 21:01:30 
AF  70 019.7  43.4 023.3 -15.4 5.56E-06 001.9 293.3  58.7 0.010641 0.015732 0.005329 hargrave 2023-09-25 21:02:54 
AF  80 022.3  42.6 025.1 -16.6 5.22E-06 001.9 297.3  59.0 0.007640 0.016358 0.004529 hargrave 2023-09-25 21:04:15 
AF  90 021.9  42.5 024.7 -16.6 4.98E-06 001.8 296.9  58.7 0.007245 0.015372 0.004210 hargrave 2023-09-25 21:05:36 
AF 100 023.5  42.3 025.9 -17.1 4.86E-06 001.9 299.0  59.1 0.007466 0.015580 0.004356 hargrave 2023-09-25 21:06:57 
AF 110 022.6  43.0 025.3 -16.3 4.41E-06 001.9 297.2  59.4 0.006595 0.013797 0.003676 hargrave 2023-09-25 21:08:18 
AF 120 023.4  43.0 026.0 -16.4 4.29E-06 001.9 298.3  59.7 0.006648 0.013231 0.003667 hargrave 2023-09-25 21:09:39 
AF 130 024.7  44.9 027.2 -14.6 4.05E-06 001.8 297.8  61.8 0.006090 0.012161 0.003280 hargrave 2023-09-25 21:11:00 
AF 140 025.4  43.1 027.4 -16.5 3.82E-06 001.9 300.6  60.5 0.006095 0.012037 0.003340 hargrave 2023-09-25 21:12:22 
AF 150 027.1  43.2 028.7 -16.5 3.65E-06 001.9 302.7  61.3 0.005859 0.010880 0.003258 hargrave 2023-09-25 21:13:44 
AF 160 028.9  44.9 030.2 -15.0 3.45E-06 001.9 303.4  63.3 0.005687 0.010103 0.002777 hargrave 2023-09-25 21:15:05 
AF 170 029.5  41.4 030.5 -18.5 3.40E-06 002.0 307.8  60.5 0.006343 0.010208 0.002790 hargrave 2023-09-25 21:16:26 
AF 180 028.7  39.5 029.7 -20.3 3.17E-06 002.1 308.3  58.5 0.006312 0.010359 0.002536 hargrave 2023-09-25 21:17:47 
AF 190 029.5  43.3 030.6 -16.6 3.08E-06 002.0 305.9  62.2 0.005710 0.009721 0.001891 hargrave 2023-09-25 21:19:09 
AF 200 026.3  40.7 027.9 -18.9 2.98E-06 002.0 304.1  58.8 0.005551 0.009300 0.001976 hargrave 2023-09-25 21:20:30 
AF 220 034.7  44.7 034.5 -15.3 2.70E-06 002.0 312.0  65.1 0.005091 0.008266 0.001896 hargrave 2023-09-25 21:21:51 
AF 240 038.0  40.8 037.2 -19.1 2.48E-06 002.0 320.5  62.5 0.005078 0.007274 0.001937 hargrave 2023-09-25 21:23:13 
AF 260 044.7  47.2 041.4 -12.2 2.31E-06 001.8 326.3  70.2 0.004575 0.006021 0.001212 hargrave 2023-09-25 21:24:34 
AF 280 043.5  40.8 041.6 -18.7 2.19E-06 002.1 329.3  63.8 0.005139 0.006411 0.001328 hargrave 2023-09-25 21:25:55 
AF 300 041.3  40.1 039.9 -19.6 1.85E-06 002.1 326.2  62.7 0.004485 0.005320 0.001340 hargrave 2023-09-25 21:27:16 
AF 320 041.2  46.9 039.0 -12.8 2.16E-06 001.8 320.2  69.0 0.004224 0.005718 0.000961 hargrave 2023-09-25 21:28:37 
AF 340 047.5  48.0 043.2 -11.0 1.76E-06 001.9 330.9  71.6 0.003614 0.004575 0.000864 hargrave 2023-09-25 21:29:58 
AF 360 043.5  50.6 040.1 -08.9 1.55E-06 001.8 319.6  73.1 0.003035 0.004157 0.000882 hargrave 2023-09-25 21:31:19 
AF 380 042.4  48.6 039.6 -11.1 1.44E-06 002.1 320.3  70.9 0.003508 0.004020 0.000948 hargrave 2023-09-25 21:32:44 
AF 400 040.4  46.4 038.5 -13.4 1.56E-06 002.0 319.3  68.4 0.003367 0.004601 0.000603 hargrave 2023-09-25 21:34:05 
AF 420 034.1  52.7 034.1 -07.3 1.55E-06 001.9 299.6  71.7 0.002927 0.004374 0.000373 hargrave 2023-09-25 21:35:26 
AF 440 041.9  47.0 039.5 -12.7 1.18E-06 002.2 321.2  69.3 0.002829 0.003731 0.000523 hargrave 2023-09-25 21:36:47 
AF 460 052.6  48.8 046.3 -09.5 1.28E-06 001.9 341.0  73.2 0.002719 0.003220 0.000735 hargrave 2023-09-25 21:38:08 
AF 480 041.8  55.6 038.4 -04.1 1.26E-06 002.0 306.3  76.8 0.002755 0.003677 0.000796 hargrave 2023-09-25 21:39:29 
AF 500 044.8  48.8 041.2 -10.6 1.29E-06 002.1 324.6  71.7 0.003402 0.003575 0.000976 hargrave 2023-09-25 21:40:53 
AF 520 039.0  54.1 037.0 -05.8 1.27E-06 002.0 304.9  74.6 0.002778 0.003830 0.000646 hargrave 2023-09-25 21:42:14 
AF 540 070.2  51.1 055.8 -02.8 1.48E-06 001.6 023.9  75.3 0.002701 0.003097 0.001720 hargrave 2023-09-25 21:43:35 
AF 560 060.9  47.6 052.0 -08.7 8.90E-07 002.3 000.3  72.6 0.002467 0.002729 0.001108 hargrave 2023-09-25 21:44:55 
AF 580 036.2  60.9 035.1  00.9 8.29E-07 002.4 279.1  78.2 0.002178 0.002765 0.000388 hargrave 2023-09-25 21:46:16 
AF 600 055.3  59.0 044.8  00.7 8.83E-07 002.0 334.5  83.4 0.001962 0.002310 0.000859 hargrave 2023-09-25 21:47:40 
AF 650 056.6  63.5 043.9  05.2 1.14E-06 001.6 308.2  87.6 0.001928 0.002589 0.000897 hargrave 2023-09-25 21:49:05 
AF 700 035.5  48.5 035.0 -11.5 9.18E-07 002.2 308.6  68.8 0.002091 0.003064 0.000762 hargrave 2023-09-25 21:50:25 
AF 750 085.8  43.2 069.0 -02.7 7.65E-07 002.3 044.9  64.1 0.001930 0.002057 0.001232 hargrave 2023-09-25 21:51:46 
AF 800 063.4  52.6 051.4 -03.4 6.09E-07 002.2 007.5  77.6 0.001322 0.001932 0.000925 hargrave 2023-09-25 21:53:07 
AF 850 069.4  49.1 056.4 -04.8 9.37E-07 001.9 020.2  73.5 0.001985 0.002278 0.001227 hargrave 2023-09-25 21:54:28 
AF 900 081.2  42.2 067.1 -05.8 8.22E-07 001.9 036.7  64.4 0.001984 0.001748 0.000818 hargrave 2023-09-25 21:55:49 
AF 950 088.0  50.0 065.4  03.2 7.50E-07 001.6 056.6  69.4 0.001100 0.001483 0.001355 hargrave 2023-09-25 21:57:10 
AF1000 124.2  33.8 094.0  16.3 5.96E-07 002.1 082.1  41.4 0.000994 0.001932 0.001431 hargrave 2023-09-25 21:58:36 
