MF8- 76a sun compass orientation
   20.4 101.9  57.0 304.0  60.0   1.0
NRM    005.1  58.9 019.5  02.1 5.70E-06 002.6 188.0  63.7 0.024263 0.010079 0.005672 hargrave 2024-03-23 18:03:59 
AF  10 004.6  59.3 019.5  02.5 5.57E-06 002.7 188.3  63.3 0.024941 0.010474 0.005670 hargrave 2024-03-23 18:05:19 
AF  20 005.1  59.9 020.0  03.0 5.37E-06 002.7 187.4  62.7 0.024152 0.010199 0.005534 hargrave 2024-03-23 18:06:40 
AF  30 004.6  60.2 019.8  03.4 5.18E-06 002.7 187.9  62.4 0.022774 0.009504 0.005249 hargrave 2024-03-23 18:08:02 
AF  40 003.9  61.1 019.9  04.3 4.91E-06 002.8 188.1  61.5 0.022619 0.009294 0.005258 hargrave 2024-03-23 18:09:23 
AF  50 006.2  60.8 020.8  03.6 4.72E-06 002.6 185.9  61.9 0.020423 0.008177 0.004889 hargrave 2024-03-23 18:10:45 
AF  60 005.1  61.3 020.5  04.3 4.46E-06 002.6 186.8  61.3 0.019506 0.007841 0.004609 hargrave 2024-03-23 18:12:06 
AF  70 004.2  60.8 019.9  04.1 4.46E-06 002.7 187.9  61.7 0.020095 0.008475 0.004843 hargrave 2024-03-23 18:13:26 
AF  80 007.1  60.6 021.2  03.2 4.24E-06 002.7 185.0  62.2 0.018839 0.007571 0.004452 hargrave 2024-03-23 18:14:46 
AF  90 011.5  59.5 022.8  01.4 4.12E-06 002.6 180.4  63.5 0.017656 0.006917 0.003914 hargrave 2024-03-23 18:16:07 
AF 100 013.1  60.5 023.9  02.1 3.85E-06 002.6 178.7  62.5 0.016786 0.006464 0.003836 hargrave 2024-03-23 18:17:27 
AF 110 008.9  61.3 022.2  03.5 3.72E-06 002.7 183.1  61.7 0.016789 0.006430 0.003770 hargrave 2024-03-23 18:18:47 
AF 120 008.7  60.3 021.8  02.7 3.67E-06 002.6 183.4  62.6 0.016297 0.006592 0.003449 hargrave 2024-03-23 18:20:08 
AF 130 007.1  61.3 021.4  03.8 3.51E-06 002.7 184.8  61.6 0.015710 0.006338 0.003383 hargrave 2024-03-23 18:21:28 
AF 140 011.3  60.7 023.1  02.6 3.43E-06 002.5 180.6  62.2 0.014663 0.005453 0.003164 hargrave 2024-03-23 18:22:49 
AF 150 012.5  61.2 023.8  02.8 3.31E-06 002.6 179.4  61.8 0.014588 0.005485 0.002931 hargrave 2024-03-23 18:24:09 
AF 160 003.9  61.5 020.1  04.7 2.94E-06 002.7 187.8  61.0 0.013575 0.005582 0.002208 hargrave 2024-03-23 18:25:29 
AF 170 002.2  60.0 018.7  03.7 2.88E-06 002.6 190.4  62.2 0.013066 0.005335 0.001871 hargrave 2024-03-23 18:26:50 
AF 180 359.7  58.9 017.1  03.4 2.71E-06 002.7 193.8  62.8 0.012012 0.005843 0.001819 hargrave 2024-03-23 18:28:10 
AF 190 005.1  60.6 020.3  03.6 2.68E-06 002.7 187.1  62.1 0.012246 0.005178 0.001759 hargrave 2024-03-23 18:29:30 
AF 200 357.5  60.5 016.9  05.3 2.66E-06 002.7 194.6  60.9 0.012430 0.005442 0.001715 hargrave 2024-03-23 18:30:51 
AF 220 003.5  61.3 019.8  04.6 2.44E-06 002.6 188.4  61.2 0.011316 0.004640 0.001447 hargrave 2024-03-23 18:32:11 
AF 240 008.8  54.2 019.6 -03.0 2.40E-06 002.4 185.0  68.7 0.009270 0.004623 0.000999 hargrave 2024-03-23 18:33:31 
AF 260 003.1  56.4 017.5  00.3 2.39E-06 002.4 192.0  65.8 0.009438 0.005166 0.000632 hargrave 2024-03-23 18:34:56 
AF 280 008.2  52.7 018.7 -04.3 2.28E-06 002.2 186.5  70.1 0.008186 0.003853 0.000539 hargrave 2024-03-23 18:36:17 
AF 300 012.1  55.4 021.8 -02.6 2.07E-06 002.2 179.7  67.6 0.007725 0.003442 0.001038 hargrave 2024-03-23 18:37:37 
AF 320 007.8  53.6 018.8 -03.3 1.94E-06 002.2 186.8  69.2 0.007044 0.003493 0.000319 hargrave 2024-03-23 18:38:57 
AF 340 009.0  53.2 019.3 -04.0 1.83E-06 002.3 185.0  69.7 0.006669 0.003566 0.000374 hargrave 2024-03-23 18:40:21 
AF 360 027.1  51.5 029.7 -08.3 1.69E-06 001.8 153.5  68.5 0.005321 0.002115 0.000592 hargrave 2024-03-23 18:41:45 
AF 380 013.0  54.1 021.8 -03.9 1.85E-06 002.1 178.3  68.9 0.006755 0.002705 0.000507 hargrave 2024-03-23 18:43:05 
AF 400 017.3  47.9 022.7 -10.6 1.56E-06 001.8 166.3  74.5 0.004550 0.002303 0.000294 hargrave 2024-03-23 18:44:26 
AF 420 011.5  39.8 016.1 -17.2 1.35E-06 001.8 182.6  83.2 0.003525 0.002371 0.000840 hargrave 2024-03-23 18:45:47 
AF 440 027.2  41.8 028.7 -18.0 1.08E-06 001.7 130.2  75.0 0.002775 0.001635 0.000840 hargrave 2024-03-23 18:47:07 
AF 460 027.8  42.0 029.2 -17.8 1.16E-06 001.6 130.2  74.5 0.002826 0.001802 0.000876 hargrave 2024-03-23 18:48:27 
AF 480 037.1  52.1 035.9 -07.9 1.10E-06 002.0 143.9  63.6 0.003731 0.001956 0.000776 hargrave 2024-03-23 18:49:48 
AF 500 016.9  40.3 020.4 -17.9 8.72E-07 002.4 152.9  81.6 0.003281 0.002045 0.001239 hargrave 2024-03-23 18:51:08 
AF 520 004.6  40.1 011.2 -14.8 1.21E-06 002.2 217.2  80.8 0.003849 0.002880 0.001212 hargrave 2024-03-23 18:52:28 
AF 540 350.4  07.2 338.4 -34.0 5.84E-07 002.9 317.4  57.4 0.002060 0.001731 0.001458 hargrave 2024-03-23 18:53:49 
AF 560 353.2  17.2 348.7 -28.6 1.04E-06 002.6 308.7  66.9 0.003367 0.003206 0.001311 hargrave 2024-03-23 18:55:09 
AF 580 353.8  04.3 338.7 -38.5 9.48E-07 002.5 325.7  56.7 0.003213 0.002631 0.001224 hargrave 2024-03-23 18:56:30 
AF 600 354.8  05.1 340.3 -38.6 7.94E-07 002.8 326.5  57.9 0.002669 0.002473 0.001550 hargrave 2024-03-23 18:57:50 
