MF8- 55a sun compass orientation
  103.6 171.0  36.0 304.0  60.0   1.0
NRM    016.0  68.5 027.4  09.4 6.52E-06 002.2 218.3  57.5 0.022494 0.013258 0.002828 hargrave 2023-09-25 19:47:17 
AF  10 013.4  67.6 026.2  08.8 6.24E-06 002.2 219.6  56.4 0.020646 0.013204 0.002771 hargrave 2023-09-25 19:48:38 
AF  20 011.5  66.7 025.2  08.3 5.82E-06 002.3 220.8  55.5 0.020222 0.012487 0.002768 hargrave 2023-09-25 19:50:00 
AF  30 010.9  65.5 024.5  07.1 5.51E-06 002.3 222.9  55.0 0.019142 0.012480 0.002354 hargrave 2023-09-25 19:51:20 
AF  40 009.0  64.4 023.4  06.4 5.06E-06 002.4 224.2  53.9 0.017457 0.012172 0.002374 hargrave 2023-09-25 19:52:42 
AF  50 007.8  63.3 022.5  05.6 4.87E-06 002.5 225.6  53.0 0.017480 0.012277 0.002344 hargrave 2023-09-25 19:54:03 
AF  60 008.8  62.4 022.6  04.6 4.69E-06 002.5 227.4  53.1 0.016774 0.011977 0.001808 hargrave 2023-09-25 19:55:24 
AF  70 013.6  62.4 024.7  03.8 4.43E-06 002.4 228.7  55.2 0.015001 0.011102 0.001482 hargrave 2023-09-25 19:56:45 
AF  80 009.6  61.0 022.4  03.1 4.16E-06 002.5 229.8  53.0 0.014287 0.011795 0.001792 hargrave 2023-09-25 19:58:06 
AF  90 011.4  59.4 022.7  01.4 3.94E-06 002.4 232.8  53.2 0.013323 0.011217 0.001689 hargrave 2023-09-25 19:59:27 
AF 100 007.1  57.5 019.9  00.4 3.70E-06 002.6 234.0  50.3 0.013123 0.011379 0.001508 hargrave 2023-09-25 20:00:48 
AF 110 012.5  60.9 023.7  02.6 3.16E-06 002.4 230.7  54.3 0.010750 0.008423 0.001247 hargrave 2023-09-25 20:02:09 
AF 120 014.3  61.0 024.6  02.4 2.93E-06 002.4 231.1  55.1 0.009742 0.007633 0.001258 hargrave 2023-09-25 20:03:30 
AF 130 012.2  64.6 024.8  06.2 2.76E-06 002.4 224.5  55.3 0.010006 0.006520 0.001120 hargrave 2023-09-25 20:04:50 
AF 140 012.2  60.8 023.5  02.5 2.90E-06 002.5 230.9  54.1 0.010115 0.008445 0.001241 hargrave 2023-09-25 20:06:11 
AF 150 006.6  57.6 019.8  00.6 2.71E-06 002.5 233.6  50.2 0.009605 0.007773 0.001207 hargrave 2023-09-25 20:07:31 
AF 160 003.6  64.9 021.5  07.9 2.43E-06 002.6 222.1  51.9 0.009483 0.006263 0.001097 hargrave 2023-09-25 20:08:53 
AF 170 009.3  59.3 021.7  01.7 2.40E-06 002.5 232.2  52.2 0.008337 0.006704 0.001122 hargrave 2023-09-25 20:10:14 
AF 180 024.9  61.7 029.7  02.0 2.38E-06 002.2 232.3  60.2 0.007054 0.005879 0.000997 hargrave 2023-09-25 20:11:34 
AF 190 011.6  63.7 024.3  05.4 2.22E-06 002.5 225.9  54.8 0.008102 0.005803 0.001156 hargrave 2023-09-25 20:12:55 
AF 200 357.7  57.5 015.4  02.7 2.39E-06 002.8 230.2  46.0 0.009428 0.007811 0.001234 hargrave 2023-09-25 20:14:15 
AF 220 012.7  65.7 025.3  07.1 2.11E-06 002.4 222.8  55.8 0.007395 0.005147 0.001274 hargrave 2023-09-25 20:15:36 
AF 240 013.3  64.3 025.2  05.7 2.07E-06 002.4 225.3  55.7 0.007109 0.005338 0.001123 hargrave 2023-09-25 20:16:57 
AF 260 023.5  73.8 031.0  14.1 1.85E-06 002.2 207.9  59.9 0.006636 0.003061 0.000987 hargrave 2023-09-25 20:18:17 
AF 280 006.6  78.8 028.6  20.0 1.89E-06 002.3 199.3  55.5 0.007646 0.002594 0.001003 hargrave 2023-09-25 20:19:38 
AF 300 023.4  75.8 031.3  16.0 1.81E-06 002.2 204.1  59.5 0.006548 0.003034 0.001144 hargrave 2023-09-25 20:20:58 
AF 320 338.5  74.4 020.3  20.5 1.69E-06 002.4 203.1  48.2 0.007488 0.002869 0.001144 hargrave 2023-09-25 20:22:19 
AF 340 331.9  77.7 022.1  23.7 1.71E-06 002.3 197.7  48.5 0.007457 0.002500 0.001509 hargrave 2023-09-25 20:23:40 
AF 360 037.3  80.3 034.6  20.3 1.26E-06 001.9 193.6  60.3 0.004532 0.001316 0.000467 hargrave 2023-09-25 20:25:02 
AF 380 126.7  79.7 045.9  29.9 1.30E-06 001.7 164.9  60.4 0.004399 0.001174 0.001350 hargrave 2023-09-25 20:26:23 
AF 400 127.0  83.5 041.5  30.1 1.10E-06 001.8 171.1  58.2 0.004309 0.000505 0.001488 hargrave 2023-09-25 20:27:44 
AF 420 131.2  74.6 051.8  30.7 1.20E-06 001.7 154.6  61.6 0.003756 0.000952 0.001173 hargrave 2023-09-25 20:29:05 
AF 440 179.7  72.0 048.0  44.1 1.17E-06 002.0 152.9  47.9 0.004762 0.001233 0.001133 hargrave 2023-09-25 20:30:27 
AF 460 185.9  85.2 036.7  34.2 1.14E-06 001.9 172.4  52.5 0.004978 0.000493 0.001154 hargrave 2023-09-25 20:31:47 
AF 480 062.2  72.7 042.3  14.5 1.21E-06 002.0 196.0  69.7 0.003877 0.002180 0.000665 hargrave 2023-09-25 20:33:08 
AF 500 338.2  71.5 018.0  18.7 1.22E-06 002.8 206.7  46.6 0.005872 0.002985 0.001003 hargrave 2023-09-25 20:34:28 
AF 520 335.5  81.9 026.4  25.6 1.33E-06 002.4 192.5  51.2 0.006065 0.001978 0.000727 hargrave 2023-09-25 20:35:50 
AF 540 281.7  75.2 017.4  34.6 1.45E-06 002.4 186.7  40.0 0.007699 0.002269 0.001339 hargrave 2023-09-25 20:37:10 
AF 560 318.6  72.3 015.2  24.2 1.53E-06 002.9 200.3  42.5 0.008128 0.003466 0.001279 hargrave 2023-09-25 20:38:30 
AF 580 338.4  78.0 023.2  22.8 2.02E-06 002.5 198.4  49.9 0.009089 0.003946 0.001771 hargrave 2023-09-25 20:39:51 
AF 600 342.3  59.4 010.2  09.1 1.89E-06 003.2 221.5  40.7 0.008824 0.006869 0.001300 hargrave 2023-09-25 20:41:11 
AF 650 337.7  81.3 026.0  24.9 6.83E-07 002.9 193.6  51.2 0.003637 0.002183 0.000936 hargrave 2023-09-25 20:42:32 
AF 700 027.7  61.8 031.0  01.9 1.05E-06 002.9 232.7  61.5 0.003933 0.004466 0.000903 hargrave 2023-09-25 20:43:53 
AF 750 033.8  61.0 033.9  01.0 1.08E-06 002.5 235.2  64.3 0.003608 0.004077 0.001994 hargrave 2023-09-25 20:45:14 
AF 800 336.3  72.1 018.0  19.5 7.48E-07 003.2 205.5  46.4 0.004083 0.002762 0.000406 hargrave 2023-09-25 20:46:35 
AF 850 162.6  42.7 092.1  47.4 8.96E-07 002.1 113.2  37.7 0.002219 0.002101 0.001834 hargrave 2023-09-25 20:47:56 
AF 900 079.1  56.2 057.3  04.3 1.20E-06 001.4 205.5  87.6 0.002247 0.001882 0.001809 hargrave 2023-09-25 20:49:17 
AF 950 054.4  79.3 037.9  19.9 4.56E-07 003.2 190.6  63.2 0.002254 0.001741 0.000447 hargrave 2023-09-25 20:50:38 
AF1000 288.5  67.0 007.2  33.4 5.04E-07 002.7 192.4  32.7 0.003504 0.001569 0.001327 hargrave 2023-09-25 20:51:59 
