MF8- 74b sun compass orientation
  19.91  92.1  52.0 304.0  60.0   1.0
NRM    020.0  62.5 027.6  03.2 3.38E-06 001.6 161.7  63.2 0.008470 0.004663 0.002937 hargrave 2024-04-12 19:14:51 
TT  55 014.8  64.0 025.7  05.2 3.20E-06 001.7 167.8  62.9 0.008984 0.004401 0.002053 hargrave 2024-04-15 10:09:24 
TT 100 027.7  55.3 030.4 -04.5 1.75E-06 001.2 143.5  65.6 0.003092 0.001394 0.001610 hargrave 2024-04-15 12:35:29 
TT 125 324.5  63.8 008.1  18.3 1.81E-06 002.5 208.8  55.9 0.006619 0.003246 0.003373 hargrave 2024-04-15 15:18:45 
TT 150 331.5  31.1 344.3 -04.8 1.15E-06 002.7 276.1  64.0 0.003627 0.003616 0.001916 hargrave 2024-04-15 18:38:41 
TT 200 322.8  28.8 337.9 -00.2 1.08E-06 002.7 274.0  56.2 0.003410 0.003543 0.001555 hargrave 2024-04-16 10:09:52 
TT 250 309.1  00.9 307.4 -03.9 1.00E-06 003.4 294.1  28.9 0.003786 0.004676 0.001878 hargrave 2024-04-16 12:26:53 
TT 300 260.5 -08.3 271.1  31.2 1.39E-06 001.1 269.5 -14.2 0.001402 0.002729 0.002845 hargrave 2024-04-16 15:25:43 
TT 325 278.8 -16.2 276.9  12.4 1.34E-06 001.4 286.9 -04.7 0.001422 0.003668 0.002796 hargrave 2024-04-16 18:29:59 
TT 350 257.8 -70.3 228.0 -15.1 1.40E-06 001.8 334.7 -40.2 0.004128 0.003352 0.001393 hargrave 2024-04-17 10:53:44 
TT 375 296.6 -11.8 290.1  00.5 8.13E-07 003.3 294.7  11.2 0.003746 0.001461 0.002601 hargrave 2024-04-17 14:03:56 
TT 400 247.3 -46.3 236.5  08.0 9.12E-07 001.0 301.9 -42.3 0.001773 0.002410 0.002038 hargrave 2024-04-18 11:04:47 
TT 420 357.9  23.9 357.2 -25.9 9.50E-07 004.4 344.5  75.5 0.004241 0.006128 0.000668 hargrave 2024-04-18 14:54:27 
TT 430 318.7  11.9 321.7 -06.4 1.09E-06 002.7 292.2  43.4 0.002999 0.003901 0.002002 hargrave 2024-04-19 09:27:29 
