MF8- 52a sun compass orientation
   97.5 202.2  40.0 304.0  60.0   1.0
NRM    355.9  52.5 012.0 -01.0 4.12E-06 005.1 217.3  25.8 0.030880 0.022182 0.005478 hargrave 2023-09-22 21:20:53 
AF  10 352.8  51.6 009.8 -00.7 4.02E-06 005.0 216.3  23.8 0.030440 0.020905 0.005440 hargrave 2023-09-22 21:22:14 
AF  20 351.5  50.5 008.6 -01.1 3.78E-06 005.1 216.3  22.5 0.029034 0.020402 0.005304 hargrave 2023-09-22 21:23:34 
AF  30 351.2  49.3 007.7 -02.0 3.65E-06 005.2 216.9  21.5 0.028188 0.020103 0.005031 hargrave 2023-09-22 21:24:54 
AF  40 351.8  49.2 008.0 -02.3 3.45E-06 005.2 217.3  21.6 0.026987 0.019250 0.004543 hargrave 2023-09-22 21:26:15 
AF  50 355.8  49.7 010.4 -03.3 3.38E-06 005.3 219.2  23.6 0.025992 0.019124 0.004469 hargrave 2023-09-22 21:27:35 
AF  60 359.3  50.5 012.7 -03.8 3.07E-06 005.3 220.5  25.6 0.023223 0.017735 0.003645 hargrave 2023-09-22 21:28:56 
AF  70 001.6  51.6 014.5 -03.5 3.01E-06 005.2 220.9  27.4 0.022293 0.017403 0.003504 hargrave 2023-09-22 21:30:17 
AF  80 004.4  50.2 015.5 -05.6 2.73E-06 005.3 223.4  27.6 0.020066 0.015895 0.002771 hargrave 2023-09-22 21:31:37 
AF  90 004.0  52.0 016.0 -03.9 2.57E-06 005.2 221.8  28.7 0.018969 0.014981 0.002711 hargrave 2023-09-22 21:32:58 
AF 100 004.8  50.4 015.8 -05.5 2.39E-06 005.3 223.5  27.9 0.017590 0.014339 0.002438 hargrave 2023-09-22 21:34:19 
AF 110 007.3  51.8 017.8 -04.9 2.32E-06 005.3 223.6  30.0 0.016966 0.014069 0.002206 hargrave 2023-09-22 21:35:39 
AF 120 005.9  53.2 017.6 -03.3 2.27E-06 005.3 221.8  30.3 0.017030 0.013334 0.002118 hargrave 2023-09-22 21:37:00 
AF 130 007.4  50.1 017.2 -06.5 2.20E-06 005.4 225.0  28.8 0.016139 0.013587 0.001925 hargrave 2023-09-22 21:38:21 
AF 140 000.7  52.1 014.3 -02.9 2.05E-06 005.4 220.1  27.4 0.016141 0.012054 0.001640 hargrave 2023-09-22 21:39:41 
AF 150 006.2  55.4 018.6 -01.3 1.96E-06 005.2 220.0  32.0 0.014823 0.010989 0.001658 hargrave 2023-09-22 21:41:02 
AF 160 359.9  52.6 014.1 -02.2 1.81E-06 005.4 219.3  27.4 0.014345 0.010621 0.001512 hargrave 2023-09-22 21:42:22 
AF 170 004.2  49.5 015.0 -06.2 1.68E-06 005.6 223.9  26.9 0.013013 0.010705 0.001196 hargrave 2023-09-22 21:43:43 
AF 180 000.7  50.5 013.5 -04.2 1.54E-06 005.6 221.2  26.2 0.012300 0.009562 0.001176 hargrave 2023-09-22 21:45:04 
AF 190 357.6  50.2 011.6 -03.5 1.49E-06 005.6 219.8  24.7 0.012283 0.009021 0.001256 hargrave 2023-09-22 21:46:24 
AF 200 000.3  42.6 009.4 -11.1 1.31E-06 005.7 226.6  20.0 0.009974 0.009036 0.001123 hargrave 2023-09-22 21:47:45 
AF 220 353.1  56.8 013.0  03.5 1.42E-06 005.3 212.8  28.0 0.012291 0.007330 0.000721 hargrave 2023-09-22 21:49:06 
AF 240 013.5  56.3 022.8 -02.0 1.50E-06 005.0 222.5  35.7 0.010482 0.008668 0.000701 hargrave 2023-09-22 21:50:27 
AF 260 354.9  50.7 010.4 -02.2 1.34E-06 005.3 218.0  24.0 0.010836 0.007707 0.000516 hargrave 2023-09-22 21:51:47 
AF 280 013.1  51.2 021.0 -06.7 1.11E-06 005.2 226.9  32.2 0.007428 0.007068 0.000666 hargrave 2023-09-22 21:53:08 
AF 300 007.8  50.6 017.7 -06.1 1.19E-06 005.4 224.8  29.4 0.008732 0.007660 0.000467 hargrave 2023-09-22 21:54:29 
AF 320 001.0  50.0 013.5 -04.8 1.40E-06 005.5 221.8  26.0 0.010948 0.008463 0.001126 hargrave 2023-09-22 21:55:51 
AF 340 358.7  52.3 013.3 -02.1 1.10E-06 005.5 218.9  26.7 0.009017 0.006532 0.000567 hargrave 2023-09-22 21:57:12 
AF 360 003.8  57.5 018.3  01.1 1.10E-06 005.3 217.2  32.5 0.008956 0.006030 0.000490 hargrave 2023-09-22 21:58:32 
AF 380 356.0  74.3 024.0  17.3 1.21E-06 003.9 198.8  41.4 0.009333 0.003693 0.000698 hargrave 2023-09-22 21:59:53 
AF 400 350.6  69.9 019.9  14.7 9.51E-07 004.4 201.5  37.1 0.007859 0.003585 0.000692 hargrave 2023-09-22 22:01:13 
AF 420 321.7  41.1 347.6  07.5 7.20E-07 004.6 201.9  04.7 0.007331 0.003341 0.000473 hargrave 2023-09-22 22:02:34 
AF 440 023.1  72.4 030.6  12.6 9.82E-07 004.1 206.4  47.2 0.006963 0.003468 0.000363 hargrave 2023-09-22 22:03:55 
AF 460 046.5  79.2 036.5  19.5 1.15E-06 003.3 196.6  53.3 0.007042 0.002503 0.000661 hargrave 2023-09-22 22:05:15 
AF 480 343.7  83.0 028.0  25.4 1.08E-06 003.4 187.8  45.3 0.008346 0.001803 0.000457 hargrave 2023-09-22 22:06:36 
AF 500 009.1  78.3 028.8  19.3 7.88E-07 004.0 196.6  46.1 0.006051 0.002525 0.000368 hargrave 2023-09-22 22:07:57 
AF 520 351.5  69.2 019.7  13.9 1.01E-06 004.4 202.4  36.9 0.008464 0.003892 0.000623 hargrave 2023-09-22 22:09:18 
AF 540 358.1  79.1 027.2  21.0 1.01E-06 003.6 194.0  44.6 0.007516 0.002454 0.000587 hargrave 2023-09-22 22:10:38 
AF 560 008.5  74.3 027.0  15.6 7.88E-07 004.1 201.5  44.1 0.005908 0.002676 0.000745 hargrave 2023-09-22 22:11:59 
AF 580 349.7  53.9 009.7  02.2 8.47E-07 005.3 213.2  24.5 0.007636 0.004377 0.000361 hargrave 2023-09-22 22:13:20 
AF 600 340.8  66.4 014.7  14.5 8.45E-07 004.4 200.8  32.1 0.007670 0.003130 0.000557 hargrave 2023-09-22 22:14:40 
AF 650 318.4  52.8 356.6  15.5 6.63E-07 003.8 196.1  15.2 0.006824 0.002250 0.000277 hargrave 2023-09-22 22:16:01 
AF 700 287.2  46.0 342.2  32.2 1.84E-07 003.1 176.5  06.1 0.002239 0.000515 0.000755 hargrave 2023-09-22 22:17:22 
AF 750 117.5  58.0 068.6  21.8 6.89E-07 001.5 160.8  81.4 0.001441 0.001197 0.000791 hargrave 2023-09-22 22:18:42 
AF 800 079.0  81.0 041.0  23.4 3.96E-07 003.6 189.2  57.2 0.002590 0.001039 0.000782 hargrave 2023-09-22 22:20:03 
AF 850 093.9  53.4 065.4  08.2 6.81E-07 001.9 246.2  78.2 0.001281 0.001974 0.000354 hargrave 2023-09-22 22:21:24 
AF 900 093.0  30.7 082.0 -07.4 7.34E-07 002.6 316.0  65.9 0.002254 0.002351 0.000791 hargrave 2023-09-22 22:22:45 
AF 950 124.6  32.9 094.9  16.2 7.26E-07 002.6 032.9  70.6 0.002509 0.002112 0.000516 hargrave 2023-09-22 22:24:06 
AF1000 146.8  44.3 088.7  36.1 8.53E-07 002.3 089.7  66.0 0.001183 0.003523 0.001102 hargrave 2023-09-22 22:25:27 
