MF8- 31a mag compass orientation (IGRF corrected)
   54.2 175.1  32.0 304.0  60.0   1.0
NRM    336.9  58.9 007.8  10.7 7.25E-06 004.2 219.7  39.9 0.047070 0.029372 0.002356 hargrave 2023-09-10 21:12:24 
AF  10 334.2  60.0 007.7  12.4 7.02E-06 004.1 217.5  39.8 0.046033 0.027373 0.003457 hargrave 2023-09-10 21:13:45 
AF  20 332.5  61.1 008.1  13.8 6.62E-06 004.1 215.7  40.1 0.044682 0.025224 0.004172 hargrave 2023-09-10 21:15:05 
AF  30 332.1  61.9 008.6  14.4 6.28E-06 004.1 214.8  40.6 0.042601 0.024106 0.003850 hargrave 2023-09-10 21:16:26 
AF  40 328.3  62.1 007.7  16.0 5.84E-06 004.2 212.8  39.6 0.040816 0.022103 0.003862 hargrave 2023-09-10 21:17:46 
AF  50 330.6  64.7 010.5  16.6 5.55E-06 004.1 211.8  42.3 0.038269 0.020247 0.003106 hargrave 2023-09-10 21:19:07 
AF  60 338.7  70.5 017.2  17.8 5.60E-06 003.7 209.0  48.5 0.035730 0.017631 0.003894 hargrave 2023-09-10 21:20:27 
AF  70 338.8  68.7 015.9  16.6 5.21E-06 003.8 211.0  47.4 0.033875 0.016999 0.004276 hargrave 2023-09-10 21:21:47 
AF  80 336.6  71.1 017.2  18.8 5.20E-06 003.7 207.6  48.4 0.033930 0.015611 0.004283 hargrave 2023-09-10 21:23:07 
AF  90 341.1  74.6 020.9  20.1 4.73E-06 003.5 204.5  51.6 0.029459 0.012612 0.003707 hargrave 2023-09-10 21:24:28 
AF 100 347.4  73.8 021.7  18.3 4.74E-06 003.5 207.1  52.6 0.028692 0.012991 0.003921 hargrave 2023-09-10 21:25:48 
AF 110 331.0  77.0 021.3  23.5 4.41E-06 003.4 199.1  51.0 0.028541 0.010537 0.003799 hargrave 2023-09-10 21:27:08 
AF 120 339.0  76.0 021.7  21.4 4.03E-06 003.4 202.1  52.0 0.025417 0.009801 0.003028 hargrave 2023-09-10 21:28:28 
AF 130 343.9  80.1 025.7  23.4 3.96E-06 003.2 197.0  54.9 0.023984 0.008263 0.003487 hargrave 2023-09-10 21:29:48 
AF 140 339.0  78.3 023.6  22.9 4.07E-06 003.3 199.0  53.2 0.025359 0.009252 0.003925 hargrave 2023-09-10 21:31:08 
AF 150 338.9  80.4 025.4  24.3 3.78E-06 003.2 195.8  54.3 0.023408 0.007793 0.003785 hargrave 2023-09-10 21:32:28 
AF 160 337.6  75.1 020.7  21.1 3.80E-06 003.6 203.0  51.1 0.024563 0.009811 0.003362 hargrave 2023-09-10 21:33:48 
AF 170 342.2  68.7 016.8  15.8 3.60E-06 003.9 212.2  48.4 0.023624 0.011801 0.002514 hargrave 2023-09-10 21:35:08 
AF 180 000.7  78.8 027.5  20.5 3.73E-06 003.1 201.0  57.3 0.021048 0.008082 0.004294 hargrave 2023-09-10 21:36:28 
AF 190 344.9  71.3 019.3  17.0 3.80E-06 003.7 209.9  50.6 0.024273 0.011130 0.003967 hargrave 2023-09-10 21:37:49 
AF 200 353.4  70.5 021.0  14.6 3.53E-06 003.6 213.3  52.6 0.020982 0.010895 0.003116 hargrave 2023-09-10 21:39:09 
AF 220 013.5  86.8 032.8  27.0 3.01E-06 002.8 185.8  58.9 0.016407 0.004222 0.003077 hargrave 2023-09-10 21:40:29 
AF 240 339.1  72.7 019.1  19.2 3.26E-06 003.9 206.5  50.0 0.022388 0.009864 0.003323 hargrave 2023-09-10 21:41:50 
AF 260 345.1  63.5 013.9  11.1 3.04E-06 004.1 219.2  45.9 0.019594 0.011833 0.002600 hargrave 2023-09-10 21:43:11 
AF 280 342.4  53.7 006.3  04.8 2.72E-06 004.6 227.1  37.9 0.017979 0.012974 0.001253 hargrave 2023-09-10 21:44:31 
AF 300 355.1  67.7 019.9  12.0 3.37E-06 003.7 217.7  51.7 0.019681 0.011611 0.002915 hargrave 2023-09-10 21:45:52 
AF 320 316.6  65.2 007.8  22.0 2.53E-06 004.2 205.1  39.1 0.019823 0.008773 0.002849 hargrave 2023-09-10 21:47:12 
AF 340 340.8  64.9 013.6  13.5 3.19E-06 004.2 215.8  45.4 0.021308 0.012262 0.003928 hargrave 2023-09-10 21:48:32 
AF 360 344.5  75.7 022.4  20.2 3.54E-06 003.5 203.8  52.9 0.022312 0.008999 0.005441 hargrave 2023-09-10 21:49:52 
AF 380 326.2  72.4 016.4  22.2 2.99E-06 003.8 202.8  47.0 0.021296 0.008272 0.003671 hargrave 2023-09-10 21:51:12 
AF 400 006.5  73.6 026.2  15.2 3.06E-06 003.3 211.0  57.5 0.016354 0.008365 0.004463 hargrave 2023-09-10 21:52:32 
AF 420 004.8  70.8 024.5  12.9 2.35E-06 003.4 215.6  56.1 0.012717 0.007054 0.003417 hargrave 2023-09-10 21:53:53 
AF 440 324.5  59.1 004.0  15.9 2.03E-06 004.6 213.2  36.1 0.015815 0.008144 0.001149 hargrave 2023-09-10 21:55:13 
AF 460 295.2  69.0 009.6  30.9 1.86E-06 003.7 193.4  38.8 0.015417 0.004866 0.001542 hargrave 2023-09-10 21:56:33 
AF 480 355.6  70.1 021.4  13.8 2.03E-06 003.6 214.5  53.0 0.011862 0.006399 0.001799 hargrave 2023-09-10 21:57:53 
AF 500 324.9  68.3 012.4  20.5 2.16E-06 004.1 206.1  43.6 0.016040 0.007277 0.002857 hargrave 2023-09-10 21:59:13 
AF 520 318.8  67.5 010.5  22.2 2.19E-06 004.1 204.3  41.6 0.017050 0.007133 0.003285 hargrave 2023-09-10 22:00:33 
AF 540 015.4  78.9 030.2  19.4 2.44E-06 003.0 201.4  60.2 0.013156 0.005128 0.003396 hargrave 2023-09-10 22:01:53 
AF 560 119.6  86.1 038.5  29.6 2.87E-06 002.6 175.4  61.1 0.015230 0.002435 0.005535 hargrave 2023-09-10 22:03:13 
AF 580 222.9  78.7 031.7  41.1 2.87E-06 003.0 168.4  49.0 0.020083 0.002299 0.006533 hargrave 2023-09-10 22:04:33 
AF 600 299.5  53.2 352.3  26.2 2.42E-06 004.4 201.8  24.7 0.022868 0.009349 0.002572 hargrave 2023-09-10 22:05:53 
AF 650 003.2  75.7 026.4  17.5 1.06E-06 003.4 206.7  57.2 0.006302 0.002516 0.002415 hargrave 2023-09-10 22:07:13 
AF 700 330.7  81.0 025.0  25.6 2.12E-06 003.3 193.9  53.4 0.014063 0.004259 0.004264 hargrave 2023-09-10 22:08:34 
AF 750 307.5  51.1 351.9  20.9 2.20E-06 005.0 207.7  24.5 0.021042 0.009764 0.002695 hargrave 2023-09-10 22:09:54 
AF 800 269.6  58.1 357.3  43.1 1.58E-06 002.6 182.6  26.1 0.015244 0.003297 0.002281 hargrave 2023-09-10 22:11:13 
AF 850 292.0  57.5 356.1  31.2 1.19E-06 003.9 195.9  27.5 0.011574 0.003938 0.001348 hargrave 2023-09-10 22:12:34 
AF 900 303.1  63.3 003.7  26.9 1.28E-06 003.9 199.7  34.7 0.010994 0.004275 0.001368 hargrave 2023-09-10 22:13:55 
AF 950 044.5  67.6 038.0  07.9 1.73E-06 002.2 225.4  69.6 0.005776 0.003863 0.001525 hargrave 2023-09-10 22:15:16 
AF1000 268.8  79.6 023.5  35.6 1.45E-06 003.2 181.0  47.6 0.011101 0.002068 0.002546 hargrave 2023-09-10 22:16:37 
