MF8- 68a sun compass orientation
  162.3 163.4  29.0 304.0  60.0   1.0
NRM    012.6  68.0 026.0  09.3 7.66E-06 001.3 228.5  64.1 0.015176 0.007466 0.001754 hargrave 2023-09-30 17:28:24 
AF  10 010.5  67.9 025.3  09.4 7.36E-06 001.2 228.3  63.3 0.014180 0.007400 0.002017 hargrave 2023-09-30 17:29:46 
AF  20 010.1  67.5 025.0  09.1 7.01E-06 001.2 229.0  63.1 0.013366 0.006932 0.002073 hargrave 2023-09-30 17:31:07 
AF  30 011.1  67.5 025.3  09.0 6.71E-06 001.2 229.2  63.4 0.012519 0.006597 0.001996 hargrave 2023-09-30 17:32:28 
AF  40 011.4  67.3 025.4  08.8 6.47E-06 001.2 229.7  63.5 0.012167 0.006516 0.002095 hargrave 2023-09-30 17:33:49 
AF  50 010.4  66.5 024.7  08.2 6.20E-06 001.2 231.1  62.8 0.011651 0.006374 0.001845 hargrave 2023-09-30 17:35:11 
AF  60 009.2  65.6 024.0  07.5 5.79E-06 001.3 232.6  62.1 0.011090 0.006345 0.001784 hargrave 2023-09-30 17:36:32 
AF  70 011.2  66.4 025.0  07.9 5.65E-06 001.2 231.7  63.1 0.010372 0.005853 0.001742 hargrave 2023-09-30 17:37:53 
AF  80 008.9  65.2 023.7  07.2 5.23E-06 001.3 233.4  61.8 0.010042 0.005762 0.001378 hargrave 2023-09-30 17:39:14 
AF  90 002.5  64.9 021.0  08.0 4.92E-06 001.4 231.6  59.2 0.010328 0.005785 0.001521 hargrave 2023-09-30 17:40:36 
AF 100 003.8  65.2 021.7  08.1 4.63E-06 001.3 231.5  59.9 0.009470 0.005266 0.001004 hargrave 2023-09-30 17:41:58 
AF 110 006.8  66.9 023.5  09.1 4.59E-06 001.3 229.3  61.6 0.009401 0.004802 0.000807 hargrave 2023-09-30 17:43:19 
AF 120 006.5  62.6 021.7  05.2 4.11E-06 001.3 237.2  59.8 0.008123 0.004986 0.000889 hargrave 2023-09-30 17:44:40 
AF 130 006.0  64.4 022.2  06.9 3.93E-06 001.3 233.9  60.4 0.007934 0.004508 0.000926 hargrave 2023-09-30 17:46:02 
AF 140 011.7  64.7 024.6  06.3 3.78E-06 001.3 235.3  62.8 0.007316 0.004221 0.000458 hargrave 2023-09-30 17:47:23 
AF 150 006.8  63.0 022.0  05.5 3.92E-06 001.3 236.6  60.1 0.007761 0.004651 0.000933 hargrave 2023-09-30 17:48:44 
AF 160 359.5  63.0 019.0  07.0 3.46E-06 001.4 233.5  57.2 0.007583 0.004312 0.000718 hargrave 2023-09-30 17:50:06 
AF 170 005.0  64.8 022.0  07.5 3.33E-06 001.3 232.6  60.2 0.006750 0.003804 0.001087 hargrave 2023-09-30 17:51:27 
AF 180 017.5  60.5 026.0  01.5 3.67E-06 001.1 246.2  63.5 0.005861 0.004312 0.001226 hargrave 2023-09-30 17:52:48 
AF 190 009.5  65.3 024.0  07.2 3.23E-06 001.2 233.2  62.1 0.005933 0.003684 0.001203 hargrave 2023-09-30 17:54:10 
AF 200 021.4  58.9 027.5 -00.5 3.03E-06 001.0 251.4  64.5 0.004171 0.003195 0.001289 hargrave 2023-09-30 17:55:33 
AF 220 002.7  62.1 019.9  05.5 3.00E-06 001.4 236.4  58.0 0.006401 0.003740 0.000604 hargrave 2023-09-30 17:56:54 
AF 240 019.1  69.5 028.8  10.1 2.70E-06 001.2 226.0  66.7 0.005052 0.002242 0.000856 hargrave 2023-09-30 17:58:15 
AF 260 359.1  68.7 021.8  12.0 2.20E-06 001.4 223.6  59.6 0.005274 0.002211 0.000751 hargrave 2023-09-30 17:59:37 
AF 280 020.3  65.9 028.4  06.5 3.07E-06 001.1 235.1  66.5 0.005320 0.003060 0.000924 hargrave 2023-09-30 18:00:58 
AF 300 008.6  63.9 023.0  06.0 2.59E-06 001.3 235.8  61.2 0.005315 0.002881 0.000423 hargrave 2023-09-30 18:02:19 
AF 320 006.9  61.9 021.6  04.5 2.52E-06 001.3 238.6  59.6 0.004783 0.003455 0.000502 hargrave 2023-09-30 18:03:41 
AF 340 023.7  52.4 027.7 -07.2 2.17E-06 001.0 265.3  62.1 0.002830 0.002532 0.000802 hargrave 2023-09-30 18:05:03 
AF 360 046.7  60.3 040.3  00.9 2.18E-06 000.7 261.6  77.0 0.001967 0.001705 0.000780 hargrave 2023-09-30 18:06:25 
AF 380 058.9  57.9 046.9  00.4 2.08E-06 000.7 286.2  82.0 0.001808 0.001550 0.001357 hargrave 2023-09-30 18:07:46 
AF 400 358.3  73.0 023.8  15.8 2.04E-06 001.4 215.4  60.8 0.005045 0.001927 0.000989 hargrave 2023-09-30 18:09:08 
AF 420 011.6  75.3 028.2  16.3 2.19E-06 001.2 211.5  64.7 0.004632 0.001664 0.000452 hargrave 2023-09-30 18:10:30 
AF 440 041.1  68.6 036.6  08.8 2.46E-06 000.8 226.9  74.6 0.003318 0.001621 0.001260 hargrave 2023-09-30 18:11:52 
AF 460 051.6  66.0 041.1  07.0 2.02E-06 000.7 233.1  79.1 0.002244 0.001248 0.001094 hargrave 2023-09-30 18:13:14 
AF 480 028.5  65.5 031.7  05.6 2.17E-06 000.9 237.7  69.8 0.003031 0.001867 0.001143 hargrave 2023-09-30 18:14:36 
AF 500 050.5  64.0 041.2  04.9 1.71E-06 000.7 244.3  79.1 0.001585 0.001232 0.000253 hargrave 2023-09-30 18:15:57 
AF 520 026.1  66.0 030.8  06.2 1.27E-06 001.1 236.0  68.9 0.002059 0.001413 0.000517 hargrave 2023-09-30 18:17:18 
AF 540 036.4  59.5 035.2 -00.5 1.56E-06 000.9 258.4  71.8 0.001782 0.001532 0.000706 hargrave 2023-09-30 18:18:39 
AF 560 067.3  70.1 045.1  12.9 1.28E-06 001.0 192.8  80.6 0.002015 0.001092 0.001445 hargrave 2023-09-30 18:20:01 
AF 580 037.0  63.4 035.3  03.5 1.83E-06 000.9 245.8  73.1 0.002124 0.001915 0.000310 hargrave 2023-09-30 18:21:22 
AF 600 002.6  54.6 016.4 -01.2 1.49E-06 001.4 247.3  53.7 0.002442 0.003004 0.000617 hargrave 2023-09-30 18:22:45 
AF 650 013.0  74.4 028.3  15.3 1.53E-06 001.2 213.8  65.1 0.002949 0.001640 0.000628 hargrave 2023-09-30 18:24:06 
AF 700 256.7  88.3 032.7  31.2 1.49E-06 001.1 180.2  59.3 0.003364 0.000764 0.000527 hargrave 2023-09-30 18:25:27 
AF 750 050.5  47.8 045.2 -10.8 1.14E-06 001.2 304.8  71.5 0.001178 0.001959 0.001395 hargrave 2023-09-30 18:26:48 
AF 800 040.9  71.0 036.3  11.1 1.46E-06 000.9 218.7  73.7 0.001806 0.001646 0.000769 hargrave 2023-09-30 18:28:10 
AF 850 044.7  68.8 037.9  09.2 2.23E-06 000.8 224.7  75.7 0.002560 0.001944 0.000337 hargrave 2023-09-30 18:29:32 
AF 900 033.6  49.9 033.7 -10.1 1.57E-06 000.8 278.5  65.4 0.001117 0.002100 0.000285 hargrave 2023-09-30 18:30:54 
AF 950 074.6  70.4 047.0  14.5 1.47E-06 000.7 177.6  80.6 0.001297 0.001109 0.001110 hargrave 2023-09-30 18:32:16 
AF1000 077.0  75.0 044.7  18.6 1.08E-06 000.8 176.2  75.9 0.001208 0.000848 0.000284 hargrave 2023-09-30 18:33:38 
