MF8- 78a sun compass orientation
  20.53 104.8  56.0 304.0  60.0   1.0
NRM    323.3  48.6 354.6  10.7 8.80E-06 003.9 232.9  49.6 0.046885 0.037214 0.014055 hargrave 2024-03-23 19:55:36 
AF  10 322.1  48.2 353.8  11.1 8.48E-06 003.9 233.5  48.8 0.044119 0.035483 0.014073 hargrave 2024-03-23 19:56:57 
AF  20 321.8  47.2 352.8  10.8 8.23E-06 003.9 235.0  48.5 0.042374 0.035667 0.014062 hargrave 2024-03-23 19:58:17 
AF  30 321.6  47.1 352.6  10.9 8.00E-06 003.9 235.2  48.4 0.041228 0.034708 0.013496 hargrave 2024-03-23 19:59:37 
AF  40 321.0  46.2 351.7  10.7 7.61E-06 003.9 236.5  47.9 0.038360 0.033694 0.013145 hargrave 2024-03-23 20:00:57 
AF  50 321.6  45.1 350.9  09.7 7.25E-06 003.9 238.2  48.3 0.035369 0.032251 0.012474 hargrave 2024-03-23 20:02:17 
AF  60 321.1  44.3 350.0  09.6 6.88E-06 003.8 239.4  47.9 0.032766 0.030805 0.011886 hargrave 2024-03-23 20:03:38 
AF  70 320.5  44.0 349.6  09.8 6.64E-06 003.9 239.7  47.4 0.031893 0.030515 0.010965 hargrave 2024-03-23 20:04:58 
AF  80 316.4  42.7 346.9  11.7 6.16E-06 003.9 241.0  44.3 0.029368 0.029699 0.009339 hargrave 2024-03-23 20:06:18 
AF  90 320.2  43.8 349.3  09.9 6.08E-06 003.8 240.0  47.2 0.028920 0.027568 0.009184 hargrave 2024-03-23 20:07:38 
AF 100 313.7  42.5 345.7  13.3 5.71E-06 003.9 240.8  42.3 0.027661 0.027995 0.008829 hargrave 2024-03-23 20:08:59 
AF 110 311.4  38.7 341.4  13.1 5.32E-06 003.7 245.2  39.7 0.023428 0.027049 0.008314 hargrave 2024-03-23 20:10:19 
AF 120 311.4  40.1 342.7  13.7 5.29E-06 003.8 243.4  40.1 0.024913 0.025540 0.008315 hargrave 2024-03-23 20:11:39 
AF 130 305.3  38.0 338.5  17.0 4.61E-06 003.9 244.3  34.9 0.022147 0.023219 0.006980 hargrave 2024-03-23 20:13:00 
AF 140 313.8  41.7 345.0  12.8 4.76E-06 003.6 241.9  42.2 0.021662 0.021001 0.007185 hargrave 2024-03-23 20:14:20 
AF 150 313.4  44.1 347.0  14.3 4.52E-06 003.7 238.7  42.4 0.021617 0.019119 0.007866 hargrave 2024-03-23 20:15:40 
AF 160 308.7  46.4 347.6  18.3 4.59E-06 004.0 234.8  39.5 0.024478 0.020801 0.006680 hargrave 2024-03-23 20:17:00 
AF 170 312.2  42.0 344.6  14.0 4.20E-06 003.8 241.2  41.1 0.020049 0.019338 0.006543 hargrave 2024-03-23 20:18:20 
AF 180 306.9  42.1 342.9  17.6 3.95E-06 003.9 239.9  37.3 0.019167 0.016733 0.008553 hargrave 2024-03-23 20:19:44 
AF 190 321.6  41.0 347.5  07.5 3.89E-06 003.4 244.3  47.8 0.014972 0.015691 0.008843 hargrave 2024-03-23 20:21:04 
AF 200 316.6  47.4 351.2  13.9 3.46E-06 003.8 234.4  45.0 0.017147 0.013193 0.007259 hargrave 2024-03-23 20:22:24 
AF 220 319.6  41.5 347.1  09.0 3.96E-06 003.5 243.2  46.5 0.016794 0.016779 0.007252 hargrave 2024-03-23 20:23:44 
AF 240 309.6  45.5 347.1  17.3 2.96E-06 003.7 236.2  40.0 0.013428 0.011598 0.007465 hargrave 2024-03-23 20:25:04 
AF 260 309.4  37.8 339.9  14.0 3.25E-06 003.7 245.7  38.0 0.013685 0.015290 0.007651 hargrave 2024-03-23 20:26:24 
AF 280 293.9  35.7 332.5  24.6 2.56E-06 003.8 242.8  25.6 0.011790 0.011753 0.006464 hargrave 2024-03-23 20:27:44 
AF 300 302.1  24.2 324.4  13.3 2.17E-06 003.3 257.8  27.0 0.008570 0.011445 0.004955 hargrave 2024-03-23 20:29:04 
AF 320 291.3  30.6 326.4  24.7 2.37E-06 003.6 246.8  21.5 0.009958 0.011747 0.006129 hargrave 2024-03-23 20:30:24 
AF 340 275.3  13.5 301.9  31.4 2.29E-06 002.7 253.6 -00.2 0.007335 0.011681 0.004517 hargrave 2024-03-23 20:31:44 
AF 360 262.9  08.9 289.6  39.8 1.86E-06 002.7 249.9 -12.6 0.005785 0.007712 0.004981 hargrave 2024-03-23 20:33:04 
AF 380 301.4  12.9 314.0  08.7 2.64E-06 002.6 268.1  20.8 0.006256 0.015383 0.006452 hargrave 2024-03-23 20:34:23 
AF 400 279.4  19.4 310.1  30.4 1.94E-06 003.2 250.9  06.5 0.006544 0.009402 0.006437 hargrave 2024-03-23 20:35:43 
AF 420 292.4  13.8 310.6  16.7 1.47E-06 003.2 262.6  13.9 0.003127 0.006052 0.006767 hargrave 2024-03-23 20:37:03 
AF 440 304.8  09.0 312.2  03.8 2.19E-06 002.6 273.7  21.6 0.004604 0.009918 0.006586 hargrave 2024-03-23 20:38:27 
AF 460 293.8 -07.3 292.5  05.0 8.83E-07 005.0 281.1  03.3 0.002150 0.003165 0.007495 hargrave 2024-03-23 20:39:46 
AF 480 335.3  25.7 342.3 -10.8 1.40E-06 002.9 272.9  54.9 0.001967 0.003563 0.007293 hargrave 2024-03-23 20:41:10 
AF 500 337.4  13.3 333.9 -20.4 2.12E-06 003.3 292.3  50.3 0.006850 0.008618 0.005933 hargrave 2024-03-23 20:42:31 
AF 520 343.7  01.6 328.0 -32.6 1.70E-06 002.8 311.4  46.5 0.006000 0.004966 0.003691 hargrave 2024-03-23 20:43:50 
AF 540 339.1  09.6 331.9 -24.1 2.22E-06 003.1 298.3  49.2 0.006808 0.007890 0.006265 hargrave 2024-03-23 20:45:10 
AF 560 309.6  01.0 307.7 -04.4 9.34E-07 002.7 283.6  21.0 0.000699 0.001949 0.004654 hargrave 2024-03-23 20:46:33 
AF 580 278.3  02.6 292.8  23.5 1.34E-06 002.3 264.2 -03.9 0.001803 0.005527 0.004912 hargrave 2024-03-23 20:47:53 
AF 600 293.9 -06.5 293.3  05.4 9.61E-07 003.8 280.5  03.9 0.001508 0.003271 0.006167 hargrave 2024-03-23 20:49:13 
