MF8- 9a mag compass orientation (IGRF corrected)
    5.5 179.1  54.0 304.0  60.0   1.0
NRM    001.1  79.5 027.9  21.0 1.05E-05 002.7 193.0  35.7 0.060148 0.026489 0.005604 hargrave 2023-09-08 12:45:35 
AF  10 354.3  79.8 027.0  22.0 1.02E-05 002.7 192.3  34.5 0.058662 0.024485 0.004320 hargrave 2023-09-08 12:46:56 
AF  20 353.5  80.0 027.0  22.2 9.75E-06 002.7 192.1  34.4 0.057173 0.023105 0.004089 hargrave 2023-09-08 12:48:18 
AF  30 351.5  81.1 027.5  23.3 9.42E-06 002.7 190.7  34.3 0.057186 0.021715 0.003939 hargrave 2023-09-08 12:49:39 
AF  40 357.0  81.0 028.2  22.7 8.91E-06 002.7 191.0  35.2 0.054629 0.020711 0.003482 hargrave 2023-09-08 12:51:00 
AF  50 353.5  80.1 027.1  22.3 8.44E-06 002.8 192.0  34.4 0.053476 0.019845 0.002939 hargrave 2023-09-08 12:52:21 
AF  60 354.5  81.1 027.9  23.0 8.06E-06 002.8 190.8  34.8 0.052861 0.018368 0.002862 hargrave 2023-09-08 12:53:42 
AF  70 346.4  80.9 026.7  23.7 7.92E-06 002.8 190.7  33.5 0.052875 0.018189 0.003024 hargrave 2023-09-08 12:55:04 
AF  80 345.3  81.6 027.0  24.2 7.55E-06 002.8 189.9  33.6 0.051414 0.016763 0.002844 hargrave 2023-09-08 12:56:25 
AF  90 345.8  81.8 027.3  24.3 7.10E-06 002.9 189.7  33.7 0.049438 0.015769 0.002148 hargrave 2023-09-08 12:57:47 
AF 100 346.7  80.4 026.3  23.3 6.64E-06 003.0 191.3  33.4 0.047906 0.015622 0.002510 hargrave 2023-09-08 12:59:08 
AF 110 354.1  81.5 028.0  23.3 6.39E-06 003.0 190.4  34.8 0.046252 0.014335 0.002205 hargrave 2023-09-08 13:00:28 
AF 120 355.0  84.8 030.4  25.9 6.16E-06 002.8 186.4  35.5 0.045047 0.011848 0.002766 hargrave 2023-09-08 13:01:49 
AF 130 015.0  83.4 031.7  23.8 6.02E-06 002.9 188.0  37.5 0.042581 0.012164 0.002629 hargrave 2023-09-08 13:03:17 
AF 140 004.8  82.6 030.1  23.5 5.66E-06 003.1 189.2  36.4 0.042354 0.011888 0.002738 hargrave 2023-09-08 13:04:41 
AF 150 349.0  78.8 025.5  21.8 5.88E-06 003.2 193.3  33.3 0.044858 0.014894 0.003319 hargrave 2023-09-08 13:06:02 
AF 160 010.2  81.6 030.3  22.2 5.99E-06 003.1 190.4  37.2 0.043779 0.013117 0.002969 hargrave 2023-09-08 13:07:24 
AF 170 000.2  82.8 029.6  23.9 5.85E-06 002.9 188.9  35.8 0.042313 0.012002 0.003124 hargrave 2023-09-08 13:08:45 
AF 180 358.3  83.9 030.1  25.0 5.91E-06 002.9 187.5  35.7 0.044029 0.011859 0.003435 hargrave 2023-09-08 13:10:06 
AF 190 355.3  83.1 029.2  24.5 5.25E-06 003.0 188.5  35.2 0.040293 0.011021 0.003069 hargrave 2023-09-08 13:11:27 
AF 200 303.7  87.9 031.5  30.0 5.14E-06 002.7 181.5  34.2 0.039768 0.008104 0.003082 hargrave 2023-09-08 13:12:48 
AF 220 230.5  86.0 032.6  33.9 4.97E-06 002.5 177.0  32.8 0.038637 0.006935 0.002643 hargrave 2023-09-08 13:14:08 
AF 240 201.8  84.3 035.5  35.6 4.73E-06 002.4 173.7  33.6 0.035560 0.005327 0.002842 hargrave 2023-09-08 13:15:29 
AF 260 204.3  82.1 035.7  37.7 4.13E-06 002.4 171.6  32.3 0.033094 0.004552 0.002478 hargrave 2023-09-08 13:16:50 
AF 280 201.4  76.7 037.9  42.9 4.56E-06 002.4 165.8  30.1 0.034636 0.006260 0.002720 hargrave 2023-09-08 13:18:11 
AF 300 192.8  75.3 041.3  43.5 4.20E-06 002.6 163.3  31.4 0.031385 0.006802 0.003227 hargrave 2023-09-08 13:19:37 
AF 320 229.3  78.9 030.1  40.7 3.96E-06 002.2 172.0  27.2 0.032124 0.005840 0.002898 hargrave 2023-09-08 13:20:58 
AF 340 240.1  77.3 026.6  41.2 3.57E-06 002.1 173.2  24.7 0.030653 0.004659 0.002708 hargrave 2023-09-08 13:22:19 
AF 360 243.5  80.8 028.3  37.9 3.93E-06 002.3 175.5  27.6 0.033239 0.005421 0.003590 hargrave 2023-09-08 13:23:39 
AF 380 208.1  66.9 037.8  52.9 3.62E-06 002.8 158.2  22.8 0.028614 0.008583 0.002998 hargrave 2023-09-08 13:25:00 
AF 400 196.8  69.9 042.9  49.0 3.01E-06 003.0 158.2  27.9 0.023780 0.007154 0.003296 hargrave 2023-09-08 13:26:21 
AF 420 214.6  69.4 033.7  50.6 2.82E-06 002.6 161.9  22.6 0.023870 0.005845 0.003258 hargrave 2023-09-08 13:27:42 
AF 440 198.1  76.4 039.0  43.0 3.28E-06 002.7 165.1  30.6 0.026524 0.005922 0.003354 hargrave 2023-09-08 13:29:03 
AF 460 209.2  73.1 036.1  46.8 2.39E-06 002.6 163.7  26.4 0.019600 0.003856 0.002394 hargrave 2023-09-08 13:30:23 
AF 480 178.9  73.1 047.2  43.2 2.88E-06 002.9 159.4  34.3 0.021623 0.005048 0.002803 hargrave 2023-09-08 13:31:44 
AF 500 183.6  63.9 054.7  51.1 3.42E-06 003.4 149.6  30.0 0.024463 0.008779 0.002086 hargrave 2023-09-08 13:33:09 
AF 520 152.7  71.1 055.0  37.4 2.71E-06 003.0 156.9  42.3 0.017079 0.006175 0.002551 hargrave 2023-09-08 13:34:30 
AF 540 163.7  59.4 067.8  45.4 2.91E-06 003.4 141.5  38.0 0.016584 0.009409 0.001939 hargrave 2023-09-08 13:35:51 
AF 560 175.8  72.1 049.1  43.2 2.53E-06 003.0 158.0  35.0 0.018701 0.004548 0.001720 hargrave 2023-09-08 13:37:12 
AF 580 160.0  69.8 055.5  40.2 2.79E-06 003.1 154.8  40.0 0.018761 0.005620 0.002949 hargrave 2023-09-08 13:38:32 
AF 600 128.5  62.9 065.1  28.4 2.17E-06 002.7 150.6  53.9 0.010753 0.003191 0.001784 hargrave 2023-09-08 13:39:53 
AF 650 161.8  64.5 061.6  42.8 2.43E-06 003.2 147.9  39.4 0.015181 0.006050 0.002795 hargrave 2023-09-08 13:41:14 
AF 700 167.3  35.3 103.6  50.6 2.03E-06 003.0 114.8  28.4 0.006663 0.010955 0.003283 hargrave 2023-09-08 13:42:34 
AF 750 166.3  50.9 079.4  49.0 2.39E-06 003.5 131.6  34.7 0.012109 0.010138 0.003077 hargrave 2023-09-08 13:43:55 
AF 800 153.2  56.9 072.9  40.5 2.13E-06 003.2 137.5  43.3 0.011085 0.006749 0.003836 hargrave 2023-09-08 13:45:15 
AF 850 151.0  47.9 084.6  39.4 2.20E-06 002.9 125.1  43.7 0.008788 0.008386 0.003078 hargrave 2023-09-08 13:46:36 
AF 900 173.4  28.9 115.5  54.8 1.82E-06 002.8 111.3  20.7 0.005153 0.011393 0.002403 hargrave 2023-09-08 13:48:00 
AF 950 149.3  44.2 089.2  37.9 2.33E-06 002.8 119.7  44.3 0.007554 0.010428 0.003155 hargrave 2023-09-08 13:49:21 
AF1000 139.3  40.2 092.1  29.8 1.93E-06 002.2 111.8  50.8 0.003816 0.007973 0.002223 hargrave 2023-09-08 13:50:42 
