MF8- 75a sun compass orientation
  20.01 113.2  63.0 304.0  60.0   1.0
NRM    342.3  56.6 008.2  07.0 4.84E-06 003.7 213.0  48.6 0.028559 0.015465 0.005705 hargrave 2024-03-23 17:08:45 
AF  10 341.7  56.4 007.8  07.1 4.46E-06 003.7 213.5  48.4 0.026024 0.014296 0.005071 hargrave 2024-03-23 17:10:06 
AF  20 339.9  55.8 006.7  07.4 4.13E-06 003.6 214.9  47.7 0.023615 0.013371 0.004730 hargrave 2024-03-23 17:11:27 
AF  30 339.5  55.9 006.6  07.6 3.89E-06 003.7 215.0  47.5 0.022308 0.012781 0.004472 hargrave 2024-03-23 17:12:47 
AF  40 339.3  55.9 006.5  07.7 3.72E-06 003.6 215.0  47.3 0.021358 0.012108 0.004024 hargrave 2024-03-23 17:14:08 
AF  50 338.3  55.6 005.9  07.8 3.56E-06 003.6 215.8  47.0 0.019960 0.011847 0.004057 hargrave 2024-03-23 17:15:28 
AF  60 336.8  57.5 006.8  09.8 3.25E-06 003.7 213.6  45.5 0.018722 0.010892 0.003975 hargrave 2024-03-23 17:16:49 
AF  70 336.9  56.9 006.3  09.4 2.99E-06 003.7 214.4  45.7 0.017476 0.009838 0.003720 hargrave 2024-03-23 17:18:09 
AF  80 334.5  56.7 005.2  10.2 2.76E-06 003.7 215.4  44.6 0.015727 0.009455 0.003640 hargrave 2024-03-23 17:19:30 
AF  90 333.8  57.1 005.4  10.7 2.63E-06 003.7 215.0  44.1 0.014858 0.009133 0.003512 hargrave 2024-03-23 17:20:51 
AF 100 335.3  55.4 004.6  09.0 2.38E-06 003.7 216.9  45.4 0.013393 0.008165 0.002838 hargrave 2024-03-23 17:22:12 
AF 110 331.7  55.5 003.3  10.6 2.40E-06 003.7 217.7  43.5 0.013466 0.008395 0.003241 hargrave 2024-03-23 17:23:32 
AF 120 334.9  53.1 002.6  07.6 2.26E-06 003.6 220.2  45.9 0.012063 0.007750 0.003075 hargrave 2024-03-23 17:24:53 
AF 130 337.4  53.6 004.1  06.8 2.06E-06 003.6 218.8  47.2 0.011097 0.007311 0.002511 hargrave 2024-03-23 17:26:13 
AF 140 330.8  43.6 353.7  03.6 1.79E-06 003.6 234.2  45.0 0.008014 0.007916 0.002529 hargrave 2024-03-23 17:27:34 
AF 150 335.8  48.2 359.4  04.0 1.80E-06 003.5 226.9  47.7 0.008717 0.006429 0.002737 hargrave 2024-03-23 17:28:54 
AF 160 336.8  47.3 359.2  02.9 1.75E-06 003.5 227.9  48.6 0.007996 0.006850 0.002541 hargrave 2024-03-23 17:30:15 
AF 170 333.9  45.5 356.5  03.1 1.67E-06 003.6 231.2  47.0 0.007801 0.006627 0.002548 hargrave 2024-03-23 17:31:36 
AF 180 332.6  41.7 353.1  01.3 1.70E-06 003.5 236.7  46.4 0.007260 0.007322 0.002494 hargrave 2024-03-23 17:32:57 
AF 190 343.8  36.7 355.5 -08.3 1.38E-06 003.1 243.6  55.4 0.005250 0.005243 0.001724 hargrave 2024-03-23 17:34:17 
AF 200 336.4  40.3 353.9 -01.8 1.10E-06 003.5 238.6  49.4 0.004932 0.004694 0.001753 hargrave 2024-03-23 17:35:38 
AF 220 348.1  38.7 359.4 -09.1 1.20E-06 003.1 239.3  58.5 0.004464 0.004437 0.001658 hargrave 2024-03-23 17:36:58 
AF 240 352.7  39.2 002.6 -10.8 1.05E-06 003.1 236.5  61.9 0.003977 0.003842 0.001467 hargrave 2024-03-23 17:38:19 
AF 260 329.5  33.0 344.7 -02.3 1.16E-06 003.6 249.0  43.6 0.004994 0.006011 0.001737 hargrave 2024-03-23 17:39:40 
AF 280 354.5  41.8 005.3 -09.5 1.18E-06 003.2 230.3  62.3 0.005033 0.004174 0.001104 hargrave 2024-03-23 17:41:01 
AF 300 346.1  41.4 360.0 -06.1 9.99E-07 003.3 235.0  56.5 0.004354 0.004027 0.000826 hargrave 2024-03-23 17:42:21 
AF 320 326.6  35.0 344.9  00.8 8.29E-07 003.9 245.9  41.5 0.004102 0.004845 0.000957 hargrave 2024-03-23 17:43:42 
AF 340 341.1  09.8 333.5 -25.5 7.34E-07 003.1 285.3  46.8 0.002172 0.003935 0.000543 hargrave 2024-03-23 17:45:03 
AF 360 316.8 -02.1 308.6 -12.1 5.65E-07 002.5 283.2  19.9 0.001487 0.003511 0.000548 hargrave 2024-03-23 17:46:23 
AF 380 302.3 -09.0 295.4 -03.0 6.01E-07 002.3 282.1  04.0 0.001576 0.003716 0.001021 hargrave 2024-03-23 17:47:44 
AF 400 313.8 -15.1 295.5 -15.8 5.17E-07 003.1 293.1  10.6 0.001904 0.003390 0.000565 hargrave 2024-03-23 17:49:05 
AF 420 303.7 -20.4 286.0 -09.8 6.02E-07 002.8 292.9 -00.4 0.001919 0.003774 0.000784 hargrave 2024-03-23 17:50:25 
AF 440 319.8 -18.4 295.0 -22.4 8.00E-07 003.1 299.2  13.6 0.002589 0.004335 0.000857 hargrave 2024-03-23 17:51:46 
AF 460 319.7 -40.8 271.6 -30.3 4.67E-07 003.7 317.3  00.3 0.002893 0.002265 0.000772 hargrave 2024-03-23 17:53:06 
AF 480 282.6 -12.6 282.0  11.5 5.08E-07 002.6 276.7 -15.0 0.001694 0.002684 0.001765 hargrave 2024-03-23 17:54:27 
AF 500 305.2 -46.6 261.8 -22.1 5.28E-07 003.8 316.6 -11.7 0.002710 0.002885 0.000623 hargrave 2024-03-23 17:55:48 
AF 520 273.5 -46.6 250.4 -03.5 4.98E-07 003.0 310.0 -32.4 0.001992 0.002164 0.000797 hargrave 2024-03-23 17:57:09 
AF 540 263.8 -39.3 250.6  06.7 3.40E-07 003.0 300.1 -38.7 0.001289 0.001468 0.000662 hargrave 2024-03-23 17:58:30 
AF 560 311.9 -48.0 262.0 -26.8 7.36E-07 003.5 320.1 -08.4 0.004056 0.002895 0.000437 hargrave 2024-03-23 17:59:51 
AF 580 263.4 -27.0 258.7  16.0 6.94E-07 002.3 284.7 -36.9 0.001721 0.002508 0.002126 hargrave 2024-03-23 18:01:12 
AF 600 212.8 -36.9 213.0  23.1 5.13E-07 002.2 323.0 -77.1 0.001629 0.001252 0.001012 hargrave 2024-03-23 18:02:33 
