MF8- 13a mag compass orientation (IGRF corrected)
   16.5 118.1  68.0 304.0  60.0   1.0
NRM    335.3  61.0 008.9  12.6 7.29E-06 003.7 208.9  36.8 0.048832 0.022480 0.004574 hargrave 2023-09-08 17:25:25 
AF  10 334.5  61.0 008.6  13.0 6.96E-06 003.7 209.0  36.5 0.046651 0.021991 0.003602 hargrave 2023-09-08 17:26:46 
AF  20 334.6  60.6 008.3  12.7 6.53E-06 003.8 209.5  36.6 0.044083 0.020740 0.003550 hargrave 2023-09-08 17:28:06 
AF  30 334.8  60.5 008.3  12.5 6.20E-06 003.8 209.6  36.8 0.042137 0.020056 0.003303 hargrave 2023-09-08 17:29:27 
AF  40 335.7  61.2 009.2  12.7 5.85E-06 003.8 208.5  36.9 0.040379 0.018401 0.004031 hargrave 2023-09-08 17:30:48 
AF  50 335.3  60.8 008.7  12.5 5.58E-06 003.8 209.0  36.9 0.038419 0.017624 0.003873 hargrave 2023-09-08 17:32:09 
AF  60 333.6  59.9 007.5  12.6 5.29E-06 003.9 210.5  36.4 0.036806 0.017728 0.003626 hargrave 2023-09-08 17:33:30 
AF  70 332.7  60.6 007.8  13.4 4.95E-06 003.9 209.8  35.8 0.034971 0.016403 0.004038 hargrave 2023-09-08 17:34:50 
AF  80 330.9  58.5 005.4  12.8 4.64E-06 004.0 212.7  35.6 0.032020 0.016490 0.003940 hargrave 2023-09-08 17:36:11 
AF  90 328.7  60.8 006.7  15.1 4.42E-06 004.0 210.4  33.9 0.032054 0.015071 0.003913 hargrave 2023-09-08 17:37:35 
AF 100 330.0  58.6 005.2  13.3 4.16E-06 004.1 212.7  35.1 0.029689 0.014988 0.003735 hargrave 2023-09-08 17:38:59 
AF 110 331.2  62.5 008.8  15.1 4.08E-06 003.9 208.0  34.5 0.029462 0.013400 0.004553 hargrave 2023-09-08 17:40:20 
AF 120 333.9  58.7 006.6  11.7 3.79E-06 004.0 211.9  37.0 0.026200 0.013218 0.004419 hargrave 2023-09-08 17:41:41 
AF 130 335.1  62.6 010.1  13.8 3.70E-06 003.9 207.0  36.1 0.026950 0.011673 0.004352 hargrave 2023-09-08 17:43:01 
AF 140 337.2  59.9 008.7  11.3 3.41E-06 003.9 209.6  38.1 0.023857 0.011255 0.004297 hargrave 2023-09-08 17:44:22 
AF 150 325.8  61.2 006.2  16.4 3.30E-06 004.1 210.4  32.4 0.024112 0.012125 0.004322 hargrave 2023-09-08 17:45:43 
AF 160 324.6  59.2 004.1  15.9 3.23E-06 004.2 212.8  32.3 0.023686 0.012279 0.004603 hargrave 2023-09-08 17:47:03 
AF 170 315.6  61.1 003.6  20.7 3.11E-06 004.3 211.4  27.6 0.024043 0.011727 0.003942 hargrave 2023-09-08 17:48:24 
AF 180 322.0  61.7 005.7  18.3 3.15E-06 004.2 210.2  30.5 0.024340 0.011448 0.003955 hargrave 2023-09-08 17:49:45 
AF 190 319.9  63.0 006.4  19.8 2.89E-06 004.1 208.9  29.3 0.022383 0.010457 0.004015 hargrave 2023-09-08 17:51:06 
AF 200 320.1  59.3 003.0  17.9 2.82E-06 004.3 213.1  30.0 0.021247 0.010913 0.004295 hargrave 2023-09-08 17:52:27 
AF 220 312.2  60.9 002.7  22.2 2.44E-06 004.3 211.6  25.9 0.019117 0.009566 0.003921 hargrave 2023-09-08 17:53:48 
AF 240 327.2  57.5 003.4  13.8 2.26E-06 004.2 214.5  33.9 0.016090 0.008716 0.004083 hargrave 2023-09-08 17:55:09 
AF 260 319.8  54.9 358.9  15.8 2.08E-06 004.5 218.2  30.3 0.015156 0.008813 0.003137 hargrave 2023-09-08 17:56:30 
AF 280 319.7  59.9 003.5  18.4 1.84E-06 004.3 212.4  29.7 0.014252 0.007106 0.003671 hargrave 2023-09-08 17:57:51 
AF 300 322.4  44.6 350.8  09.0 1.87E-06 004.5 230.2  32.3 0.011823 0.009053 0.003458 hargrave 2023-09-08 17:59:11 
AF 320 323.8  42.3 349.5  06.9 1.77E-06 004.3 232.9  33.4 0.010287 0.008618 0.003315 hargrave 2023-09-08 18:00:32 
AF 340 304.5  45.4 345.4  20.5 1.81E-06 004.8 227.9  19.8 0.012392 0.009497 0.003551 hargrave 2023-09-08 18:01:53 
AF 360 314.5  42.9 346.3  13.0 1.35E-06 004.7 231.8  26.6 0.008719 0.007218 0.003211 hargrave 2023-09-08 18:03:15 
AF 380 306.4  56.2 356.8  23.3 1.73E-06 004.6 216.6  22.7 0.013416 0.007493 0.003759 hargrave 2023-09-08 18:04:39 
AF 400 298.5  52.9 351.8  26.7 1.42E-06 004.8 219.2  17.6 0.010895 0.006622 0.003744 hargrave 2023-09-08 18:06:03 
AF 420 315.7  47.6 351.0  14.5 1.64E-06 004.5 226.5  27.7 0.010522 0.008230 0.003377 hargrave 2023-09-08 18:07:24 
AF 440 272.9  53.1 350.3  42.0 1.22E-06 004.7 213.0  03.6 0.009880 0.005300 0.003487 hargrave 2023-09-08 18:08:45 
AF 460 278.1  39.0 332.2  37.5 1.25E-06 005.4 227.0 -00.6 0.009260 0.006998 0.003591 hargrave 2023-09-08 18:10:05 
AF 480 277.8  32.1 323.7  36.1 1.09E-06 005.2 232.8 -04.2 0.007399 0.006427 0.003398 hargrave 2023-09-08 18:11:26 
AF 500 315.2  50.3 353.3  16.1 1.13E-06 004.6 223.5  27.5 0.007223 0.005457 0.003653 hargrave 2023-09-08 18:12:46 
AF 520 320.3  21.9 331.0 -02.2 9.74E-07 003.5 256.0  27.7 0.003621 0.006414 0.003484 hargrave 2023-09-08 18:14:10 
AF 540 326.3  54.3 000.4  12.4 8.10E-07 004.5 218.4  34.0 0.005680 0.003515 0.003942 hargrave 2023-09-08 18:15:30 
AF 560 304.8  27.9 329.0  12.9 7.62E-07 004.7 245.7  15.7 0.004154 0.004955 0.003212 hargrave 2023-09-08 18:16:50 
AF 580 288.8  07.7 303.1  17.0 1.43E-06 002.8 259.3 -05.7 0.004831 0.010255 0.003458 hargrave 2023-09-08 18:18:10 
AF 600 317.2  17.7 325.8 -02.1 1.22E-06 003.1 259.7  23.8 0.004335 0.008106 0.003320 hargrave 2023-09-08 18:19:30 
AF 650 328.4  26.5 339.1 -05.6 1.23E-06 003.5 252.4  35.9 0.004851 0.007114 0.003578 hargrave 2023-09-08 18:20:50 
AF 700 317.9  39.8 344.9  09.3 6.42E-07 005.0 235.5  28.7 0.003725 0.003987 0.003520 hargrave 2023-09-08 18:22:11 
AF 750 302.8  04.5 307.3  03.3 4.71E-07 005.4 267.6  06.0 0.002015 0.003568 0.004001 hargrave 2023-09-08 18:23:34 
AF 800 004.1 -00.4 344.6 -49.0 7.13E-07 002.7 310.6  57.6 0.002246 0.002746 0.003774 hargrave 2023-09-08 18:24:55 
AF 850 321.5  14.1 325.1 -07.5 5.35E-07 004.7 264.8  26.7 0.002156 0.003892 0.004188 hargrave 2023-09-08 18:26:15 
AF 900 310.2 -18.0 291.1 -14.1 8.25E-07 003.7 291.3  03.9 0.002664 0.005495 0.003429 hargrave 2023-09-08 18:27:37 
AF 950 303.2  27.4 327.8  13.9 1.08E-06 004.5 245.9  14.2 0.005562 0.007635 0.003762 hargrave 2023-09-08 18:29:01 
AF1000 305.7  03.8 308.2  00.4 9.67E-07 002.4 269.3  08.5 0.002118 0.006954 0.003319 hargrave 2023-09-08 18:30:21 
