MF8- 70b sun compass orientation
  18.88  90.2  41.0 304.0  60.0   1.0
NRM    047.6  62.1 040.3  02.7 4.44E-06 002.4 134.6  61.0 0.009821 0.009237 0.025222 hargrave 2024-04-12 19:07:48 
TT  55 072.4  55.7 054.5  01.7 3.96E-06 002.5 127.5  47.5 0.009860 0.005689 0.021805 hargrave 2024-04-15 10:02:28 
TT 100 087.9  43.3 070.0 -01.7 2.84E-06 004.9 120.4  32.5 0.011118 0.010119 0.021518 hargrave 2024-04-15 12:28:34 
TT 125 060.4  42.0 053.9 -14.0 4.33E-06 002.8 104.0  48.4 0.009996 0.007596 0.020449 hargrave 2024-04-15 15:11:45 
TT 150 063.5  31.6 061.0 -22.3 3.88E-06 003.1 094.2  40.3 0.012973 0.003820 0.019289 hargrave 2024-04-15 18:31:04 
TT 200 055.8  25.5 057.0 -30.7 3.52E-06 003.5 082.1  41.2 0.014307 0.003040 0.019240 hargrave 2024-04-16 10:02:56 
TT 250 097.5 -17.4 127.0 -31.2 3.23E-06 003.6 083.7 -17.7 0.015345 0.006592 0.017280 hargrave 2024-04-16 12:18:18 
TT 300 052.1  16.4 057.0 -40.4 2.84E-06 003.6 070.9  37.0 0.010335 0.001383 0.016990 hargrave 2024-04-16 15:18:01 
TT 325 031.8 -03.3 029.0 -63.2 2.48E-06 005.1 037.5  31.0 0.016418 0.006767 0.014853 hargrave 2024-04-16 18:21:34 
TT 350 029.9  38.4 030.6 -21.5 3.75E-06 001.8 074.8  66.3 0.009328 0.005572 0.019192 hargrave 2024-04-17 10:45:14 
TT 375 288.4  59.2 357.9  33.3 2.38E-06 002.7 227.7  48.9 0.007533 0.003856 0.012521 hargrave 2024-04-17 13:55:25 
