MF8- 77b sun compass orientation
  20.53  91.0  51.0 304.0  60.0   1.0
NRM    319.9  77.2 020.3  25.8 4.57E-06 002.2 192.5  48.0 0.016460 0.007558 0.006123 hargrave 2024-04-12 19:20:56 
TT  55 335.8  83.1 027.5  26.2 4.22E-06 002.1 184.2  45.2 0.014994 0.006873 0.005621 hargrave 2024-04-15 10:13:48 
TT 100 357.2  80.7 028.0  22.4 2.24E-06 002.1 180.9  48.3 0.007659 0.003687 0.002842 hargrave 2024-04-15 12:39:53 
TT 125 051.2  80.6 037.0  21.0 1.50E-06 001.7 169.8  44.6 0.003582 0.001844 0.002231 hargrave 2024-04-15 15:23:11 
TT 150 075.3  80.6 040.7  22.7 6.88E-07 002.5 167.9  40.9 0.002639 0.001522 0.001435 hargrave 2024-04-15 18:43:04 
TT 200 020.0  76.6 030.6  17.0 4.17E-07 002.9 173.1  51.5 0.001773 0.001510 0.000957 hargrave 2024-04-16 10:14:16 
TT 250 010.4  48.3 018.4 -08.9 2.55E-07 004.7 146.8  78.5 0.001392 0.001626 0.000720 hargrave 2024-04-16 12:32:04 
TT 300 091.2  34.1 078.5 -06.2 2.71E-07 001.6 117.8  20.5 0.000354 0.001092 0.000434 hargrave 2024-04-16 15:30:06 
TT 325 037.8 -46.0 204.6 -73.8 3.14E-07 003.4 024.6 -01.1 0.000954 0.001679 0.000800 hargrave 2024-04-16 18:34:21 
TT 350 027.7  61.9 031.0  02.0 1.52E-08 011.4 153.3  61.6 0.000218 0.000231 0.000117 hargrave 2024-04-17 10:58:08 
TT 350 307.0 -27.7 280.7 -15.8 6.47E-07 002.7 313.9  06.4 0.001386 0.003140 0.001633 hargrave 2024-04-17 11:58:32 
