MF8- 41a sun compass orientation
   73.6 215.1  26.0 304.0  60.0   1.0
NRM    000.5  70.4 023.0  13.2 6.31E-06 003.5 205.3  49.7 0.038477 0.017921 0.003219 hargrave 2023-09-18 18:48:42 
AF  10 000.5  70.9 023.3  13.7 6.00E-06 003.5 204.8  50.2 0.036192 0.017006 0.002798 hargrave 2023-09-18 18:50:03 
AF  20 359.7  71.0 023.1  13.8 5.64E-06 003.6 204.5  50.1 0.034621 0.016152 0.002794 hargrave 2023-09-18 18:51:24 
AF  30 002.5  70.6 023.7  13.1 5.19E-06 003.6 206.0  50.3 0.032086 0.015593 0.002536 hargrave 2023-09-18 18:52:44 
AF  40 003.7  70.0 023.8  12.4 4.87E-06 003.7 207.0  50.0 0.030467 0.015000 0.002454 hargrave 2023-09-18 18:54:05 
AF  50 003.7  68.9 023.3  11.4 4.42E-06 003.8 208.0  49.1 0.027906 0.014236 0.002519 hargrave 2023-09-18 18:55:25 
AF  60 010.0  71.0 026.2  12.4 4.19E-06 003.7 208.7  52.1 0.023928 0.015507 0.002147 hargrave 2023-09-18 18:56:49 
AF  70 011.4  69.8 026.2  11.1 4.03E-06 003.7 210.5  51.5 0.024054 0.013609 0.001981 hargrave 2023-09-18 18:58:10 
AF  80 011.4  68.3 025.7  09.7 3.96E-06 003.8 212.1  50.3 0.023979 0.013719 0.002066 hargrave 2023-09-18 18:59:31 
AF  90 015.0  69.4 027.3  10.4 3.71E-06 003.7 212.5  52.0 0.021875 0.012603 0.001808 hargrave 2023-09-18 19:00:51 
AF 100 017.4  65.0 027.0  05.9 3.44E-06 003.9 218.2  49.3 0.020193 0.013404 0.002037 hargrave 2023-09-18 19:02:12 
AF 110 010.2  63.2 023.5  05.2 3.29E-06 004.2 216.0  46.0 0.020786 0.013305 0.002086 hargrave 2023-09-18 19:03:36 
AF 120 019.3  69.2 028.7  09.7 3.02E-06 003.6 214.6  52.9 0.016042 0.011537 0.001527 hargrave 2023-09-18 19:05:00 
AF 130 016.5  66.1 026.9  07.0 2.86E-06 003.8 216.6  49.9 0.016112 0.011103 0.001791 hargrave 2023-09-18 19:06:24 
AF 140 023.4  69.8 030.3  10.1 2.64E-06 003.5 215.4  54.4 0.013996 0.008757 0.001803 hargrave 2023-09-18 19:07:44 
AF 150 013.8  65.4 025.7  06.7 2.62E-06 003.9 215.9  48.7 0.015520 0.009762 0.001756 hargrave 2023-09-18 19:09:05 
AF 160 014.5  64.3 025.6  05.6 2.40E-06 004.0 217.3  48.0 0.014371 0.009425 0.001554 hargrave 2023-09-18 19:10:25 
AF 170 048.8  70.4 039.0  11.0 2.62E-06 002.9 223.6  61.8 0.010204 0.008751 0.001087 hargrave 2023-09-18 19:11:49 
AF 180 041.6  63.7 037.4  03.9 2.67E-06 003.4 231.7  55.8 0.011535 0.011023 0.001487 hargrave 2023-09-18 19:13:10 
AF 190 024.1  63.1 029.5  03.4 2.14E-06 003.9 223.5  49.7 0.011768 0.008841 0.001865 hargrave 2023-09-18 19:14:30 
AF 200 023.4  61.5 029.0  02.0 2.10E-06 004.0 224.6  48.4 0.011675 0.009031 0.001293 hargrave 2023-09-18 19:15:51 
AF 220 048.4  55.3 042.2 -03.8 1.68E-06 003.4 246.3  52.8 0.006106 0.008219 0.001468 hargrave 2023-09-18 19:17:11 
AF 240 020.5  54.4 026.2 -04.8 1.58E-06 004.5 229.1  41.8 0.009429 0.008091 0.001174 hargrave 2023-09-18 19:18:32 
AF 260 061.9  58.2 048.3  01.2 1.95E-06 002.9 251.4  60.2 0.005808 0.008667 0.000757 hargrave 2023-09-18 19:19:53 
AF 280 069.5  55.0 053.5  00.3 1.62E-06 002.7 261.8  61.5 0.003633 0.007453 0.000842 hargrave 2023-09-18 19:21:17 
AF 300 063.1  39.3 057.0 -15.6 1.58E-06 002.8 274.1  46.8 0.003368 0.009106 0.001239 hargrave 2023-09-18 19:22:37 
AF 320 078.4  43.6 064.6 -05.9 1.38E-06 002.6 285.2  56.9 0.002587 0.006206 0.001434 hargrave 2023-09-18 19:23:58 
AF 340 034.5  35.7 034.5 -24.3 9.70E-07 003.8 252.1  31.4 0.004225 0.006433 0.000803 hargrave 2023-09-18 19:25:18 
AF 360 056.6  59.1 045.4  01.1 9.46E-07 003.1 246.5  58.6 0.003488 0.004344 0.001112 hargrave 2023-09-18 19:26:39 
AF 380 082.9  34.7 073.1 -10.5 1.13E-06 002.9 298.3  51.2 0.002791 0.005732 0.001194 hargrave 2023-09-18 19:28:00 
AF 400 091.6  52.5 065.1  06.5 1.26E-06 001.9 287.9  69.3 0.001879 0.004079 0.001092 hargrave 2023-09-18 19:29:20 
AF 420 064.7  50.4 053.1 -05.1 9.11E-07 002.6 264.4  56.2 0.002009 0.004109 0.001040 hargrave 2023-09-18 19:30:41 
AF 440 099.9  73.1 050.6  22.1 9.27E-07 001.7 214.0  77.2 0.002313 0.001500 0.000698 hargrave 2023-09-18 19:32:05 
AF 460 084.6  52.6 062.1  03.6 1.02E-06 001.9 279.6  66.4 0.001283 0.003434 0.000435 hargrave 2023-09-18 19:33:26 
AF 480 126.0  60.6 067.3  26.8 1.41E-06 001.1 007.9  86.6 0.001710 0.002020 0.001887 hargrave 2023-09-18 19:34:47 
AF 500 173.3  66.9 055.6  45.9 1.01E-06 001.7 119.9  70.3 0.001780 0.002535 0.001284 hargrave 2023-09-18 19:36:07 
AF 520 127.7  46.9 082.2  23.8 1.54E-06 002.0 006.1  72.9 0.004382 0.003088 0.002320 hargrave 2023-09-18 19:37:28 
AF 540 087.6  21.0 086.0 -17.5 5.10E-07 004.0 311.9  40.3 0.002444 0.002463 0.001229 hargrave 2023-09-18 19:38:48 
AF 560 118.2  65.6 060.9  24.8 6.48E-07 001.6 237.8  86.6 0.001460 0.001256 0.002416 hargrave 2023-09-18 19:40:09 
AF 580 096.1  62.2 059.2  14.7 9.63E-07 001.7 264.6  76.9 0.001834 0.002259 0.001269 hargrave 2023-09-18 19:41:33 
AF 600 097.8  23.0 090.8 -09.0 1.08E-06 003.8 323.2  45.2 0.005589 0.004638 0.001731 hargrave 2023-09-18 19:42:58 
AF 650 164.2  23.1 120.5  45.2 9.00E-07 004.6 051.0  41.7 0.004511 0.005548 0.002352 hargrave 2023-09-18 19:44:18 
AF 700 147.0  28.7 107.2  32.5 1.30E-06 003.7 032.2  52.0 0.006809 0.004813 0.002634 hargrave 2023-09-18 19:45:39 
AF 750 220.2 -22.4 221.2  37.3 3.75E-07 003.1 084.2 -22.2 0.000894 0.003014 0.001238 hargrave 2023-09-18 19:47:00 
AF 800 172.4  12.8 139.0  48.0 1.58E-06 004.8 055.3  29.3 0.008554 0.010448 0.002503 hargrave 2023-09-18 19:48:20 
AF 850 156.3  10.1 131.7  32.9 1.33E-06 005.1 036.9  31.7 0.009440 0.007293 0.001810 hargrave 2023-09-18 19:49:41 
AF 900 161.3  06.1 138.8  35.1 9.77E-07 005.4 041.0  26.6 0.007269 0.005797 0.001168 hargrave 2023-09-18 19:51:02 
AF 950 143.2  08.8 125.8  21.0 1.54E-06 004.3 021.5  33.3 0.012366 0.006238 0.001640 hargrave 2023-09-18 19:52:23 
AF1000 156.4  19.9 120.9  37.4 1.36E-06 004.7 040.5  41.2 0.008447 0.007193 0.001991 hargrave 2023-09-18 19:53:49 
