MF8- 63a sun compass orientation
  124.2 141.5  36.0 304.0  60.0   1.0
NRM    281.9  71.6 013.0  35.3 7.64E-06 002.1 198.6  40.5 0.031468 0.013002 0.003265 hargrave 2023-09-26 21:05:07 
AF  10 279.1  70.2 011.6  36.4 7.33E-06 002.1 198.7  38.8 0.030723 0.012901 0.003332 hargrave 2023-09-26 21:06:28 
AF  20 276.9  69.9 011.4  37.2 6.96E-06 002.1 198.1  38.2 0.029648 0.012333 0.003165 hargrave 2023-09-26 21:07:49 
AF  30 274.2  69.3 011.0  38.3 6.47E-06 002.1 197.5  37.2 0.028133 0.011704 0.003339 hargrave 2023-09-26 21:09:10 
AF  40 270.5  69.4 011.6  39.5 6.03E-06 002.1 196.0  36.6 0.026851 0.010511 0.003331 hargrave 2023-09-26 21:10:30 
AF  50 265.3  68.0 010.9  41.8 5.65E-06 002.1 194.6  34.6 0.026025 0.010008 0.003185 hargrave 2023-09-26 21:11:51 
AF  60 259.3  66.8 010.9  44.4 5.27E-06 002.0 192.6  32.6 0.025048 0.009226 0.002800 hargrave 2023-09-26 21:13:11 
AF  70 260.3  65.3 008.8  44.8 5.14E-06 002.1 193.6  31.3 0.024861 0.009437 0.003162 hargrave 2023-09-26 21:14:32 
AF  80 252.2  64.6 010.6  48.1 4.76E-06 001.9 190.0  29.6 0.023804 0.008183 0.003283 hargrave 2023-09-26 21:15:52 
AF  90 251.3  64.2 010.5  48.6 4.39E-06 001.9 189.7  29.2 0.022405 0.007515 0.002998 hargrave 2023-09-26 21:17:13 
AF 100 251.9  62.8 008.6  49.2 4.37E-06 001.9 190.4  27.9 0.022601 0.007904 0.003444 hargrave 2023-09-26 21:18:33 
AF 110 246.3  60.8 008.6  52.6 4.09E-06 001.8 187.9  25.4 0.021482 0.007237 0.003685 hargrave 2023-09-26 21:19:54 
AF 120 247.8  62.4 009.8  51.0 3.91E-06 001.8 188.4  27.1 0.020486 0.006694 0.003357 hargrave 2023-09-26 21:21:15 
AF 130 241.3  60.1 010.6  54.8 3.45E-06 001.7 185.3  24.3 0.018777 0.005900 0.003289 hargrave 2023-09-26 21:22:35 
AF 140 232.9  57.7 014.2  59.4 3.08E-06 001.4 180.8  21.7 0.017182 0.005054 0.003281 hargrave 2023-09-26 21:23:56 
AF 150 242.9  55.1 002.9  57.6 3.11E-06 001.6 186.9  19.5 0.017730 0.005269 0.003239 hargrave 2023-09-26 21:25:16 
AF 160 234.8  50.4 002.5  64.3 2.72E-06 001.4 182.2  14.4 0.015788 0.004884 0.003153 hargrave 2023-09-26 21:26:37 
AF 170 237.7  46.3 352.2  65.4 2.78E-06 001.5 184.3  10.5 0.016581 0.005226 0.003343 hargrave 2023-09-26 21:27:57 
AF 180 225.5  48.5 011.8  69.6 2.70E-06 001.1 175.9  12.6 0.015507 0.004584 0.003343 hargrave 2023-09-26 21:29:18 
AF 190 228.3  50.8 010.7  66.6 2.55E-06 001.2 177.9  14.8 0.014708 0.004162 0.003205 hargrave 2023-09-26 21:30:38 
AF 200 226.7  44.1 001.9  72.7 2.49E-06 001.0 176.5  08.1 0.014546 0.004067 0.002721 hargrave 2023-09-26 21:31:59 
AF 220 229.8  39.7 345.3  73.8 2.51E-06 001.1 178.7  03.7 0.014985 0.003956 0.002779 hargrave 2023-09-26 21:33:19 
AF 240 217.2  37.4 014.9  82.1 2.39E-06 001.1 168.7  02.2 0.013545 0.003547 0.003163 hargrave 2023-09-26 21:34:39 
AF 260 226.7  37.7 343.6  77.0 2.05E-06 001.0 176.2  01.8 0.011977 0.002973 0.002629 hargrave 2023-09-26 21:36:00 
AF 280 227.9  34.1 326.8  77.5 1.91E-06 001.2 177.0 -01.8 0.011513 0.003098 0.002747 hargrave 2023-09-26 21:37:20 
AF 300 219.5  29.6 300.8  85.2 2.14E-06 001.2 169.5 -05.7 0.012326 0.002580 0.002972 hargrave 2023-09-26 21:38:41 
AF 320 223.0  24.8 273.1  80.5 1.79E-06 001.4 172.2 -10.9 0.010697 0.002137 0.002806 hargrave 2023-09-26 21:40:01 
AF 340 217.4  13.6 225.5  73.3 1.70E-06 001.9 165.2 -21.3 0.009264 0.001724 0.003039 hargrave 2023-09-26 21:41:22 
AF 360 219.4  16.9 235.8  76.0 1.85E-06 001.6 167.8 -18.3 0.010192 0.002188 0.002429 hargrave 2023-09-26 21:42:43 
AF 380 210.0  15.3 199.2  74.9 1.89E-06 001.8 158.2 -18.3 0.009625 0.002568 0.002328 hargrave 2023-09-26 21:44:03 
AF 400 220.7  14.6 237.3  73.4 1.90E-06 001.7 168.8 -20.8 0.010072 0.002517 0.002332 hargrave 2023-09-26 21:45:23 
AF 420 214.1  07.1 214.4  67.1 1.93E-06 001.9 160.5 -27.2 0.009424 0.002353 0.002361 hargrave 2023-09-26 21:46:45 
AF 440 220.4  09.4 231.5  68.6 1.82E-06 001.8 167.8 -25.9 0.009454 0.002335 0.002103 hargrave 2023-09-26 21:48:05 
AF 460 223.4  25.3 276.6  80.4 1.86E-06 001.4 172.5 -10.4 0.010760 0.002380 0.002645 hargrave 2023-09-26 21:49:26 
AF 480 215.4  14.2 218.9  74.2 1.56E-06 001.9 163.3 -20.4 0.008345 0.001913 0.002589 hargrave 2023-09-26 21:50:46 
AF 500 229.1  02.0 244.0  58.5 1.77E-06 002.1 177.2 -33.9 0.008997 0.002515 0.002134 hargrave 2023-09-26 21:52:06 
AF 520 236.7  08.1 262.8  59.4 1.42E-06 002.2 185.8 -27.8 0.007982 0.002259 0.001578 hargrave 2023-09-26 21:53:26 
AF 540 214.1  25.0 215.2  85.0 9.84E-07 001.9 164.1 -09.6 0.005935 0.000998 0.001954 hargrave 2023-09-26 21:54:50 
AF 560 225.2  10.6 244.6  68.0 1.17E-06 001.9 173.2 -25.2 0.006426 0.001466 0.001191 hargrave 2023-09-26 21:56:10 
AF 580 234.3  29.5 307.4  72.4 1.40E-06 001.3 182.4 -06.5 0.008653 0.001879 0.001355 hargrave 2023-09-26 21:57:31 
AF 600 225.2  13.4 248.4  70.4 1.13E-06 001.9 173.4 -22.4 0.006274 0.001427 0.001776 hargrave 2023-09-26 21:58:51 
AF 650 225.7  26.7 289.1  79.2 1.17E-06 001.2 174.7 -09.1 0.007038 0.001326 0.001391 hargrave 2023-09-26 22:00:16 
AF 700 206.7  11.4 192.4  70.2 9.24E-07 002.2 153.8 -21.3 0.004651 0.000999 0.001466 hargrave 2023-09-26 22:01:36 
AF 750 214.2  43.4 033.5  76.6 1.17E-06 001.0 167.4  08.5 0.007001 0.001077 0.001656 hargrave 2023-09-26 22:02:56 
AF 800 184.4  46.7 079.5  61.7 9.70E-07 002.1 148.1  18.4 0.004879 0.001139 0.001760 hargrave 2023-09-26 22:04:17 
AF 850 167.3  25.5 118.4  48.7 8.47E-07 002.5 125.1  06.8 0.002870 0.002112 0.001601 hargrave 2023-09-26 22:05:37 
AF 900 156.8  40.1 095.4  42.9 1.29E-06 002.2 126.3  23.7 0.004005 0.002985 0.002004 hargrave 2023-09-26 22:06:58 
AF 950 136.7  10.2 121.3  16.0 2.18E-06 001.2 092.2  11.0 0.003497 0.007395 0.002324 hargrave 2023-09-26 22:08:18 
AF1000 141.5  35.3 098.1  30.1 1.29E-06 001.7 112.6  27.9 0.002512 0.003485 0.001722 hargrave 2023-09-26 22:09:43 
