MF8- 60a sun compass orientation
  121.3 155.5  39.0 304.0  60.0   1.0
NRM    329.3  77.5 021.6  24.1 6.68E-06 001.9 198.8  48.1 0.024527 0.010588 0.002584 hargrave 2023-09-26 17:36:44 
AF  10 317.6  78.6 021.6  26.7 6.34E-06 002.1 195.8  46.4 0.026475 0.009557 0.002413 hargrave 2023-09-26 17:46:33 
AF  20 318.6  78.6 021.7  26.6 5.99E-06 002.1 195.9  46.5 0.025258 0.009136 0.002034 hargrave 2023-09-26 17:47:54 
AF  30 316.9  79.1 022.0  27.0 5.64E-06 002.1 195.1  46.5 0.024054 0.008314 0.001660 hargrave 2023-09-26 17:49:15 
AF  40 317.5  79.0 021.9  26.9 5.37E-06 002.2 195.4  46.5 0.023983 0.008355 0.001699 hargrave 2023-09-26 17:50:35 
AF  50 314.2  80.4 023.3  27.9 5.01E-06 002.1 193.1  46.8 0.021748 0.007160 0.001742 hargrave 2023-09-26 17:51:56 
AF  60 315.5  79.6 022.5  27.4 4.77E-06 002.1 194.3  46.5 0.019954 0.006735 0.001960 hargrave 2023-09-26 17:53:17 
AF  70 320.2  78.0 021.2  26.0 4.58E-06 002.3 196.9  46.5 0.021166 0.007490 0.001658 hargrave 2023-09-26 17:54:38 
AF  80 319.9  77.8 020.9  26.0 4.17E-06 002.3 197.2  46.4 0.018548 0.007013 0.001731 hargrave 2023-09-26 17:55:59 
AF  90 323.5  76.8 020.2  24.9 3.92E-06 002.4 199.0  46.6 0.017587 0.006919 0.001624 hargrave 2023-09-26 17:57:20 
AF 100 317.9  76.5 019.4  26.0 3.68E-06 002.4 198.5  45.3 0.017217 0.006322 0.001501 hargrave 2023-09-26 17:58:41 
AF 110 300.6  76.5 018.4  29.9 3.45E-06 002.3 194.9  42.2 0.016858 0.005878 0.001868 hargrave 2023-09-26 18:00:02 
AF 120 305.5  75.3 017.2  28.5 3.40E-06 002.4 197.3  42.2 0.016599 0.006254 0.001760 hargrave 2023-09-26 18:01:23 
AF 130 298.2  76.7 018.6  30.4 3.00E-06 002.3 194.3  41.9 0.015047 0.004779 0.001457 hargrave 2023-09-26 18:02:43 
AF 140 302.4  77.4 019.5  29.6 2.88E-06 002.3 194.5  43.1 0.014209 0.004648 0.001625 hargrave 2023-09-26 18:04:04 
AF 150 294.3  83.1 026.0  30.9 2.88E-06 002.2 187.5  46.2 0.014265 0.003530 0.001289 hargrave 2023-09-26 18:05:25 
AF 160 311.8  81.2 024.1  28.4 2.63E-06 002.1 191.8  46.8 0.011699 0.003542 0.001402 hargrave 2023-09-26 18:06:46 
AF 170 264.9  84.2 028.6  33.5 2.81E-06 002.0 182.8  45.5 0.013389 0.003137 0.001986 hargrave 2023-09-26 18:08:07 
AF 180 286.3  78.5 020.9  32.8 2.46E-06 002.2 190.1  41.8 0.012644 0.003244 0.001764 hargrave 2023-09-26 18:09:28 
AF 190 273.9  78.1 021.4  35.4 2.48E-06 002.3 187.4  40.3 0.013596 0.003367 0.001489 hargrave 2023-09-26 18:10:48 
AF 200 243.9  80.4 027.9  38.2 2.35E-06 002.1 179.6  41.4 0.012509 0.002869 0.001683 hargrave 2023-09-26 18:12:08 
AF 220 243.3  78.1 026.4  40.2 2.01E-06 002.0 179.4  39.1 0.010787 0.002228 0.001504 hargrave 2023-09-26 18:13:29 
AF 240 221.9  70.7 030.0  49.1 2.06E-06 001.8 170.9  32.9 0.011386 0.002530 0.001867 hargrave 2023-09-26 18:14:50 
AF 260 260.9  73.9 018.6  40.1 2.14E-06 002.1 185.2  35.3 0.012052 0.002914 0.001475 hargrave 2023-09-26 18:16:15 
AF 280 237.8  73.4 024.6  44.9 1.54E-06 002.0 177.3  34.5 0.008935 0.001671 0.001331 hargrave 2023-09-26 18:17:36 
AF 300 224.8  62.6 024.9  56.7 1.76E-06 001.7 169.7  24.7 0.010885 0.002024 0.002040 hargrave 2023-09-26 18:18:56 
AF 320 220.2  70.1 030.8  49.7 1.69E-06 001.9 170.1  32.5 0.009436 0.001669 0.001358 hargrave 2023-09-26 18:20:17 
AF 340 273.6  68.9 010.6  38.6 1.53E-06 002.4 191.5  31.7 0.009167 0.002893 0.001500 hargrave 2023-09-26 18:21:39 
AF 360 239.3  61.7 013.7  54.2 1.16E-06 001.6 176.8  22.8 0.007489 0.001410 0.001410 hargrave 2023-09-26 18:22:59 
AF 380 231.9  61.5 018.6  56.4 1.21E-06 001.6 173.0  23.0 0.007759 0.001365 0.001718 hargrave 2023-09-26 18:24:20 
AF 400 197.0  70.4 042.5  48.5 1.19E-06 002.1 161.8  36.3 0.006171 0.001354 0.001534 hargrave 2023-09-26 18:25:40 
AF 420 258.4  71.9 017.0  41.9 9.66E-07 002.3 184.8  33.2 0.005957 0.001632 0.001369 hargrave 2023-09-26 18:27:01 
AF 440 256.3  44.3 339.2  53.9 1.05E-06 002.0 187.7  05.7 0.007320 0.002322 0.001556 hargrave 2023-09-26 18:28:25 
AF 460 253.2  62.7 007.9  48.8 9.97E-07 001.9 183.8  23.8 0.006357 0.001576 0.002018 hargrave 2023-09-26 18:29:46 
AF 480 244.0  42.8 340.4  62.9 8.16E-07 001.4 178.9  03.8 0.005928 0.001158 0.001649 hargrave 2023-09-26 18:31:10 
AF 500 231.1  51.9 008.8  64.7 9.10E-07 001.4 170.9  13.6 0.006294 0.000752 0.001861 hargrave 2023-09-26 18:32:34 
AF 520 270.3  56.7 355.4  43.0 9.01E-07 002.6 194.1  19.7 0.006143 0.001952 0.001599 hargrave 2023-09-26 18:33:56 
AF 540 178.3  70.1 050.3  45.2 1.11E-06 002.2 155.7  40.4 0.005195 0.001441 0.001258 hargrave 2023-09-26 18:35:16 
AF 560 235.2  58.1 012.6  58.3 9.63E-07 001.4 174.3  19.4 0.006377 0.000559 0.001244 hargrave 2023-09-26 18:36:37 
AF 580 206.3  38.8 067.8  79.2 8.56E-07 002.6 150.3  06.1 0.005014 0.001501 0.001691 hargrave 2023-09-26 18:37:58 
AF 600 226.6  18.1 260.7  73.5 7.14E-07 002.6 161.0 -18.9 0.004380 0.001197 0.001672 hargrave 2023-09-26 18:39:19 
AF 650 212.6  57.4 035.7  62.6 9.93E-07 001.9 161.6  21.7 0.006117 0.001199 0.001572 hargrave 2023-09-26 18:40:40 
AF 700 174.2  74.6 047.1  41.2 1.09E-06 002.1 159.5  44.1 0.005048 0.000954 0.001791 hargrave 2023-09-26 18:42:00 
AF 750 209.9  74.0 035.6  45.9 8.80E-07 002.0 168.4  37.3 0.004880 0.000626 0.001572 hargrave 2023-09-26 18:43:21 
AF 800 185.1  62.4 055.6  52.6 1.04E-06 002.4 151.3  33.0 0.005066 0.001979 0.000917 hargrave 2023-09-26 18:44:42 
AF 850 213.0  78.8 034.2  41.2 1.04E-06 002.0 172.0  41.2 0.005811 0.000775 0.001692 hargrave 2023-09-26 18:46:07 
AF 900 149.2  69.8 056.9  36.6 8.34E-07 002.3 148.6  48.9 0.003508 0.001397 0.001874 hargrave 2023-09-26 18:47:29 
AF 950 127.8  60.9 067.3  27.7 8.77E-07 001.8 130.9  55.2 0.002170 0.001889 0.000701 hargrave 2023-09-26 18:48:50 
AF1000 196.6  82.4 036.8  37.2 6.70E-07 002.0 171.8  45.7 0.003378 0.000344 0.001186 hargrave 2023-09-26 18:50:16 
