MF8- 21a mag compass orientation (IGRF corrected)
   26.9 190.1  40.0 304.0  60.0   1.0
NRM    356.2  67.9 020.4  11.9 8.64E-06 003.6 208.8  40.6 0.050396 0.029983 0.003859 hargrave 2023-09-09 02:15:03 
AF  10 352.8  68.1 019.4  12.8 8.39E-06 003.6 207.6  39.8 0.049450 0.029116 0.002912 hargrave 2023-09-09 02:16:24 
AF  20 352.0  68.4 019.3  13.1 7.99E-06 003.6 207.1  39.7 0.048018 0.028119 0.002487 hargrave 2023-09-09 02:17:44 
AF  30 350.7  69.2 019.5  14.1 7.73E-06 003.7 205.9  39.8 0.047129 0.027392 0.002646 hargrave 2023-09-09 02:19:05 
AF  40 348.8  68.6 018.5  14.1 7.27E-06 003.7 205.9  38.9 0.043856 0.026445 0.002290 hargrave 2023-09-09 02:20:26 
AF  50 345.9  68.0 017.3  14.3 6.92E-06 003.7 205.6  37.7 0.043128 0.025092 0.002065 hargrave 2023-09-09 02:21:47 
AF  60 344.6  69.9 018.3  16.0 6.61E-06 003.7 203.4  38.6 0.042930 0.023096 0.002172 hargrave 2023-09-09 02:23:08 
AF  70 344.2  69.1 017.6  15.5 6.23E-06 003.8 204.0  38.0 0.040387 0.022716 0.001716 hargrave 2023-09-09 02:24:29 
AF  80 337.7  69.8 016.4  17.6 5.88E-06 003.8 201.4  36.9 0.040574 0.020863 0.003577 hargrave 2023-09-09 02:25:50 
AF  90 334.1  70.7 016.4  19.2 5.78E-06 003.7 199.5  36.8 0.040307 0.019225 0.001951 hargrave 2023-09-09 02:27:11 
AF 100 332.0  71.9 017.0  20.4 5.41E-06 003.6 197.9  37.2 0.038084 0.017174 0.001902 hargrave 2023-09-09 02:28:32 
AF 110 334.8  72.1 017.7  19.8 5.09E-06 003.6 198.5  37.9 0.035161 0.016361 0.001967 hargrave 2023-09-09 02:29:53 
AF 120 331.9  71.5 016.7  20.2 4.63E-06 003.8 198.1  36.9 0.034264 0.014894 0.001475 hargrave 2023-09-09 02:31:15 
AF 130 321.2  73.0 016.2  23.8 4.55E-06 003.5 193.8  36.2 0.033283 0.013179 0.002382 hargrave 2023-09-09 02:32:36 
AF 140 331.1  72.3 017.2  20.9 4.34E-06 003.8 197.3  37.4 0.032375 0.013603 0.001938 hargrave 2023-09-09 02:33:57 
AF 150 320.9  68.9 012.2  22.1 4.24E-06 003.8 196.2  32.7 0.033281 0.013858 0.001758 hargrave 2023-09-09 02:35:18 
AF 160 321.8  71.3 014.7  22.9 4.17E-06 003.6 195.1  34.9 0.032163 0.012290 0.001528 hargrave 2023-09-09 02:36:39 
AF 170 330.7  70.4 015.5  19.9 3.90E-06 003.9 198.6  35.8 0.029813 0.012952 0.001809 hargrave 2023-09-09 02:38:00 
AF 180 325.9  72.8 016.8  22.5 4.04E-06 003.7 195.3  36.8 0.030849 0.012482 0.001973 hargrave 2023-09-09 02:39:21 
AF 190 330.5  73.3 018.0  21.6 3.80E-06 003.8 196.3  38.0 0.028651 0.011837 0.001914 hargrave 2023-09-09 02:40:42 
AF 200 329.0  75.1 019.4  22.9 3.70E-06 003.6 194.5  39.2 0.027839 0.010522 0.002184 hargrave 2023-09-09 02:42:04 
AF 220 330.0  73.8 018.3  22.0 3.14E-06 003.8 195.8  38.3 0.024652 0.009288 0.001958 hargrave 2023-09-09 02:43:25 
AF 240 324.7  75.2 018.8  23.9 3.20E-06 003.7 193.3  38.6 0.025211 0.008958 0.001770 hargrave 2023-09-09 02:44:46 
AF 260 323.7  64.2 008.3  18.8 2.87E-06 004.3 200.1  29.1 0.024505 0.011166 0.001623 hargrave 2023-09-09 02:46:07 
AF 280 335.7  63.5 011.0  14.2 2.57E-06 004.7 205.6  31.6 0.021492 0.011253 0.000665 hargrave 2023-09-09 02:47:28 
AF 300 328.0  65.4 010.4  17.9 2.52E-06 004.4 201.2  31.1 0.021113 0.009999 0.001417 hargrave 2023-09-09 02:48:49 
AF 320 322.3  47.4 353.2  10.6 1.93E-06 005.2 207.9  14.0 0.018196 0.009837 0.001208 hargrave 2023-09-09 02:50:09 
AF 340 321.9  62.3 006.2  18.6 1.80E-06 004.5 200.4  27.1 0.016440 0.007424 0.001827 hargrave 2023-09-09 02:51:30 
AF 360 332.5  68.8 014.5  18.5 2.01E-06 004.4 200.4  35.0 0.016538 0.007749 0.001590 hargrave 2023-09-09 02:52:52 
AF 380 334.3  53.9 003.0  08.4 1.53E-06 005.5 211.4  23.4 0.013615 0.008609 0.001621 hargrave 2023-09-09 02:54:13 
AF 400 314.5  38.9 342.8  11.1 1.58E-06 005.3 206.1  03.9 0.016146 0.008323 0.001476 hargrave 2023-09-09 02:55:34 
AF 420 311.3  29.5 333.2  08.7 1.53E-06 005.2 206.9 -05.8 0.014794 0.007853 0.000550 hargrave 2023-09-09 02:56:54 
AF 440 327.7  53.5 000.2  11.2 1.54E-06 005.3 208.1  20.9 0.014090 0.008164 0.001493 hargrave 2023-09-09 02:58:15 
AF 460 338.5  45.1 358.4  00.5 1.30E-06 005.9 219.1  17.7 0.011275 0.008098 0.001035 hargrave 2023-09-09 02:59:36 
AF 480 298.4  50.3 349.0  26.1 1.53E-06 003.3 191.8  11.5 0.015733 0.004995 0.001636 hargrave 2023-09-09 03:00:57 
AF 500 313.7  42.3 345.5  13.2 1.59E-06 004.9 204.3  06.9 0.015844 0.007450 0.000995 hargrave 2023-09-09 03:02:17 
AF 520 304.2  29.9 330.6  14.3 1.18E-06 004.4 200.9 -07.3 0.011990 0.005015 0.000927 hargrave 2023-09-09 03:03:38 
AF 540 322.1  30.7 339.1  01.4 1.19E-06 005.9 215.1 -01.1 0.011100 0.007333 0.000421 hargrave 2023-09-09 03:04:59 
AF 560 262.4  33.1 321.3  49.0 1.56E-06 002.0 165.2 -05.4 0.015336 0.002500 0.001590 hargrave 2023-09-09 03:06:20 
AF 580 292.3  50.4 347.9  29.8 1.44E-06 002.8 187.9  10.9 0.014949 0.004252 0.000428 hargrave 2023-09-09 03:07:42 
AF 600 317.1  65.5 008.2  21.9 1.60E-06 004.2 196.6  29.0 0.014791 0.005645 0.000238 hargrave 2023-09-09 03:09:03 
AF 650 286.6  57.6 355.8  34.1 1.25E-06 002.6 183.6  17.7 0.012808 0.003249 0.000321 hargrave 2023-09-09 03:10:24 
AF 700 339.4  74.3 020.4  20.2 9.05E-07 003.8 197.8  40.4 0.007011 0.002878 0.000973 hargrave 2023-09-09 03:11:45 
AF 750 304.8  69.3 010.5  27.6 1.40E-06 003.5 189.9  30.7 0.013031 0.003803 0.002326 hargrave 2023-09-09 03:13:06 
AF 800 167.5  72.6 050.7  41.0 1.05E-06 002.8 152.2  53.6 0.005402 0.001699 0.001178 hargrave 2023-09-09 03:14:27 
AF 850 149.7  48.8 083.4  38.5 1.57E-06 002.1 107.3  58.3 0.001890 0.005777 0.002055 hargrave 2023-09-09 03:15:48 
AF 900 098.4  81.8 042.2  26.2 6.84E-07 002.9 180.5  58.1 0.003803 0.001104 0.001184 hargrave 2023-09-09 03:17:09 
AF 950 144.6  62.7 065.9  35.7 8.13E-07 002.2 135.0  63.0 0.002469 0.001568 0.001828 hargrave 2023-09-09 03:18:34 
AF1000 353.5  68.5 019.9  12.9 8.45E-07 004.4 207.4  40.2 0.006464 0.003550 0.001294 hargrave 2023-09-09 03:19:56 
