MF8- 67a sun compass orientation
  154.9 185.0  37.0 304.0  60.0   1.0
NRM    006.0  84.3 031.1  24.9 3.36E-06 001.6 189.4  52.7 0.009835 0.003573 0.001361 hargrave 2023-09-29 18:34:18 
AF  10 356.7  82.7 029.2  24.1 3.18E-06 001.5 191.6  51.4 0.008876 0.003345 0.001402 hargrave 2023-09-29 18:35:38 
AF  20 358.6  82.4 029.2  23.7 3.05E-06 001.6 192.2  51.5 0.009054 0.003210 0.001527 hargrave 2023-09-29 18:36:59 
AF  30 357.7  82.8 029.3  24.1 2.83E-06 001.5 191.5  51.5 0.008187 0.002808 0.001288 hargrave 2023-09-29 18:38:20 
AF  40 336.7  84.3 028.6  26.8 2.62E-06 001.6 187.8  50.0 0.008253 0.002699 0.001286 hargrave 2023-09-29 18:39:41 
AF  50 349.7  85.3 030.4  26.6 2.47E-06 001.6 187.2  51.5 0.007328 0.002263 0.001257 hargrave 2023-09-29 18:41:01 
AF  60 346.8  84.2 029.3  26.0 2.50E-06 001.6 188.7  50.9 0.007582 0.002516 0.001548 hargrave 2023-09-29 18:42:22 
AF  70 000.0  85.0 030.9  25.8 2.33E-06 001.6 188.1  52.3 0.006699 0.002363 0.001535 hargrave 2023-09-29 18:43:46 
AF  80 000.4  87.0 032.1  27.5 2.15E-06 001.5 185.0  52.6 0.005947 0.001992 0.001333 hargrave 2023-09-29 18:45:07 
AF  90 179.6  89.0 034.6  30.8 2.23E-06 001.4 178.4  53.1 0.006057 0.001793 0.001149 hargrave 2023-09-29 18:46:28 
AF 100 113.4  85.3 039.2  29.0 2.15E-06 001.3 177.3  57.4 0.005199 0.001562 0.001150 hargrave 2023-09-29 18:47:49 
AF 110 181.5  87.1 035.9  32.4 2.17E-06 001.4 175.2  53.1 0.005841 0.001831 0.001004 hargrave 2023-09-29 18:49:09 
AF 120 189.5  87.9 035.0  31.9 2.16E-06 001.4 176.6  52.8 0.005764 0.001885 0.001078 hargrave 2023-09-29 18:50:30 
AF 130 072.8  88.7 035.0  29.0 2.02E-06 001.3 180.9  54.2 0.004915 0.001357 0.000823 hargrave 2023-09-29 18:51:54 
AF 140 125.5  86.2 038.4  30.0 2.06E-06 001.4 176.5  56.3 0.005152 0.002021 0.001181 hargrave 2023-09-29 18:53:14 
AF 150 128.7  83.3 041.8  30.3 1.91E-06 001.3 172.9  58.4 0.004238 0.001319 0.001135 hargrave 2023-09-29 18:54:35 
AF 160 092.7  79.9 043.5  24.4 1.92E-06 001.3 180.9  63.1 0.004141 0.001484 0.001255 hargrave 2023-09-29 18:55:55 
AF 170 094.8  79.2 044.3  24.4 9.99E-07 001.3 180.1  63.8 0.002207 0.000897 0.000625 hargrave 2023-09-29 18:57:16 
AF 180 069.5  75.1 043.0  17.6 1.49E-06 001.1 195.6  65.7 0.002676 0.000989 0.000864 hargrave 2023-09-29 18:58:44 
AF 190 082.9  71.0 048.8  16.7 1.33E-06 000.9 192.2  71.2 0.001769 0.000793 0.000924 hargrave 2023-09-29 19:00:12 
AF 200 071.6  76.4 042.7  18.9 1.30E-06 001.3 192.7  65.0 0.002668 0.001034 0.000780 hargrave 2023-09-29 19:01:32 
AF 220 082.4  79.3 042.6  22.6 1.64E-06 001.2 185.1  63.3 0.003412 0.001193 0.000789 hargrave 2023-09-29 19:02:53 
AF 240 011.9  88.5 033.3  28.6 1.66E-06 001.4 182.6  53.2 0.004356 0.001378 0.000774 hargrave 2023-09-29 19:04:17 
AF 260 091.3  88.3 035.7  29.0 1.87E-06 001.5 180.2  54.7 0.004999 0.001659 0.001242 hargrave 2023-09-29 19:05:38 
AF 280 154.1  88.1 035.9  30.9 1.62E-06 001.4 177.2  53.9 0.004255 0.001154 0.001022 hargrave 2023-09-29 19:06:58 
AF 300 162.0  78.8 044.9  36.4 1.74E-06 001.2 161.4  56.0 0.003747 0.001311 0.000780 hargrave 2023-09-29 19:08:18 
AF 320 141.6  77.2 048.6  33.1 1.30E-06 001.2 161.0  60.5 0.002625 0.000706 0.000831 hargrave 2023-09-29 19:09:39 
AF 340 183.8  78.2 041.7  39.9 1.53E-06 001.4 160.8  51.7 0.004224 0.000915 0.000886 hargrave 2023-09-29 19:11:03 
AF 360 189.0  79.1 039.9  39.7 1.86E-06 001.3 162.7  50.9 0.004523 0.001843 0.000916 hargrave 2023-09-29 19:12:27 
AF 380 206.9  71.6 037.3  48.2 1.70E-06 001.4 156.3  43.4 0.004589 0.001886 0.000737 hargrave 2023-09-29 19:13:48 
AF 400 168.3  73.2 049.9  40.8 1.73E-06 001.1 151.5  54.5 0.003284 0.001629 0.000807 hargrave 2023-09-29 19:15:08 
AF 420 098.1  84.9 039.2  27.7 1.94E-06 001.3 179.5  58.1 0.004656 0.001376 0.001219 hargrave 2023-09-29 19:16:28 
AF 440 165.0  82.8 040.6  34.6 1.81E-06 001.2 168.2  54.9 0.004050 0.001281 0.001206 hargrave 2023-09-29 19:17:49 
AF 460 341.4  83.8 028.5  26.1 1.52E-06 001.5 188.9  50.2 0.003991 0.001570 0.001180 hargrave 2023-09-29 19:19:13 
AF 480 027.4  88.8 033.8  28.9 1.58E-06 001.4 181.8  53.4 0.004102 0.001138 0.001125 hargrave 2023-09-29 19:20:34 
AF 500 109.7  70.8 054.4  23.7 1.81E-06 000.8 165.1  71.0 0.002521 0.000340 0.000958 hargrave 2023-09-29 19:21:54 
AF 520 136.0  84.6 040.1  31.0 2.17E-06 001.3 173.5  56.9 0.005030 0.001469 0.000889 hargrave 2023-09-29 19:23:16 
AF 540 202.4  88.5 034.4  31.5 2.05E-06 001.3 177.6  52.5 0.005228 0.001566 0.001148 hargrave 2023-09-29 19:24:36 
AF 560 107.4  71.1 053.7  23.1 1.88E-06 000.9 167.6  71.1 0.002722 0.000665 0.001294 hargrave 2023-09-29 19:25:57 
AF 580 051.3  85.1 035.6  25.3 1.65E-06 001.4 186.2  56.4 0.004072 0.001289 0.001465 hargrave 2023-09-29 19:27:17 
AF 600 127.1  61.1 067.0  27.4 2.00E-06 000.6 127.8  71.0 0.001685 0.001018 0.000883 hargrave 2023-09-29 19:28:42 
AF 650 139.9  75.7 050.4  32.9 1.69E-06 001.1 158.6  61.5 0.002964 0.000613 0.001134 hargrave 2023-09-29 19:30:02 
AF 700 129.6  61.2 067.1  28.6 1.68E-06 000.6 127.6  69.8 0.001453 0.000917 0.001051 hargrave 2023-09-29 19:31:23 
AF 750 148.7  85.0 039.4  32.0 1.77E-06 001.3 172.8  55.8 0.004196 0.001075 0.001021 hargrave 2023-09-29 19:32:43 
AF 800 081.8  63.9 053.4  11.1 2.35E-06 000.8 206.9  77.2 0.002617 0.001390 0.001577 hargrave 2023-09-29 19:34:07 
AF 850 067.5  78.0 041.0  19.8 1.69E-06 001.3 192.2  63.1 0.003441 0.001313 0.001346 hargrave 2023-09-29 19:35:29 
AF 900 096.6  73.0 050.2  21.2 1.27E-06 001.0 178.6  70.0 0.001871 0.000359 0.001381 hargrave 2023-09-29 19:36:50 
AF 950 166.8  87.1 036.5  31.9 1.49E-06 001.4 175.4  53.8 0.003716 0.000997 0.001020 hargrave 2023-09-29 19:38:11 
AF1000 165.0  82.2 041.2  35.0 1.34E-06 001.2 167.1  55.0 0.002749 0.001056 0.001115 hargrave 2023-09-29 19:39:36 
