MF8- 44a sun compass orientation
   80.4 206.8  30.0 304.0  60.0   1.0
NRM    326.4  68.8 013.1  20.3 7.44E-06 003.0 193.6  40.5 0.046501 0.016870 0.003202 hargrave 2023-09-19 17:19:47 
AF  10 332.2  69.4 014.8  18.9 7.39E-06 003.0 195.9  41.8 0.045650 0.017172 0.003214 hargrave 2023-09-19 17:21:09 
AF  20 331.7  70.4 015.6  19.6 7.03E-06 003.0 195.2  42.7 0.043924 0.015342 0.002550 hargrave 2023-09-19 17:22:30 
AF  30 332.6  71.7 016.9  20.1 6.68E-06 003.1 194.8  44.0 0.042211 0.013656 0.002577 hargrave 2023-09-19 17:23:51 
AF  40 333.7  71.5 016.9  19.7 6.28E-06 003.1 195.4  43.9 0.040068 0.013234 0.002469 hargrave 2023-09-19 17:25:12 
AF  50 329.4  72.6 017.2  21.5 5.98E-06 003.1 193.0  44.5 0.039275 0.011181 0.002241 hargrave 2023-09-19 17:26:33 
AF  60 330.1  71.2 016.0  20.5 5.81E-06 003.1 194.0  43.3 0.038568 0.011575 0.002384 hargrave 2023-09-19 17:27:54 
AF  70 331.1  71.6 016.6  20.5 5.28E-06 003.2 194.2  43.8 0.036217 0.010599 0.002182 hargrave 2023-09-19 17:29:15 
AF  80 334.5  73.0 018.4  20.4 5.06E-06 003.3 194.8  45.4 0.034417 0.009911 0.001963 hargrave 2023-09-19 17:30:36 
AF  90 329.7  73.2 017.7  21.7 4.86E-06 003.2 192.8  45.0 0.033746 0.008527 0.001922 hargrave 2023-09-19 17:31:58 
AF 100 334.3  75.7 020.7  22.1 4.79E-06 003.2 192.9  47.8 0.032215 0.008176 0.001493 hargrave 2023-09-19 17:33:19 
AF 110 327.4  75.0 019.0  23.2 4.56E-06 003.2 191.0  46.4 0.031724 0.007175 0.001409 hargrave 2023-09-19 17:34:41 
AF 120 338.3  74.9 020.7  20.8 4.31E-06 003.3 194.9  47.6 0.029449 0.007989 0.001084 hargrave 2023-09-19 17:36:02 
AF 130 346.0  73.6 021.3  18.4 3.93E-06 003.5 198.5  47.6 0.027002 0.008376 0.001071 hargrave 2023-09-19 17:37:23 
AF 140 345.5  73.3 020.9  18.3 3.83E-06 003.4 198.5  47.3 0.026014 0.008501 0.001308 hargrave 2023-09-19 17:38:44 
AF 150 333.6  78.4 023.0  23.8 3.52E-06 003.2 190.9  50.1 0.023660 0.004987 0.001179 hargrave 2023-09-19 17:40:06 
AF 160 337.5  75.0 020.6  21.0 3.53E-06 003.4 194.5  47.6 0.024937 0.006525 0.001315 hargrave 2023-09-19 17:41:27 
AF 170 320.1  76.0 019.1  25.3 3.53E-06 003.2 188.0  46.8 0.025556 0.004404 0.001025 hargrave 2023-09-19 17:42:48 
AF 180 340.2  69.2 016.6  16.6 3.20E-06 003.8 199.4  42.9 0.024326 0.008152 0.001711 hargrave 2023-09-19 17:44:09 
AF 190 328.3  69.0 013.6  19.8 3.11E-06 003.6 194.4  40.9 0.024588 0.006670 0.001190 hargrave 2023-09-19 17:45:30 
AF 200 321.4  69.3 012.7  22.1 3.20E-06 003.4 191.2  40.5 0.025419 0.005879 0.001415 hargrave 2023-09-19 17:46:51 
AF 220 315.9  73.0 015.5  25.2 2.63E-06 003.3 187.6  43.6 0.020593 0.003688 0.001071 hargrave 2023-09-19 17:48:13 
AF 240 295.3  68.9 009.5  30.9 2.38E-06 003.0 179.3  38.9 0.019739 0.002599 0.001004 hargrave 2023-09-19 17:49:34 
AF 260 290.5  69.4 010.1  32.6 2.56E-06 003.2 177.1  39.5 0.022218 0.002816 0.000781 hargrave 2023-09-19 17:50:58 
AF 280 309.7  72.4 014.3  26.8 2.75E-06 003.2 185.3  42.7 0.021187 0.003493 0.000744 hargrave 2023-09-19 17:52:20 
AF 300 270.6  81.8 025.7  34.3 2.09E-06 003.0 174.1  52.4 0.013703 0.001561 0.000409 hargrave 2023-09-19 17:53:41 
AF 320 338.9  72.4 018.8  19.1 1.71E-06 003.6 196.8  45.5 0.012386 0.003732 0.000703 hargrave 2023-09-19 17:55:02 
AF 340 318.2  80.1 023.2  27.1 1.66E-06 003.2 185.7  50.6 0.011463 0.001709 0.000826 hargrave 2023-09-19 17:56:23 
AF 360 033.1  75.4 033.8  15.4 1.42E-06 003.2 208.6  58.4 0.007749 0.003478 0.000533 hargrave 2023-09-19 17:57:45 
AF 380 024.5  81.5 032.5  21.6 1.54E-06 003.0 196.5  58.6 0.008606 0.002208 0.000487 hargrave 2023-09-19 17:59:06 
AF 400 356.8  74.4 024.2  17.2 1.14E-06 003.6 201.3  50.1 0.007705 0.002698 0.000627 hargrave 2023-09-19 18:00:27 
AF 420 279.6  67.2 007.8  36.8 9.60E-07 003.3 171.7  37.8 0.007881 0.002375 0.000238 hargrave 2023-09-19 18:01:49 
AF 440 335.2  46.4 357.8  03.0 7.66E-07 004.9 207.3  20.9 0.007367 0.003393 0.000100 hargrave 2023-09-19 18:03:10 
AF 460 275.8  43.0 337.0  39.8 7.08E-07 003.1 164.3  14.4 0.007128 0.001346 0.001168 hargrave 2023-09-19 18:04:31 
AF 480 307.3  70.9 012.5  27.1 1.01E-06 003.3 184.6  41.1 0.008696 0.000762 0.000318 hargrave 2023-09-19 18:05:53 
AF 500 134.0  75.2 051.2  31.5 4.91E-07 002.1 164.4  73.6 0.001659 0.000765 0.000925 hargrave 2023-09-19 18:07:14 
AF 520 329.7  42.7 352.4  03.7 1.30E-06 004.4 204.5  16.2 0.012599 0.004827 0.000700 hargrave 2023-09-19 18:08:35 
AF 540 293.0  24.8 321.3  21.1 8.27E-07 001.4 176.5 -05.1 0.008858 0.001855 0.000614 hargrave 2023-09-19 18:09:56 
AF 560 306.2  32.5 333.8  13.9 5.24E-07 002.5 187.9  02.8 0.006038 0.001211 0.001091 hargrave 2023-09-19 18:11:17 
AF 580 278.7  51.6 348.2  38.5 1.32E-06 002.8 167.9  22.6 0.012838 0.002715 0.000808 hargrave 2023-09-19 18:12:38 
AF 600 313.3  36.9 340.6  10.9 1.34E-06 003.3 193.2  07.9 0.014059 0.004084 0.000978 hargrave 2023-09-19 18:13:59 
AF 650 311.6  51.8 353.7  18.8 1.24E-06 003.3 189.8  22.5 0.014294 0.002478 0.000439 hargrave 2023-09-19 18:15:24 
AF 700 002.8  64.2 020.9  07.4 1.34E-06 004.3 213.4  43.7 0.009321 0.004943 0.000933 hargrave 2023-09-19 18:16:44 
AF 750 228.1  72.2 027.8  47.1 1.01E-06 003.5 153.6  50.3 0.006486 0.002298 0.001362 hargrave 2023-09-19 18:18:08 
AF 800 266.2  83.3 027.6  34.0 1.50E-06 003.1 174.2  54.1 0.009696 0.001589 0.001073 hargrave 2023-09-19 18:19:29 
AF 850 234.1  67.9 022.3  50.3 4.57E-07 004.2 151.3  45.7 0.002824 0.001750 0.001532 hargrave 2023-09-19 18:20:50 
AF 900 273.7  42.2 335.7  41.2 1.08E-06 003.2 162.6  13.9 0.011526 0.002551 0.000358 hargrave 2023-09-19 18:22:15 
AF 950 177.8  63.9 057.5  49.2 1.73E-06 002.4 124.4  62.2 0.005062 0.005289 0.001246 hargrave 2023-09-19 18:23:39 
AF1000 262.6  19.2 301.8  44.9 7.48E-07 005.0 147.7 -06.0 0.007122 0.003326 0.000895 hargrave 2023-09-19 18:25:01 
