MF8- 46a sun compass orientation
   86.5 168.7  42.0 304.0  60.0   1.0
NRM    325.5  67.5 011.8  19.9 6.22E-06 003.9 205.7  35.9 0.041956 0.023193 0.005352 hargrave 2023-09-19 19:32:23 
AF  10 324.2  67.6 011.5  20.4 5.98E-06 003.8 205.3  35.5 0.040144 0.021148 0.005108 hargrave 2023-09-19 19:33:43 
AF  20 323.2  67.8 011.5  20.8 5.66E-06 003.9 204.8  35.4 0.038774 0.020247 0.004926 hargrave 2023-09-19 19:35:04 
AF  30 323.5  68.2 012.0  20.9 5.36E-06 003.9 204.4  35.7 0.037427 0.018976 0.004821 hargrave 2023-09-19 19:36:25 
AF  40 325.9  69.0 013.2  20.5 5.09E-06 003.9 204.4  36.9 0.035191 0.017693 0.004445 hargrave 2023-09-19 19:37:45 
AF  50 326.1  68.7 013.0  20.4 4.76E-06 004.0 204.7  36.8 0.033697 0.016773 0.004181 hargrave 2023-09-19 19:39:06 
AF  60 328.8  67.2 012.2  18.7 4.50E-06 004.1 207.0  36.6 0.032054 0.016966 0.004166 hargrave 2023-09-19 19:40:26 
AF  70 331.2  66.4 012.1  17.4 4.34E-06 004.2 208.5  36.9 0.030882 0.016895 0.004007 hargrave 2023-09-19 19:41:47 
AF  80 331.5  65.7 011.6  16.9 4.12E-06 004.3 209.3  36.6 0.029822 0.016718 0.003660 hargrave 2023-09-19 19:43:07 
AF  90 334.8  65.2 012.1  15.6 3.98E-06 004.4 210.8  37.4 0.028622 0.016461 0.003772 hargrave 2023-09-19 19:44:28 
AF 100 327.4  64.4 009.4  17.6 3.83E-06 004.5 209.2  34.4 0.028884 0.016033 0.003473 hargrave 2023-09-19 19:45:49 
AF 110 327.4  65.9 010.8  18.4 3.59E-06 004.4 207.8  35.4 0.027430 0.014656 0.003249 hargrave 2023-09-19 19:47:10 
AF 120 330.1  64.7 010.4  16.8 3.31E-06 004.6 209.8  35.5 0.025394 0.014116 0.002747 hargrave 2023-09-19 19:48:31 
AF 130 334.2  64.7 011.5  15.4 3.41E-06 004.5 211.1  36.9 0.025355 0.014523 0.002833 hargrave 2023-09-19 19:49:51 
AF 140 327.0  64.1 009.0  17.6 3.21E-06 004.6 209.4  34.1 0.024981 0.013727 0.002535 hargrave 2023-09-19 19:51:12 
AF 150 330.1  62.8 008.7  15.7 2.84E-06 004.7 211.7  34.3 0.022148 0.012712 0.002714 hargrave 2023-09-19 19:52:33 
AF 160 323.8  63.3 007.5  18.3 2.97E-06 004.6 208.9  32.5 0.023986 0.012624 0.002444 hargrave 2023-09-19 19:53:53 
AF 170 331.7  60.4 007.3  13.7 2.60E-06 005.0 214.4  33.4 0.020525 0.012740 0.002530 hargrave 2023-09-19 19:55:14 
AF 180 313.7  58.6 000.7  20.6 2.63E-06 004.9 208.3  25.7 0.022967 0.011979 0.002486 hargrave 2023-09-19 19:56:35 
AF 190 314.2  53.9 356.4  18.3 2.48E-06 005.2 211.6  22.2 0.021682 0.012551 0.002174 hargrave 2023-09-19 19:57:55 
AF 200 312.0  58.4 000.1  21.3 2.42E-06 004.9 207.6  25.0 0.021485 0.011227 0.002087 hargrave 2023-09-19 19:59:17 
AF 220 327.9  46.7 354.9  07.1 1.91E-06 005.8 223.8  22.2 0.015256 0.012513 0.002332 hargrave 2023-09-19 20:00:38 
AF 240 326.8  51.9 358.6  10.7 2.04E-06 005.5 219.4  25.5 0.016584 0.011735 0.002051 hargrave 2023-09-19 20:01:59 
AF 260 316.5  40.3 344.8  10.3 1.62E-06 006.0 221.3  12.0 0.014018 0.010781 0.002128 hargrave 2023-09-19 20:03:19 
AF 280 313.8  33.9 338.1  09.1 1.48E-06 006.2 223.1  05.6 0.012921 0.010179 0.001988 hargrave 2023-09-19 20:04:40 
AF 300 300.5  35.9 334.8  19.7 1.52E-06 005.8 212.7  01.8 0.014986 0.008717 0.001334 hargrave 2023-09-19 20:06:00 
AF 320 305.6  32.8 333.7  14.5 1.35E-06 006.1 217.9  01.0 0.012709 0.008574 0.001120 hargrave 2023-09-19 20:07:21 
AF 340 296.7  24.7 322.6  17.9 1.66E-06 005.7 214.6 -09.7 0.015646 0.009434 0.001205 hargrave 2023-09-19 20:08:42 
AF 360 305.1  25.9 327.3  11.8 1.53E-06 006.0 220.8 -05.2 0.013551 0.009852 0.001098 hargrave 2023-09-19 20:10:02 
AF 380 285.7  27.8 321.5  28.3 1.58E-06 004.4 204.1 -10.5 0.014655 0.006459 0.001059 hargrave 2023-09-19 20:11:24 
AF 400 290.8  39.2 335.3  28.0 1.28E-06 004.9 204.3  01.7 0.013020 0.006023 0.000672 hargrave 2023-09-19 20:12:44 
AF 420 298.9  20.7 319.9  14.4 1.13E-06 005.8 218.2 -12.4 0.010036 0.007025 0.000879 hargrave 2023-09-19 20:14:05 
AF 440 301.2  42.9 342.0  21.8 1.13E-06 005.5 210.0  08.3 0.011980 0.005564 0.001437 hargrave 2023-09-19 20:15:29 
AF 460 309.8  40.2 342.1  14.8 1.29E-06 005.9 217.0  09.1 0.011957 0.007778 0.001405 hargrave 2023-09-19 20:16:53 
AF 480 297.1  34.8 332.6  21.8 1.39E-06 005.5 210.6 -00.4 0.014004 0.007549 0.001210 hargrave 2023-09-19 20:18:14 
AF 500 307.1  35.6 337.0  14.7 1.69E-06 006.0 217.5  04.1 0.015517 0.010614 0.001642 hargrave 2023-09-19 20:19:34 
AF 520 294.0  32.1 328.8  23.2 1.26E-06 005.4 209.4 -03.9 0.012643 0.006399 0.001261 hargrave 2023-09-19 20:20:55 
AF 540 300.5  52.1 351.3  25.3 1.41E-06 004.9 205.2  16.3 0.013764 0.006384 0.001087 hargrave 2023-09-19 20:22:15 
AF 560 314.3  52.3 354.9  17.5 1.38E-06 005.4 212.7  20.9 0.012468 0.007225 0.001018 hargrave 2023-09-19 20:23:35 
AF 580 294.1  54.9 353.3  29.6 1.21E-06 004.3 200.4  17.1 0.012203 0.004524 0.000944 hargrave 2023-09-19 20:24:57 
AF 600 291.4  38.8 335.1  27.5 1.65E-06 004.9 204.9  01.6 0.016730 0.007549 0.001798 hargrave 2023-09-19 20:26:17 
AF 650 300.6  62.0 002.1  27.8 1.40E-06 004.3 200.2  25.0 0.013272 0.004905 0.001057 hargrave 2023-09-19 20:27:38 
AF 700 326.2  36.6 346.0  02.1 1.17E-06 005.8 229.7  13.8 0.009061 0.008383 0.000547 hargrave 2023-09-19 20:28:59 
AF 750 294.6  49.9 347.8  28.2 9.90E-07 004.5 202.8  12.6 0.009982 0.004075 0.000780 hargrave 2023-09-19 20:30:19 
AF 800 262.5  62.0 004.0  45.3 1.09E-06 002.2 181.9  20.0 0.011010 0.001095 0.001135 hargrave 2023-09-19 20:31:40 
AF 850 291.7  39.0 335.3  27.3 1.29E-06 004.9 205.0  01.8 0.013046 0.005940 0.001072 hargrave 2023-09-19 20:33:01 
AF 900 279.9  74.1 016.1  35.3 1.07E-06 003.3 186.8  32.9 0.009916 0.001899 0.000391 hargrave 2023-09-19 20:34:22 
AF 950 285.9  69.8 010.7  34.2 1.04E-06 003.4 190.4  29.5 0.009655 0.002498 0.001566 hargrave 2023-09-19 20:35:43 
AF1000 236.6  65.7 019.2  51.7 1.16E-06 002.5 170.2  24.9 0.010040 0.001164 0.001007 hargrave 2023-09-19 20:37:08 
