MF8- 29a mag compass orientation (IGRF corrected)
   42.3 189.1  30.0 304.0  60.0   1.0
NRM    286.8  72.7 014.0  33.6 5.91E-06 003.1 183.1  42.8 0.040823 0.010701 0.001809 hargrave 2023-09-10 19:00:45 
AF  10 286.7  72.4 013.6  33.7 5.74E-06 003.1 183.1  42.5 0.040018 0.009680 0.001846 hargrave 2023-09-10 19:02:04 
AF  20 286.9  71.8 013.0  33.7 5.51E-06 003.1 183.3  41.9 0.039085 0.009235 0.001706 hargrave 2023-09-10 19:03:24 
AF  30 282.3  72.1 013.6  35.1 5.27E-06 003.1 181.3  42.2 0.037353 0.008554 0.001562 hargrave 2023-09-10 19:04:43 
AF  40 279.6  73.1 015.0  35.6 4.96E-06 003.1 180.2  43.1 0.034925 0.007691 0.001671 hargrave 2023-09-10 19:06:04 
AF  50 274.5  72.7 015.0  37.2 4.76E-06 003.0 178.2  42.7 0.033718 0.007139 0.001520 hargrave 2023-09-10 19:07:23 
AF  60 275.1  72.7 015.0  37.0 4.53E-06 003.0 178.4  42.7 0.032534 0.006760 0.001340 hargrave 2023-09-10 19:08:43 
AF  70 272.1  71.1 013.5  38.4 4.29E-06 003.1 177.0  41.2 0.031516 0.006483 0.001384 hargrave 2023-09-10 19:10:03 
AF  80 272.0  71.8 014.3  38.2 3.98E-06 003.1 177.0  41.9 0.029354 0.005964 0.001245 hargrave 2023-09-10 19:11:23 
AF  90 270.3  70.4 012.9  39.2 3.86E-06 003.0 176.1  40.5 0.028939 0.005784 0.001139 hargrave 2023-09-10 19:12:43 
AF 100 267.9  68.8 011.3  40.6 3.65E-06 003.0 174.8  39.0 0.027937 0.005427 0.001069 hargrave 2023-09-10 19:14:03 
AF 110 264.9  68.4 011.4  41.8 3.58E-06 003.0 173.3  38.8 0.027334 0.004957 0.000854 hargrave 2023-09-10 19:15:23 
AF 120 251.0  68.0 015.0  46.3 3.39E-06 003.0 166.7  39.6 0.024850 0.004766 0.000807 hargrave 2023-09-10 19:16:43 
AF 130 257.2  68.4 013.4  44.2 2.95E-06 003.0 169.8  39.3 0.022226 0.003870 0.001053 hargrave 2023-09-10 19:18:03 
AF 140 243.0  68.8 018.9  47.7 3.01E-06 003.1 163.5  41.4 0.021159 0.004767 0.001175 hargrave 2023-09-10 19:19:24 
AF 150 243.8  69.9 019.6  46.7 2.95E-06 003.0 164.4  42.3 0.020611 0.004700 0.000627 hargrave 2023-09-10 19:20:44 
AF 160 236.6  72.4 024.4  45.9 2.95E-06 003.0 163.0  45.6 0.019441 0.004198 0.000787 hargrave 2023-09-10 19:22:04 
AF 170 240.5  70.1 021.1  47.2 2.73E-06 003.0 163.1  43.0 0.018373 0.004475 0.001072 hargrave 2023-09-10 19:23:24 
AF 180 233.9  72.3 025.4  46.3 2.66E-06 003.0 162.0  45.9 0.017131 0.003609 0.000946 hargrave 2023-09-10 19:24:45 
AF 190 222.7  70.3 029.5  49.5 2.48E-06 003.0 156.0  46.2 0.014865 0.004641 0.000924 hargrave 2023-09-10 19:26:09 
AF 200 210.7  69.1 035.8  50.8 2.57E-06 002.9 150.3  48.0 0.014044 0.005492 0.000970 hargrave 2023-09-10 19:27:32 
AF 220 195.2  66.2 046.2  52.0 2.41E-06 002.9 140.9  50.4 0.011045 0.006416 0.000635 hargrave 2023-09-10 19:28:52 
AF 240 211.0  67.4 035.9  52.6 2.29E-06 003.0 148.7  46.7 0.012551 0.005610 0.000580 hargrave 2023-09-10 19:30:13 
AF 260 205.9  65.2 039.8  54.5 2.08E-06 003.0 144.3  46.5 0.010581 0.005461 0.000663 hargrave 2023-09-10 19:31:33 
AF 280 194.1  68.7 045.0  49.6 1.93E-06 002.7 143.7  52.3 0.008991 0.004583 0.000750 hargrave 2023-09-10 19:32:54 
AF 300 198.0  69.6 042.5  49.4 1.97E-06 002.7 146.2  51.7 0.009343 0.004169 0.000813 hargrave 2023-09-10 19:34:18 
AF 320 185.3  57.5 061.5  56.1 1.72E-06 002.6 126.2  48.5 0.005463 0.006067 0.000589 hargrave 2023-09-10 19:35:38 
AF 340 193.8  62.7 050.0  54.8 1.89E-06 002.9 136.2  48.7 0.008182 0.006135 0.000608 hargrave 2023-09-10 19:36:59 
AF 360 188.5  68.3 048.0  48.9 1.76E-06 002.7 141.2  53.7 0.007373 0.004529 0.000663 hargrave 2023-09-10 19:38:19 
AF 380 184.8  66.2 051.7  49.7 1.70E-06 002.6 137.0  53.9 0.006739 0.004625 0.000825 hargrave 2023-09-10 19:39:40 
AF 400 187.4  55.5 062.9  58.3 1.83E-06 002.9 125.0  46.2 0.005999 0.008044 0.000493 hargrave 2023-09-10 19:41:00 
AF 420 195.5  68.6 044.3  49.9 1.68E-06 002.8 144.2  51.8 0.008033 0.004085 0.001655 hargrave 2023-09-10 19:42:20 
AF 440 190.0  60.5 054.7  55.6 1.48E-06 003.0 131.9  48.5 0.005840 0.005426 0.000638 hargrave 2023-09-10 19:43:41 
AF 460 210.6  60.1 037.3  59.9 9.26E-07 003.1 141.9  41.2 0.004601 0.002629 0.000648 hargrave 2023-09-10 19:45:01 
AF 480 198.9  74.2 039.8  45.1 1.29E-06 002.7 152.8  54.1 0.006570 0.002032 0.001037 hargrave 2023-09-10 19:46:21 
AF 500 185.4  56.1 063.4  57.0 9.04E-07 002.7 124.6  47.5 0.002974 0.003407 0.000210 hargrave 2023-09-10 19:47:42 
AF 520 193.2  28.7 123.0  71.9 5.40E-07 002.9 108.6  22.6 0.001114 0.003669 0.001313 hargrave 2023-09-10 19:49:02 
AF 540 216.7  38.1 019.2  81.6 5.90E-07 004.1 131.9  20.6 0.003142 0.002736 0.001217 hargrave 2023-09-10 19:50:22 
AF 560 236.7  28.5 305.3  70.2 5.96E-07 003.9 143.4  05.1 0.004057 0.002217 0.000926 hargrave 2023-09-10 19:51:42 
AF 580 205.2  48.0 052.2  70.8 4.86E-07 003.6 129.6  33.4 0.002497 0.001996 0.000147 hargrave 2023-09-10 19:53:02 
AF 600 209.9  10.1 202.2  69.7 6.05E-07 002.5 113.0 -01.3 0.001396 0.003735 0.000830 hargrave 2023-09-10 19:54:23 
AF 650 224.9  54.6 019.3  64.2 2.46E-07 004.5 146.2  32.4 0.001617 0.000903 0.000911 hargrave 2023-09-10 19:55:43 
AF 700 166.6  70.6 053.2  41.8 5.30E-07 002.9 139.6  61.7 0.002306 0.001302 0.000777 hargrave 2023-09-10 19:57:03 
AF 750 124.0  47.0 081.2  21.5 5.58E-07 002.1 059.4  70.4 0.001398 0.001473 0.001135 hargrave 2023-09-10 19:58:24 
AF 800 188.5  52.5 066.3  60.7 5.14E-07 003.1 122.8  43.7 0.002099 0.002079 0.001003 hargrave 2023-09-10 19:59:44 
AF 850 015.3  39.5 018.9 -18.3 3.51E-07 003.7 252.2  36.3 0.001556 0.002285 0.000373 hargrave 2023-09-10 20:01:05 
AF 900 191.8  06.8 167.6  58.9 4.86E-07 002.0 095.8  04.6 0.001249 0.003445 0.001115 hargrave 2023-09-10 20:02:25 
AF 950 174.7  41.8 092.5  56.4 5.68E-07 002.5 103.5  42.0 0.001167 0.002812 0.000732 hargrave 2023-09-10 20:03:46 
AF1000 193.1  35.9 100.0  71.6 6.25E-07 002.9 112.9  28.6 0.001805 0.003254 0.001183 hargrave 2023-09-10 20:05:07 
