MF8- 17a mag compass orientation (IGRF corrected)
   19.4 220.1  30.0 304.0  60.0   1.0
NRM    352.3  71.7 021.5  15.8 6.65E-06 003.3 197.3  44.9 0.041556 0.017593 0.004910 hargrave 2023-09-08 21:49:56 
AF  10 353.3  71.0 021.3  15.0 6.35E-06 003.2 198.2  44.5 0.038087 0.017311 0.003950 hargrave 2023-09-08 21:51:16 
AF  20 352.8  70.5 020.8  14.7 6.05E-06 003.3 198.3  43.9 0.038802 0.016637 0.004123 hargrave 2023-09-08 21:52:36 
AF  30 352.6  70.1 020.5  14.4 5.82E-06 003.4 198.5  43.5 0.037874 0.016345 0.004220 hargrave 2023-09-08 21:53:56 
AF  40 354.8  70.1 021.2  14.0 5.46E-06 003.5 199.4  43.9 0.035937 0.016033 0.003795 hargrave 2023-09-08 21:55:16 
AF  50 356.4  70.5 021.9  14.0 5.20E-06 003.5 199.8  44.5 0.034550 0.015036 0.004005 hargrave 2023-09-08 21:56:36 
AF  60 357.2  70.2 022.0  13.6 4.87E-06 003.4 200.3  44.4 0.030826 0.014108 0.003713 hargrave 2023-09-08 21:57:57 
AF  70 000.8  70.1 023.0  12.9 4.73E-06 003.6 201.8  45.0 0.031060 0.014593 0.003664 hargrave 2023-09-08 21:59:17 
AF  80 001.9  69.3 022.9  12.0 4.50E-06 003.7 202.9  44.5 0.030018 0.014090 0.003332 hargrave 2023-09-08 22:00:38 
AF  90 000.9  69.0 022.5  11.9 4.33E-06 003.7 202.8  44.0 0.029744 0.013650 0.003430 hargrave 2023-09-08 22:01:58 
AF 100 359.6  68.1 021.6  11.3 4.20E-06 003.8 202.9  43.0 0.029270 0.013415 0.003676 hargrave 2023-09-08 22:03:18 
AF 110 000.2  70.2 022.8  13.1 4.00E-06 003.6 201.5  44.9 0.026977 0.012097 0.003513 hargrave 2023-09-08 22:04:38 
AF 120 002.4  67.9 022.4  10.7 3.69E-06 003.9 204.2  43.5 0.026108 0.012307 0.003705 hargrave 2023-09-08 22:05:58 
AF 130 001.3  68.4 022.3  11.4 3.49E-06 003.8 203.3  43.6 0.024796 0.011258 0.004178 hargrave 2023-09-08 22:07:18 
AF 140 002.3  69.9 023.3  12.5 3.36E-06 003.8 202.6  45.1 0.023334 0.010601 0.003561 hargrave 2023-09-08 22:08:37 
AF 150 360.0  67.9 021.6  11.2 3.18E-06 003.9 203.1  43.0 0.023164 0.010315 0.003402 hargrave 2023-09-08 22:09:57 
AF 160 353.5  68.2 019.7  12.7 3.04E-06 003.8 200.1  42.0 0.022654 0.009173 0.003404 hargrave 2023-09-08 22:11:17 
AF 170 356.3  67.5 020.2  11.5 2.78E-06 003.8 201.8  41.9 0.020465 0.009259 0.003711 hargrave 2023-09-08 22:12:41 
AF 180 358.2  68.0 021.1  11.6 2.91E-06 003.9 202.3  42.7 0.021324 0.009648 0.003564 hargrave 2023-09-08 22:14:01 
AF 190 354.9  66.6 019.2  11.0 2.93E-06 003.9 201.7  40.8 0.021979 0.009773 0.003457 hargrave 2023-09-08 22:15:21 
AF 200 351.9  65.5 017.6  10.9 2.62E-06 003.9 201.0  39.3 0.020386 0.008393 0.003177 hargrave 2023-09-08 22:16:45 
AF 220 346.9  65.0 015.5  11.8 2.59E-06 003.9 198.7  38.0 0.020900 0.008218 0.003528 hargrave 2023-09-08 22:18:05 
AF 240 347.5  64.9 015.7  11.5 2.41E-06 003.9 199.1  38.0 0.019379 0.007746 0.003330 hargrave 2023-09-08 22:19:25 
AF 260 002.4  69.9 023.4  12.5 2.24E-06 003.8 202.7  45.1 0.016058 0.007228 0.003603 hargrave 2023-09-08 22:20:47 
AF 280 349.5  64.1 015.9  10.3 2.14E-06 004.0 200.5  37.6 0.017115 0.007387 0.003275 hargrave 2023-09-08 22:22:07 
AF 300 358.7  68.8 021.7  12.1 1.94E-06 003.9 202.0  43.4 0.014864 0.006031 0.003287 hargrave 2023-09-08 22:23:27 
AF 320 010.4  63.8 023.8  05.7 1.93E-06 004.4 211.0  41.9 0.014277 0.007850 0.003019 hargrave 2023-09-08 22:24:47 
AF 340 009.5  66.1 024.2  07.9 2.05E-06 004.4 208.8  43.5 0.015915 0.007892 0.003041 hargrave 2023-09-08 22:26:08 
AF 360 356.9  59.3 016.0  04.4 1.96E-06 004.5 206.9  34.7 0.016226 0.007833 0.003091 hargrave 2023-09-08 22:27:28 
AF 380 353.6  60.9 015.5  06.7 1.52E-06 004.1 204.2  35.5 0.012770 0.005566 0.003444 hargrave 2023-09-08 22:28:55 
AF 400 346.6  50.8 006.2  00.9 1.55E-06 004.6 204.5  24.6 0.014228 0.006590 0.003305 hargrave 2023-09-08 22:30:15 
AF 420 340.8  53.4 005.4  05.3 1.31E-06 004.2 199.8  26.1 0.012460 0.004740 0.003218 hargrave 2023-09-08 22:31:35 
AF 440 354.0  54.0 011.8  00.9 1.41E-06 004.9 207.8  29.3 0.012604 0.006449 0.003404 hargrave 2023-09-08 22:32:59 
AF 460 013.4  60.8 024.1  02.4 1.38E-06 004.7 214.8  40.3 0.010115 0.006455 0.003238 hargrave 2023-09-08 22:34:19 
AF 480 010.3  51.0 019.3 -06.3 1.52E-06 005.3 219.6  31.1 0.011918 0.008412 0.003606 hargrave 2023-09-08 22:35:39 
AF 500 349.6  42.2 002.5 -07.0 1.20E-06 005.5 209.6  17.2 0.012001 0.006231 0.003283 hargrave 2023-09-08 22:37:00 
AF 520 017.0  59.7 025.5  00.8 9.34E-07 004.9 217.6  40.4 0.006894 0.004481 0.003698 hargrave 2023-09-08 22:38:20 
AF 540 348.0  56.4 010.5  04.8 1.17E-06 004.6 203.2  30.2 0.010837 0.004771 0.003357 hargrave 2023-09-08 22:39:41 
AF 560 353.5  64.3 017.4  09.5 1.01E-06 004.2 202.4  38.5 0.008592 0.003454 0.003170 hargrave 2023-09-08 22:41:01 
AF 580 042.1  59.3 038.1 -00.4 9.27E-07 004.4 230.9  48.9 0.005356 0.004540 0.003475 hargrave 2023-09-08 22:42:22 
AF 600 005.4  69.6 024.2  11.7 7.46E-07 004.0 204.1  45.4 0.005700 0.002363 0.002804 hargrave 2023-09-08 22:43:42 
AF 650 088.5  51.9 064.3  04.8 8.02E-07 002.7 270.9  65.8 0.001050 0.003679 0.003212 hargrave 2023-09-08 22:45:06 
AF 700 022.7  49.2 026.5 -10.2 5.12E-07 006.5 228.7  33.9 0.003936 0.003419 0.003597 hargrave 2023-09-08 22:46:30 
AF 750 041.5  70.2 036.6  10.4 6.25E-07 003.9 216.1  55.0 0.003775 0.002349 0.002823 hargrave 2023-09-08 22:47:50 
AF 800 041.9  50.5 039.1 -09.2 5.72E-07 005.3 239.9  42.7 0.003395 0.003580 0.003428 hargrave 2023-09-08 22:49:11 
AF 850 202.1  73.7 038.8  45.9 4.30E-07 003.1 146.5  61.0 0.002122 0.000688 0.002933 hargrave 2023-09-08 22:50:31 
AF 900 167.5  66.9 057.2  43.9 2.29E-07 004.0 128.6  72.2 0.000964 0.000742 0.003030 hargrave 2023-09-08 22:51:52 
AF 950 241.5  54.2 002.7  58.7 3.56E-07 005.6 137.3  36.6 0.002362 0.001229 0.003235 hargrave 2023-09-08 22:53:12 
AF1000 153.9  28.0 110.4  38.0 9.54E-07 003.8 037.5  54.1 0.005251 0.003552 0.002819 hargrave 2023-09-08 22:54:34 
