MF8- 15a mag compass orientation (IGRF corrected)
   16.3 179.1  42.0 304.0  60.0   1.0
NRM    341.9  64.9 013.9  13.1 6.02E-06 004.0 210.1  36.1 0.041668 0.021602 0.003828 hargrave 2023-09-08 19:37:53 
AF  10 340.2  64.9 013.4  13.7 5.78E-06 004.1 209.5  35.5 0.041580 0.021332 0.003179 hargrave 2023-09-08 19:39:14 
AF  20 337.7  65.1 012.8  14.5 5.54E-06 004.0 208.6  34.8 0.039492 0.020292 0.003295 hargrave 2023-09-08 19:40:33 
AF  30 337.7  64.7 012.5  14.3 5.33E-06 004.1 208.9  34.6 0.038151 0.019951 0.003050 hargrave 2023-09-08 19:41:53 
AF  40 335.2  65.0 012.0  15.3 5.03E-06 004.0 207.8  33.9 0.036640 0.018192 0.002849 hargrave 2023-09-08 19:43:13 
AF  50 336.3  65.3 012.6  15.1 4.84E-06 004.1 207.9  34.6 0.035519 0.017656 0.002745 hargrave 2023-09-08 19:44:32 
AF  60 337.4  65.4 012.9  14.8 4.61E-06 004.1 208.1  35.0 0.033912 0.016930 0.002924 hargrave 2023-09-08 19:45:52 
AF  70 334.5  65.6 012.3  15.9 4.56E-06 004.1 207.0  34.2 0.034029 0.016478 0.002936 hargrave 2023-09-08 19:47:11 
AF  80 331.0  64.7 010.6  16.5 4.26E-06 004.1 206.6  32.5 0.032227 0.015860 0.003072 hargrave 2023-09-08 19:48:31 
AF  90 331.8  66.6 012.4  17.4 4.07E-06 004.0 205.2  34.1 0.030532 0.014574 0.002814 hargrave 2023-09-08 19:49:54 
AF 100 327.1  66.2 011.0  18.7 3.79E-06 004.0 203.9  32.5 0.030154 0.012612 0.002898 hargrave 2023-09-08 19:51:14 
AF 110 327.4  67.2 011.9  19.1 3.60E-06 004.0 203.3  33.3 0.028621 0.012091 0.002941 hargrave 2023-09-08 19:52:34 
AF 120 328.1  64.5 009.7  17.4 3.50E-06 004.2 205.6  31.5 0.027949 0.012717 0.002918 hargrave 2023-09-08 19:53:53 
AF 130 325.0  64.3 008.8  18.5 3.43E-06 004.1 204.6  30.5 0.027860 0.012164 0.002795 hargrave 2023-09-08 19:55:13 
AF 140 327.5  62.2 007.6  16.3 3.14E-06 004.4 207.2  29.6 0.025811 0.011950 0.002723 hargrave 2023-09-08 19:56:33 
AF 150 328.6  62.3 007.9  16.0 3.11E-06 004.3 207.6  30.0 0.025274 0.011795 0.002715 hargrave 2023-09-08 19:57:52 
AF 160 328.3  62.9 008.3  16.4 2.73E-06 004.3 207.0  30.4 0.022319 0.010292 0.002570 hargrave 2023-09-08 19:59:15 
AF 170 330.5  64.3 010.1  16.4 2.72E-06 004.3 206.7  32.0 0.021965 0.010080 0.002613 hargrave 2023-09-08 20:00:35 
AF 180 323.4  58.2 002.9  15.8 2.60E-06 004.5 208.2  25.2 0.022200 0.010389 0.002623 hargrave 2023-09-08 20:01:55 
AF 190 333.0  57.9 005.7  11.6 2.55E-06 004.7 212.8  28.3 0.020692 0.010981 0.002374 hargrave 2023-09-08 20:03:14 
AF 200 329.3  59.6 005.8  14.1 2.53E-06 004.5 209.9  28.2 0.020757 0.010367 0.002561 hargrave 2023-09-08 20:04:34 
AF 220 327.7  63.3 008.5  16.9 2.40E-06 004.3 206.4  30.5 0.019819 0.009015 0.002754 hargrave 2023-09-08 20:05:54 
AF 240 327.1  53.5 000.0  11.5 2.39E-06 004.9 213.2  22.7 0.020258 0.011121 0.003058 hargrave 2023-09-08 20:07:14 
AF 260 331.8  65.4 011.4  16.6 2.11E-06 004.2 206.3  33.2 0.016942 0.007500 0.002386 hargrave 2023-09-08 20:08:34 
AF 280 324.0  64.1 008.4  18.7 2.18E-06 004.2 204.4  30.1 0.018484 0.007911 0.002572 hargrave 2023-09-08 20:09:53 
AF 300 331.8  68.0 013.5  18.2 1.95E-06 004.1 204.0  35.0 0.015680 0.006639 0.002654 hargrave 2023-09-08 20:11:17 
AF 320 328.0  64.2 009.4  17.3 1.99E-06 004.3 205.8  31.3 0.016443 0.007468 0.002254 hargrave 2023-09-08 20:12:37 
AF 340 332.0  68.5 014.0  18.4 1.79E-06 004.0 203.6  35.4 0.014229 0.006027 0.002568 hargrave 2023-09-08 20:13:56 
AF 360 322.9  62.2 006.3  18.1 1.87E-06 004.4 205.3  28.2 0.015408 0.007957 0.002436 hargrave 2023-09-08 20:15:20 
AF 380 295.6  65.6 005.7  30.5 1.54E-06 003.1 191.8  25.4 0.013471 0.004478 0.002552 hargrave 2023-09-08 20:16:47 
AF 400 318.6  69.6 012.5  23.1 1.48E-06 003.7 198.4  33.1 0.012107 0.004941 0.002579 hargrave 2023-09-08 20:18:11 
AF 420 299.3  53.9 353.0  26.4 1.61E-06 003.8 197.9  15.0 0.015583 0.005518 0.002838 hargrave 2023-09-08 20:19:31 
AF 440 297.2  53.1 351.8  27.5 1.58E-06 003.8 196.9  13.9 0.014707 0.006012 0.002484 hargrave 2023-09-08 20:20:54 
AF 460 300.9  53.2 352.6  25.4 1.58E-06 004.0 199.0  14.8 0.015543 0.005750 0.003665 hargrave 2023-09-08 20:22:14 
AF 480 292.6  47.4 344.7  28.9 1.51E-06 003.7 195.8  07.5 0.015257 0.005254 0.003168 hargrave 2023-09-08 20:23:34 
AF 500 302.6  45.8 345.3  21.9 1.61E-06 004.5 202.9  08.2 0.015681 0.006702 0.002794 hargrave 2023-09-08 20:24:53 
AF 520 297.3  45.7 343.9  25.4 1.39E-06 004.2 199.4  06.9 0.013903 0.005291 0.002781 hargrave 2023-09-08 20:26:13 
AF 540 306.3  37.8 338.8  16.2 1.25E-06 005.1 208.6  02.0 0.011715 0.005882 0.002808 hargrave 2023-09-08 20:27:33 
AF 560 288.4  65.7 005.7  33.5 1.28E-06 002.8 188.6  24.7 0.011942 0.003149 0.002185 hargrave 2023-09-08 20:28:52 
AF 580 303.1  56.0 356.0  25.0 1.24E-06 003.9 199.1  17.8 0.011534 0.004509 0.002376 hargrave 2023-09-08 20:30:12 
AF 600 302.8  54.4 354.1  24.6 1.29E-06 004.0 199.7  16.2 0.012573 0.004689 0.002495 hargrave 2023-09-08 20:31:32 
AF 650 283.1  56.6 354.5  36.0 9.77E-07 002.6 188.0  15.2 0.009547 0.002548 0.002599 hargrave 2023-09-08 20:32:52 
AF 700 255.8  54.0 354.9  51.6 9.71E-07 001.6 172.1  12.7 0.009090 0.001532 0.002459 hargrave 2023-09-08 20:34:11 
AF 750 253.2  51.6 352.1  53.9 8.27E-07 002.0 170.1  10.5 0.007717 0.001554 0.002491 hargrave 2023-09-08 20:35:31 
AF 800 243.8  56.6 004.6  56.2 9.06E-07 002.2 165.8  16.7 0.008225 0.001475 0.002645 hargrave 2023-09-08 20:36:51 
AF 850 218.5  59.8 029.5  60.0 8.06E-07 003.3 154.5  25.4 0.006200 0.002237 0.002214 hargrave 2023-09-08 20:38:11 
AF 900 300.3  63.3 003.4  28.1 7.51E-07 003.6 194.8  24.0 0.006855 0.002540 0.002886 hargrave 2023-09-08 20:39:35 
AF 950 242.7  68.2 018.4  48.3 9.27E-07 002.2 169.2  27.8 0.008008 0.001455 0.002871 hargrave 2023-09-08 20:40:55 
AF1000 253.6  86.3 031.2  32.8 1.15E-06 002.6 178.6  44.4 0.008353 0.001495 0.002338 hargrave 2023-09-08 20:42:16 
