MF8- 76b sun compass orientation
   20.4 101.9  57.0 304.0  60.0   1.0
NRM    352.8  63.0 016.4  08.6 5.58E-06 002.1 196.1  57.7 0.018296 0.009752 0.005214 hargrave 2024-04-12 19:19:29 
TT  55 358.1  66.9 020.5  10.6 5.60E-06 002.0 189.4  55.1 0.018571 0.009396 0.004120 hargrave 2024-04-15 10:12:17 
TT 100 012.1  66.6 025.4  08.1 3.62E-06 001.9 179.8  56.4 0.011603 0.006073 0.002473 hargrave 2024-04-15 12:38:22 
TT 125 020.2  64.6 028.1  05.2 2.64E-06 001.6 173.3  58.0 0.007391 0.003410 0.001317 hargrave 2024-04-15 15:21:40 
TT 150 041.2  63.4 037.2  03.6 1.61E-06 001.8 157.8  54.5 0.004816 0.002364 0.001695 hargrave 2024-04-15 18:41:33 
TT 200 047.9  60.0 040.9  00.7 1.43E-06 001.8 149.8  54.2 0.003768 0.002237 0.001629 hargrave 2024-04-16 10:12:45 
TT 250 044.1  70.1 037.5  10.4 1.48E-06 002.0 164.0  48.9 0.005066 0.002633 0.001082 hargrave 2024-04-16 12:29:46 
TT 300 101.7  17.9 097.1 -09.1 7.40E-07 002.4 105.1  09.8 0.002546 0.001365 0.001416 hargrave 2024-04-16 15:28:36 
TT 325 134.1  47.7 082.7  28.2 1.32E-06 001.6 145.1  05.9 0.003383 0.002493 0.001568 hargrave 2024-04-16 18:32:51 
TT 350 132.1  49.9 079.9  27.5 6.90E-07 001.2 145.8  08.3 0.002055 0.001001 0.001269 hargrave 2024-04-17 10:56:37 
TT 375 136.7  56.2 073.5  31.4 7.85E-07 000.9 152.3  10.7 0.003621 0.002005 0.000607 hargrave 2024-04-17 14:06:52 
TT 400 166.7  50.5 080.0  49.4 8.13E-07 000.9 164.3 -03.6 0.002785 0.000931 0.000650 hargrave 2024-04-18 11:06:17 
TT 420 053.8  59.4 043.9  00.9 1.27E-06 001.6 146.5  51.9 0.004359 0.001403 0.001365 hargrave 2024-04-18 14:55:54 
TT 430 154.9  65.4 061.8  39.8 1.07E-06 001.4 165.1  12.5 0.004434 0.002398 0.001210 hargrave 2024-04-19 09:29:04 
