MF8- 73b sun compass orientation
  19.48  85.6  48.0 304.0  60.0   1.0
NRM    313.1  79.0 021.7  27.7 6.14E-06 002.0 191.5  49.6 0.021551 0.009558 0.005342 hargrave 2024-04-12 19:13:28 
TT  55 296.6  77.1 019.0  30.8 5.95E-06 002.1 196.5  47.6 0.023189 0.010533 0.003661 hargrave 2024-04-15 10:06:51 
TT 100 277.9  83.4 027.0  32.7 4.07E-06 002.0 188.8  43.1 0.015238 0.007967 0.002780 hargrave 2024-04-15 12:33:00 
TT 125 143.7  84.3 040.3  31.8 2.98E-06 001.7 176.2  37.1 0.010842 0.005319 0.002913 hargrave 2024-04-15 15:16:14 
TT 150 171.9  73.0 049.2  41.7 2.33E-06 001.5 178.8  25.0 0.008970 0.003557 0.002670 hargrave 2024-04-15 18:35:25 
TT 200 195.4  68.3 044.6  50.1 2.03E-06 001.6 187.7  21.3 0.008371 0.002709 0.002546 hargrave 2024-04-16 10:07:20 
TT 250 154.4  57.3 072.2  41.1 1.89E-06 001.2 168.5  10.9 0.007855 0.002889 0.002835 hargrave 2024-04-16 12:22:48 
TT 300 151.9  24.3 113.9  35.2 1.48E-06 001.9 157.1 -20.2 0.004605 0.003039 0.004459 hargrave 2024-04-16 15:22:24 
TT 325 184.6  41.6 089.7  63.7 1.23E-06 002.7 186.8 -06.0 0.004961 0.002647 0.004685 hargrave 2024-04-16 18:25:56 
TT 350 179.9  42.1 090.8  60.2 1.63E-06 001.8 183.2 -05.9 0.007424 0.002771 0.004401 hargrave 2024-04-17 10:49:36 
TT 375 157.2  17.2 124.4  36.9 1.26E-06 002.1 159.9 -28.4 0.002904 0.002470 0.004056 hargrave 2024-04-17 13:59:49 
TT 400 186.6  08.1 158.9  56.3 2.07E-06 001.5 194.0 -38.9 0.004990 0.002888 0.004991 hargrave 2024-04-18 11:03:14 
TT 420 167.6 -18.2 165.1  24.3 1.72E-06 001.5 161.6 -65.3 0.003978 0.002925 0.005666 hargrave 2024-04-18 14:52:54 
TT 430 141.1 -04.6 136.8  12.4 1.43E-06 001.7 131.0 -41.6 0.003466 0.001595 0.004294 hargrave 2024-04-19 09:24:59 
