MF8- 72a sun compass orientation
  19.31 108.5  47.0 304.0  60.0   1.0
NRM    002.4  67.3 022.2  10.2 8.24E-06 002.6 194.2  64.2 0.037463 0.015356 0.001298 hargrave 2024-03-23 14:48:16 
AF  10 002.4  67.1 022.0  10.0 7.88E-06 002.6 194.5  64.4 0.035114 0.014088 0.001231 hargrave 2024-03-23 14:49:36 
AF  20 002.3  66.6 021.8  09.5 7.52E-06 002.5 195.1  64.8 0.032707 0.013245 0.000971 hargrave 2024-03-23 14:50:57 
AF  30 001.5  66.6 021.5  09.7 7.03E-06 002.6 195.7  64.7 0.030800 0.012942 0.001243 hargrave 2024-03-23 14:52:17 
AF  40 359.4  66.0 020.5  09.6 6.67E-06 002.5 198.1  64.7 0.028508 0.012802 0.001451 hargrave 2024-03-23 14:53:37 
AF  50 359.9  66.3 020.8  09.8 6.46E-06 002.6 197.4  64.6 0.028078 0.012325 0.001945 hargrave 2024-03-23 14:54:58 
AF  60 354.6  65.2 018.4  10.0 6.24E-06 002.6 202.8  64.1 0.026349 0.012966 0.001969 hargrave 2024-03-23 14:56:18 
AF  70 354.6  64.7 018.1  09.6 5.99E-06 002.7 203.6  64.4 0.025707 0.013180 0.002483 hargrave 2024-03-23 14:57:39 
AF  80 354.2  65.3 018.2  10.2 5.79E-06 002.6 203.0  63.9 0.024881 0.012591 0.002401 hargrave 2024-03-23 14:58:59 
AF  90 352.4  66.2 018.2  11.3 5.71E-06 002.8 202.7  62.7 0.025714 0.012579 0.002963 hargrave 2024-03-23 15:00:19 
AF 100 354.3  65.9 018.6  10.6 5.33E-06 002.7 202.1  63.5 0.023547 0.011305 0.002256 hargrave 2024-03-23 15:01:40 
AF 110 352.4  63.8 016.7  09.4 5.26E-06 002.7 206.7  64.4 0.022269 0.012284 0.002024 hargrave 2024-03-23 15:03:00 
AF 120 350.3  63.2 015.6  09.5 5.09E-06 002.7 209.1  64.1 0.021477 0.012652 0.002556 hargrave 2024-03-23 15:04:20 
AF 130 351.6  63.2 016.1  09.1 4.82E-06 002.7 208.3  64.5 0.019995 0.011708 0.002260 hargrave 2024-03-23 15:05:41 
AF 140 350.5  65.1 016.8  10.9 4.59E-06 002.7 205.8  63.0 0.020239 0.010979 0.002189 hargrave 2024-03-23 15:07:01 
AF 150 352.1  64.4 017.0  09.9 4.34E-06 002.7 205.9  63.9 0.018555 0.010136 0.002345 hargrave 2024-03-23 15:08:21 
AF 160 347.3  63.1 014.5  10.2 4.17E-06 002.8 211.1  63.0 0.017582 0.010743 0.002422 hargrave 2024-03-23 15:09:41 
AF 170 349.9  61.9 014.6  08.6 3.98E-06 002.7 211.8  64.7 0.016097 0.010344 0.001791 hargrave 2024-03-23 15:11:01 
AF 180 350.9  58.2 012.8  05.3 4.04E-06 002.6 218.8  67.1 0.014995 0.010831 0.001314 hargrave 2024-03-23 15:12:21 
AF 190 346.6  59.2 011.7  07.4 3.93E-06 002.7 219.2  64.7 0.015276 0.011057 0.001777 hargrave 2024-03-23 15:13:42 
AF 200 348.7  59.1 012.4  06.7 3.58E-06 002.7 218.3  65.7 0.014128 0.010017 0.001575 hargrave 2024-03-23 15:15:03 
AF 220 355.2  59.9 015.6  05.4 3.48E-06 002.4 211.8  68.0 0.012769 0.008390 0.001122 hargrave 2024-03-23 15:16:23 
AF 240 349.6  59.9 013.3  07.0 3.70E-06 002.5 216.1  65.7 0.013971 0.009521 0.000654 hargrave 2024-03-23 15:17:43 
AF 260 345.9  58.1 010.7  06.8 3.50E-06 002.6 222.0  64.8 0.012819 0.009559 0.001330 hargrave 2024-03-23 15:19:03 
AF 280 006.2  57.5 019.5  00.6 3.33E-06 002.0 203.8  73.5 0.010576 0.006053 0.000787 hargrave 2024-03-23 15:20:23 
AF 300 001.4  59.1 017.9  03.1 2.80E-06 002.2 207.3  70.8 0.009490 0.005721 0.000959 hargrave 2024-03-23 15:21:43 
AF 320 001.2  65.6 020.9  08.9 2.74E-06 002.5 197.2  65.4 0.011053 0.005799 0.001519 hargrave 2024-03-23 15:23:03 
AF 340 329.1  70.8 015.4  20.6 2.40E-06 003.0 204.7  53.2 0.012131 0.005914 0.001780 hargrave 2024-03-23 15:24:24 
AF 360 000.5  66.9 021.3  10.2 2.85E-06 002.3 196.2  64.2 0.011159 0.005278 0.001258 hargrave 2024-03-23 15:25:44 
AF 380 357.8  66.3 020.0  10.2 2.15E-06 002.4 199.0  64.1 0.008369 0.004453 0.001291 hargrave 2024-03-23 15:27:04 
AF 400 348.1  68.6 018.3  14.2 2.47E-06 002.7 201.6  59.9 0.011074 0.005577 0.001600 hargrave 2024-03-23 15:28:24 
AF 420 006.6  59.5 020.5  02.3 2.05E-06 002.2 199.7  72.0 0.006066 0.004750 0.002600 hargrave 2024-03-23 15:29:44 
AF 440 349.0  62.4 014.6  09.1 2.48E-06 002.5 211.5  64.1 0.008898 0.006009 0.002435 hargrave 2024-03-23 15:31:04 
AF 460 353.9  58.9 014.5  05.0 2.34E-06 002.4 215.0  68.0 0.007702 0.005941 0.002191 hargrave 2024-03-23 15:32:24 
AF 480 035.6  60.3 034.8  00.3 1.92E-06 002.0 154.9  69.8 0.006159 0.002934 0.001277 hargrave 2024-03-23 15:33:44 
AF 500 008.4  73.5 026.7  14.9 2.08E-06 002.2 185.6  59.2 0.008745 0.002199 0.000495 hargrave 2024-03-23 15:35:04 
AF 520 312.2  73.6 015.8  26.4 1.98E-06 003.2 202.5  47.5 0.010700 0.005186 0.002698 hargrave 2024-03-23 15:36:24 
AF 540 287.7  83.5 026.6  31.6 1.96E-06 003.0 188.9  42.6 0.011793 0.003802 0.003271 hargrave 2024-03-23 15:37:44 
AF 560 286.5  69.3 010.0  34.1 2.07E-06 003.6 207.0  39.0 0.012661 0.006640 0.002172 hargrave 2024-03-23 15:39:04 
AF 580 313.8  56.9 359.1  19.8 1.71E-06 003.5 227.4  47.9 0.007892 0.007135 0.001904 hargrave 2024-03-23 15:40:25 
AF 600 343.2  74.8 021.5  19.8 1.86E-06 002.7 195.1  54.6 0.008847 0.003645 0.001274 hargrave 2024-03-23 15:41:44 
