MF8- 42a sun compass orientation
   75.5 185.6  31.0 304.0  60.0   1.0
NRM    012.7  69.8 026.7  11.0 7.38E-06 003.4 217.5  55.7 0.037053 0.024924 0.002509 hargrave 2023-09-18 19:55:16 
AF  10 010.5  70.0 026.0  11.4 6.90E-06 003.4 216.6  55.1 0.035414 0.023294 0.002223 hargrave 2023-09-18 19:56:40 
AF  20 011.4  70.6 026.5  11.8 6.45E-06 003.4 215.9  55.6 0.033206 0.021569 0.001809 hargrave 2023-09-18 19:58:01 
AF  30 006.4  71.4 025.3  13.3 6.02E-06 003.5 213.3  54.6 0.032431 0.019479 0.001508 hargrave 2023-09-18 19:59:21 
AF  40 007.5  72.1 025.9  13.7 5.70E-06 003.5 212.5  55.2 0.030720 0.018163 0.001413 hargrave 2023-09-18 20:00:41 
AF  50 006.2  73.4 026.1  15.0 5.39E-06 003.4 210.3  55.4 0.029626 0.016303 0.000861 hargrave 2023-09-18 20:02:02 
AF  60 006.4  74.6 026.7  16.2 5.14E-06 003.3 208.2  55.9 0.028064 0.014457 0.000877 hargrave 2023-09-18 20:03:23 
AF  70 010.2  73.8 027.3  15.0 4.81E-06 003.3 210.3  56.6 0.025876 0.013926 0.000285 hargrave 2023-09-18 20:04:43 
AF  80 017.8  73.5 029.3  14.1 4.62E-06 003.2 212.1  58.5 0.023508 0.012969 0.000379 hargrave 2023-09-18 20:06:04 
AF  90 018.5  73.8 029.6  14.3 4.37E-06 003.2 211.7  58.8 0.021819 0.012333 0.000805 hargrave 2023-09-18 20:07:25 
AF 100 015.0  74.4 028.8  15.1 4.38E-06 003.2 210.1  58.0 0.022658 0.012135 0.000845 hargrave 2023-09-18 20:08:46 
AF 110 038.6  76.0 035.1  16.0 4.17E-06 002.7 207.7  64.1 0.018409 0.009470 0.001290 hargrave 2023-09-18 20:10:06 
AF 120 038.2  77.1 035.0  17.1 3.82E-06 002.7 205.2  63.8 0.017387 0.007986 0.001101 hargrave 2023-09-18 20:11:27 
AF 130 058.1  74.2 040.6  15.4 3.82E-06 002.3 208.2  69.4 0.013794 0.007084 0.000784 hargrave 2023-09-18 20:12:48 
AF 140 056.2  77.3 039.0  18.1 3.53E-06 002.4 201.5  67.5 0.013941 0.006027 0.001075 hargrave 2023-09-18 20:14:08 
AF 150 064.3  80.6 039.1  21.8 3.78E-06 002.4 192.4  66.6 0.015987 0.004561 0.000632 hargrave 2023-09-18 20:15:28 
AF 160 065.9  79.7 039.8  21.2 3.82E-06 002.4 193.3  67.4 0.015976 0.004794 0.000846 hargrave 2023-09-18 20:16:49 
AF 170 062.6  81.1 038.6  22.1 3.57E-06 002.5 191.9  66.0 0.015768 0.004352 0.000775 hargrave 2023-09-18 20:18:09 
AF 180 055.8  79.5 038.1  20.2 3.55E-06 002.5 196.8  66.2 0.015463 0.005318 0.001103 hargrave 2023-09-18 20:19:30 
AF 190 059.2  78.8 039.0  19.8 3.03E-06 002.4 197.2  67.1 0.012752 0.004691 0.000767 hargrave 2023-09-18 20:20:50 
AF 200 059.1  74.1 040.9  15.4 3.23E-06 002.3 208.0  69.7 0.011709 0.005804 0.000667 hargrave 2023-09-18 20:22:11 
AF 220 076.1  78.9 042.0  21.5 3.05E-06 002.1 190.4  69.2 0.011716 0.003127 0.000820 hargrave 2023-09-18 20:23:34 
AF 240 055.6  76.4 039.2  17.2 2.44E-06 002.5 203.6  67.8 0.009993 0.004491 0.000778 hargrave 2023-09-18 20:24:56 
AF 260 090.4  81.5 041.8  25.1 2.45E-06 002.2 182.0  67.5 0.010268 0.001914 0.001365 hargrave 2023-09-18 20:26:17 
AF 280 064.8  72.2 043.3  14.4 2.10E-06 002.0 210.5  72.0 0.006829 0.003569 0.000480 hargrave 2023-09-18 20:27:37 
AF 300 348.8  81.3 027.3  23.7 2.33E-06 003.2 194.8  55.6 0.014056 0.004241 0.000895 hargrave 2023-09-18 20:28:57 
AF 320 107.7  79.6 045.1  26.6 1.83E-06 002.1 173.9  69.0 0.007554 0.001111 0.001410 hargrave 2023-09-18 20:30:18 
AF 340 087.5  74.4 047.3  20.1 1.99E-06 001.9 188.1  74.3 0.006618 0.001834 0.001423 hargrave 2023-09-18 20:31:38 
AF 360 083.2  53.1 061.1  03.4 1.51E-06 001.6 305.3  80.9 0.003632 0.002317 0.001106 hargrave 2023-09-18 20:32:59 
AF 380 104.1  65.1 058.8  19.2 1.47E-06 001.5 150.3  82.8 0.003508 0.001801 0.001070 hargrave 2023-09-18 20:34:19 
AF 400 111.2  71.3 054.1  24.3 1.17E-06 001.9 158.8  76.2 0.003730 0.001832 0.001397 hargrave 2023-09-18 20:35:40 
AF 420 084.9  40.2 070.6 -05.5 1.18E-06 002.6 335.5  70.0 0.004593 0.002671 0.000981 hargrave 2023-09-18 20:37:05 
AF 440 089.4  50.7 065.5  04.3 1.43E-06 001.4 334.1  80.9 0.003137 0.001483 0.001100 hargrave 2023-09-18 20:38:25 
AF 460 127.1  51.0 077.8  24.7 1.30E-06 002.0 079.6  70.5 0.001965 0.004294 0.001343 hargrave 2023-09-18 20:39:46 
AF 480 121.7  33.0 093.8  14.1 1.16E-06 003.7 045.3  58.7 0.005666 0.004808 0.001494 hargrave 2023-09-18 20:41:07 
AF 500 080.7  33.8 072.3 -12.5 8.74E-07 002.7 332.0  62.9 0.003641 0.001816 0.001538 hargrave 2023-09-18 20:42:31 
AF 520 085.3  35.9 073.7 -08.4 1.31E-06 002.6 339.1  65.9 0.005435 0.002467 0.001755 hargrave 2023-09-18 20:43:51 
AF 540 075.7  42.4 063.8 -08.1 1.28E-06 002.8 314.7  69.3 0.003944 0.004447 0.001858 hargrave 2023-09-18 20:45:16 
AF 560 086.4  38.5 072.6 -05.9 1.11E-06 002.4 339.8  68.6 0.004044 0.002103 0.001497 hargrave 2023-09-18 20:46:40 
AF 580 099.9  32.0 084.8 -02.0 1.46E-06 003.2 008.0  62.8 0.008087 0.003469 0.000594 hargrave 2023-09-18 20:48:00 
AF 600 106.7  41.0 080.7  07.7 9.34E-07 003.0 026.1  70.6 0.003846 0.003105 0.000879 hargrave 2023-09-18 20:49:20 
AF 650 098.9  48.5 071.2  07.6 1.39E-06 002.0 011.9  79.4 0.003974 0.002670 0.001174 hargrave 2023-09-18 20:50:45 
AF 700 080.6  45.0 065.0 -03.9 1.21E-06 002.5 320.5  73.3 0.004188 0.003252 0.000741 hargrave 2023-09-18 20:52:05 
AF 750 108.8  46.6 076.7  12.0 1.14E-06 002.2 038.3  75.3 0.003617 0.002552 0.000842 hargrave 2023-09-18 20:53:25 
AF 800 135.2  57.2 072.2  30.8 1.12E-06 002.0 102.4  69.3 0.002139 0.003512 0.000231 hargrave 2023-09-18 20:54:46 
AF 850 132.7  75.2 051.1  31.1 8.80E-07 002.1 154.6  69.0 0.002894 0.001740 0.001466 hargrave 2023-09-18 20:56:06 
AF 900 044.1  63.1 038.6  03.4 7.77E-07 002.6 238.5  65.4 0.002345 0.002453 0.001501 hargrave 2023-09-18 20:57:27 
AF 950 002.1  78.8 027.7  20.4 1.47E-06 003.3 200.6  56.6 0.008359 0.003463 0.000799 hargrave 2023-09-18 20:58:47 
AF1000 120.1  59.0 068.1  23.5 9.29E-07 001.8 100.4  77.4 0.001680 0.002627 0.001080 hargrave 2023-09-18 21:00:08 
