MF8- 64a sun compass orientation
  127.3 204.1  36.0 304.0  60.0   1.0
NRM    008.8  62.5 022.6  04.7 7.24E-06 002.3 215.7  40.2 0.027260 0.014123 0.003099 hargrave 2023-09-26 22:11:07 
AF  10 008.5  62.1 022.3  04.3 6.99E-06 002.3 216.0  39.8 0.026411 0.013455 0.003070 hargrave 2023-09-26 22:12:29 
AF  20 009.9  61.5 022.7  03.5 6.67E-06 002.3 217.2  39.9 0.025074 0.013488 0.003101 hargrave 2023-09-26 22:13:49 
AF  30 011.5  61.0 023.3  02.8 6.32E-06 002.3 218.3  40.2 0.023872 0.012115 0.002923 hargrave 2023-09-26 22:15:10 
AF  40 011.4  60.3 023.0  02.2 6.00E-06 002.3 218.9  39.7 0.022733 0.012037 0.002853 hargrave 2023-09-26 22:16:30 
AF  50 011.5  60.2 023.0  02.1 5.82E-06 002.4 219.0  39.7 0.022195 0.011840 0.002953 hargrave 2023-09-26 22:17:51 
AF  60 013.3  59.8 023.7  01.4 5.52E-06 002.4 220.2  40.1 0.020887 0.011506 0.002771 hargrave 2023-09-26 22:19:12 
AF  70 013.9  59.5 024.0  01.1 5.36E-06 002.4 220.7  40.1 0.020145 0.011219 0.002619 hargrave 2023-09-26 22:20:32 
AF  80 013.0  58.9 023.3  00.6 5.28E-06 002.4 221.0  39.3 0.020054 0.011438 0.002732 hargrave 2023-09-26 22:21:53 
AF  90 012.8  56.4 022.4 -01.7 4.96E-06 002.4 223.2  37.6 0.018872 0.011385 0.002523 hargrave 2023-09-26 22:23:13 
AF 100 012.3  57.0 022.4 -01.1 4.79E-06 002.3 222.4  37.8 0.016745 0.010819 0.002077 hargrave 2023-09-26 22:24:35 
AF 110 016.2  56.2 024.2 -02.5 4.69E-06 002.4 225.0  38.9 0.017516 0.010732 0.002185 hargrave 2023-09-26 22:25:55 
AF 120 012.3  56.7 022.3 -01.3 4.55E-06 002.5 222.7  37.6 0.017611 0.010147 0.002170 hargrave 2023-09-26 22:27:16 
AF 130 014.1  54.8 022.7 -03.5 4.28E-06 002.5 225.3  37.0 0.016480 0.010081 0.002141 hargrave 2023-09-26 22:28:37 
AF 140 011.0  55.0 021.0 -02.8 3.93E-06 002.5 223.7  35.9 0.014954 0.009435 0.001785 hargrave 2023-09-26 22:29:58 
AF 150 014.2  53.0 022.2 -05.2 4.23E-06 002.5 226.9  35.9 0.016310 0.009996 0.002195 hargrave 2023-09-26 22:31:19 
AF 160 011.4  52.2 020.3 -05.4 3.91E-06 002.6 226.2  34.1 0.015404 0.009393 0.002034 hargrave 2023-09-26 22:32:39 
AF 170 017.7  53.6 024.4 -05.2 3.75E-06 002.4 228.2  37.8 0.013906 0.008651 0.001731 hargrave 2023-09-26 22:34:00 
AF 180 018.9  54.6 025.3 -04.4 3.82E-06 002.4 227.9  38.9 0.013925 0.008777 0.001729 hargrave 2023-09-26 22:35:21 
AF 190 015.8  48.9 022.0 -09.5 3.46E-06 002.6 231.4  33.6 0.013269 0.008945 0.001885 hargrave 2023-09-26 22:36:42 
AF 200 013.9  54.2 022.3 -04.1 3.52E-06 002.5 225.8  36.5 0.013709 0.008156 0.001783 hargrave 2023-09-26 22:38:02 
AF 220 021.5  46.2 025.2 -13.0 2.97E-06 002.5 237.0  34.4 0.010765 0.008463 0.001760 hargrave 2023-09-26 22:39:23 
AF 240 004.2  44.0 012.6 -11.2 2.81E-06 002.8 228.2  24.7 0.011972 0.007772 0.001703 hargrave 2023-09-26 22:40:44 
AF 260 003.9  48.9 014.6 -06.7 3.04E-06 002.7 224.6  28.5 0.012868 0.008083 0.001811 hargrave 2023-09-26 22:42:04 
AF 280 004.3  46.4 013.7 -09.0 2.42E-06 002.8 226.6  26.6 0.010337 0.006803 0.001615 hargrave 2023-09-26 22:43:25 
AF 300 002.6  45.0 012.1 -09.7 2.48E-06 002.8 226.5  24.8 0.010891 0.006695 0.001468 hargrave 2023-09-26 22:44:46 
AF 320 007.7  40.2 013.5 -15.7 2.17E-06 002.8 232.9  23.3 0.009188 0.006563 0.001349 hargrave 2023-09-26 22:46:06 
AF 340 021.8  48.6 025.8 -10.6 2.10E-06 002.5 235.0  36.2 0.007663 0.005665 0.001285 hargrave 2023-09-26 22:47:27 
AF 360 022.5  47.5 026.1 -11.8 2.08E-06 002.6 236.3  35.8 0.007720 0.005782 0.001296 hargrave 2023-09-26 22:48:48 
AF 380 012.1  43.5 017.8 -13.8 2.17E-06 002.7 233.4  27.9 0.008658 0.006167 0.001496 hargrave 2023-09-26 22:50:08 
AF 400 009.3  57.6 021.0 -00.0 2.05E-06 002.5 220.5  37.0 0.008290 0.004739 0.001165 hargrave 2023-09-26 22:51:30 
AF 420 027.3  44.1 029.0 -15.7 2.07E-06 002.4 242.3  35.9 0.007162 0.005897 0.001129 hargrave 2023-09-26 22:52:51 
AF 440 029.5  46.1 030.8 -13.8 2.16E-06 002.3 241.8  38.4 0.007023 0.005875 0.001145 hargrave 2023-09-26 22:54:12 
AF 460 036.3  47.0 035.6 -13.0 2.10E-06 002.2 244.8  42.6 0.006127 0.005436 0.001509 hargrave 2023-09-26 22:55:33 
AF 480 027.2  42.8 028.8 -16.9 2.04E-06 002.4 243.3  35.0 0.006761 0.006049 0.001592 hargrave 2023-09-26 22:56:53 
AF 500 030.9  43.6 031.6 -16.4 1.72E-06 002.3 244.9  37.4 0.005509 0.005152 0.001200 hargrave 2023-09-26 22:58:14 
AF 520 031.1  55.8 032.4 -04.2 2.18E-06 002.3 232.3  45.2 0.007286 0.005190 0.000959 hargrave 2023-09-26 22:59:35 
AF 540 022.7  47.3 026.2 -12.0 1.99E-06 002.5 236.7  35.8 0.007234 0.005558 0.001168 hargrave 2023-09-26 23:00:55 
AF 560 024.6  43.1 026.9 -16.4 1.48E-06 002.5 241.5  33.8 0.005307 0.004274 0.001267 hargrave 2023-09-26 23:02:16 
AF 580 019.5  48.0 024.2 -10.9 1.54E-06 002.5 234.2  34.7 0.005553 0.004555 0.001221 hargrave 2023-09-26 23:03:38 
AF 600 017.2  54.3 024.2 -04.5 1.39E-06 002.6 227.4  38.0 0.005623 0.003383 0.001221 hargrave 2023-09-26 23:04:59 
AF 650 348.3  49.8 006.5 -00.5 1.01E-06 002.9 214.8  23.3 0.005125 0.002467 0.001063 hargrave 2023-09-26 23:06:19 
AF 700 012.0  37.8 015.8 -19.1 8.76E-07 002.8 237.4  23.5 0.003507 0.002996 0.001071 hargrave 2023-09-26 23:07:40 
AF 750 033.5  35.1 033.5 -24.9 1.05E-06 002.2 254.1  32.9 0.002709 0.003477 0.001497 hargrave 2023-09-26 23:09:01 
AF 800 034.1  13.6 034.1 -46.4 9.85E-07 001.8 269.9  16.8 0.002506 0.003994 0.001081 hargrave 2023-09-26 23:10:22 
AF 850 063.8  29.4 062.3 -24.1 8.84E-07 002.3 283.5  46.4 0.001639 0.002857 0.001625 hargrave 2023-09-26 23:11:43 
AF 900 019.7  39.3 022.3 -19.4 8.72E-07 002.6 241.4  28.5 0.003326 0.002752 0.000872 hargrave 2023-09-26 23:13:04 
AF 950 097.7  58.6 062.6  13.1 6.55E-07 001.7 236.3  79.8 0.001454 0.001208 0.001051 hargrave 2023-09-26 23:14:25 
AF1000 028.1  45.4 029.8 -14.4 7.25E-07 002.6 241.6  37.2 0.002484 0.002434 0.000742 hargrave 2023-09-26 23:15:47 
