MF8- 54a sun compass orientation
  102.5 175.6  20.0 304.0  60.0   1.0
NRM    004.6  62.6 020.9  05.6 5.95E-06 002.0 242.5  59.2 0.015000 0.013893 0.004115 hargrave 2023-09-25 18:40:32 
AF  10 005.2  62.4 021.0  05.3 5.75E-06 001.9 243.2  59.2 0.013098 0.013676 0.004372 hargrave 2023-09-25 18:41:54 
AF  20 006.7  61.5 021.3  04.2 5.44E-06 001.9 245.4  59.0 0.012311 0.013573 0.004298 hargrave 2023-09-25 18:43:15 
AF  30 008.8  60.2 021.8  02.6 5.09E-06 001.9 248.5  58.7 0.010926 0.013070 0.003997 hargrave 2023-09-25 18:44:36 
AF  40 010.3  59.7 022.3  01.8 4.80E-06 001.7 250.3  58.8 0.009918 0.010577 0.003857 hargrave 2023-09-25 18:46:00 
AF  50 008.1  57.6 020.5  00.3 4.57E-06 001.9 251.0  56.5 0.009778 0.012301 0.003837 hargrave 2023-09-25 18:47:21 
AF  60 010.5  57.0 021.5 -00.8 4.18E-06 001.8 253.6  56.7 0.008495 0.010068 0.003403 hargrave 2023-09-25 18:48:45 
AF  70 013.1  56.2 022.5 -02.0 3.93E-06 001.7 256.5  56.9 0.007563 0.009690 0.003354 hargrave 2023-09-25 18:50:10 
AF  80 011.9  54.8 021.5 -03.1 3.78E-06 001.9 257.0  55.4 0.007700 0.011306 0.003187 hargrave 2023-09-25 18:51:31 
AF  90 012.4  54.1 021.5 -03.9 3.51E-06 001.9 258.2  55.0 0.006970 0.010700 0.003035 hargrave 2023-09-25 18:52:53 
AF 100 014.0  52.0 021.8 -06.1 3.16E-06 001.9 261.6  53.8 0.005981 0.009621 0.002964 hargrave 2023-09-25 18:54:14 
AF 110 013.9  52.1 021.7 -06.0 2.98E-06 002.0 261.4  53.8 0.005781 0.009428 0.002694 hargrave 2023-09-25 18:55:35 
AF 120 016.4  53.5 023.6 -05.1 2.90E-06 001.7 262.1  55.8 0.005375 0.007378 0.002101 hargrave 2023-09-25 18:56:59 
AF 130 015.5  52.2 022.7 -06.2 2.59E-06 001.8 262.7  54.5 0.005112 0.007100 0.002357 hargrave 2023-09-25 18:58:23 
AF 140 018.3  48.8 023.6 -10.0 2.45E-06 001.9 268.3  52.5 0.004485 0.008092 0.002095 hargrave 2023-09-25 18:59:45 
AF 150 013.6  51.4 021.3 -06.7 2.42E-06 002.0 261.8  53.1 0.004723 0.007969 0.002291 hargrave 2023-09-25 19:01:05 
AF 160 017.6  46.9 022.7 -11.7 2.23E-06 002.0 269.2  50.7 0.004179 0.007802 0.002190 hargrave 2023-09-25 19:02:26 
AF 170 010.7  49.7 019.0 -07.7 2.19E-06 002.1 260.7  50.7 0.004613 0.007734 0.001869 hargrave 2023-09-25 19:03:47 
AF 180 016.5  49.9 022.7 -08.6 1.97E-06 001.8 265.7  52.9 0.003796 0.005701 0.002078 hargrave 2023-09-25 19:05:13 
AF 190 011.3  50.0 019.5 -07.5 2.04E-06 002.1 260.9  51.2 0.004347 0.007145 0.001898 hargrave 2023-09-25 19:06:33 
AF 200 019.0  48.2 023.9 -10.6 1.93E-06 002.2 269.4  52.3 0.004063 0.006887 0.002023 hargrave 2023-09-25 19:07:54 
AF 220 016.0  47.9 021.8 -10.4 1.79E-06 002.2 266.9  51.0 0.003821 0.006372 0.002052 hargrave 2023-09-25 19:09:15 
AF 240 020.3  47.1 024.5 -12.0 1.44E-06 002.3 271.6  51.7 0.003178 0.005377 0.002178 hargrave 2023-09-25 19:10:36 
AF 260 022.8  52.7 027.2 -06.7 1.46E-06 002.1 268.7  57.4 0.002695 0.004950 0.001630 hargrave 2023-09-25 19:11:57 
AF 280 020.8  49.1 025.2 -10.0 1.27E-06 002.4 270.3  53.7 0.002848 0.004930 0.001761 hargrave 2023-09-25 19:13:18 
AF 300 014.2  43.6 019.3 -14.2 1.30E-06 002.3 268.4  46.6 0.002801 0.005161 0.001828 hargrave 2023-09-25 19:14:39 
AF 320 017.4  52.8 024.0 -05.9 1.01E-06 002.4 263.7  55.6 0.002479 0.003640 0.001494 hargrave 2023-09-25 19:16:00 
AF 340 034.1  46.2 034.0 -13.8 1.00E-06 002.4 286.2  55.7 0.002149 0.003690 0.001377 hargrave 2023-09-25 19:17:21 
AF 360 025.1  47.2 027.8 -12.4 9.37E-07 002.5 276.1  53.5 0.002121 0.003847 0.001164 hargrave 2023-09-25 19:18:43 
AF 380 022.0  44.2 025.1 -15.0 1.04E-06 002.6 275.4  49.8 0.002554 0.004307 0.001516 hargrave 2023-09-25 19:20:04 
AF 400 022.5  51.7 026.8 -07.7 1.03E-06 002.3 269.5  56.4 0.002159 0.003741 0.001267 hargrave 2023-09-25 19:21:25 
AF 420 013.8  49.9 021.0 -08.1 9.89E-07 002.4 263.2  51.9 0.002223 0.003684 0.001609 hargrave 2023-09-25 19:22:47 
AF 440 003.5  61.1 019.8  04.4 9.96E-07 002.4 243.7  57.7 0.002732 0.003079 0.001368 hargrave 2023-09-25 19:24:08 
AF 460 011.2  53.3 020.6 -04.4 8.90E-07 002.2 258.0  53.9 0.001875 0.002999 0.001174 hargrave 2023-09-25 19:25:29 
AF 480 356.3  59.0 015.6  04.3 9.71E-07 002.5 240.9  53.8 0.002874 0.003220 0.001162 hargrave 2023-09-25 19:26:50 
AF 500 015.4  52.3 022.7 -06.1 7.85E-07 002.5 262.4  54.6 0.001904 0.003054 0.001292 hargrave 2023-09-25 19:28:11 
AF 520 042.1  73.8 036.3  13.9 9.52E-07 001.9 234.4  76.3 0.002097 0.002099 0.001015 hargrave 2023-09-25 19:29:33 
AF 540 002.5  54.9 016.5 -00.9 1.13E-06 002.3 249.4  52.4 0.002723 0.003917 0.001343 hargrave 2023-09-25 19:30:54 
AF 560 010.1  53.0 019.9 -04.4 8.97E-07 002.4 257.3  53.4 0.002200 0.003286 0.001162 hargrave 2023-09-25 19:32:15 
AF 580 007.7  55.6 019.5 -01.5 7.50E-07 002.4 252.8  54.6 0.002042 0.002649 0.001134 hargrave 2023-09-25 19:33:36 
AF 600 351.2  48.4 007.1 -02.8 7.23E-07 002.8 245.4  43.2 0.002381 0.002901 0.000952 hargrave 2023-09-25 19:34:57 
AF 650 017.8  56.4 025.1 -02.5 6.07E-07 002.6 260.3  58.7 0.001482 0.002260 0.001192 hargrave 2023-09-25 19:36:19 
AF 700 039.7  55.3 037.3 -04.5 7.12E-07 002.2 282.6  65.3 0.001428 0.002382 0.001117 hargrave 2023-09-25 19:37:40 
AF 750 016.9  66.4 027.2  07.3 5.76E-07 002.6 244.7  65.6 0.001478 0.002006 0.000894 hargrave 2023-09-25 19:39:01 
AF 800 030.9  47.2 031.8 -12.8 7.45E-07 002.6 282.0  55.5 0.001893 0.002589 0.001693 hargrave 2023-09-25 19:40:22 
AF 850 042.8  49.7 039.8 -09.9 6.90E-07 002.6 292.9  61.5 0.001698 0.002421 0.001189 hargrave 2023-09-25 19:41:44 
AF 900 073.1  34.2 066.8 -15.9 7.02E-07 002.9 342.4  53.6 0.003170 0.002312 0.000800 hargrave 2023-09-25 19:43:05 
AF 950 077.2  45.6 062.8 -04.9 6.75E-07 002.4 345.9  65.2 0.002391 0.001653 0.001118 hargrave 2023-09-25 19:44:28 
AF1000 076.8  32.5 070.5 -15.5 7.97E-07 002.6 347.8  52.2 0.003499 0.002136 0.000853 hargrave 2023-09-25 19:45:50 
