MF8- 77a sun compass orientation
  20.53  91.0  51.0 304.0  60.0   1.0
NRM    043.6  70.8 037.2  11.0 6.66E-06 002.6 159.0  51.5 0.033714 0.013129 0.006016 hargrave 2024-03-23 19:00:28 
AF  10 045.2  70.7 037.7  11.1 6.40E-06 002.6 158.5  51.1 0.032452 0.012207 0.006047 hargrave 2024-03-23 19:01:49 
AF  20 046.5  70.6 038.2  11.0 6.13E-06 002.6 158.0  50.8 0.031143 0.012105 0.005760 hargrave 2024-03-23 19:03:09 
AF  30 047.8  70.3 038.7  10.8 5.90E-06 002.6 157.2  50.5 0.029568 0.012427 0.006087 hargrave 2024-03-23 19:04:29 
AF  40 049.2  69.9 039.2  10.5 5.59E-06 002.7 156.4  50.3 0.028312 0.011724 0.006016 hargrave 2024-03-23 19:05:50 
AF  50 049.1  69.4 039.3  10.0 5.44E-06 002.7 155.7  50.5 0.027257 0.011415 0.005897 hargrave 2024-03-23 19:07:10 
AF  60 052.2  68.1 040.8  09.1 5.11E-06 002.7 153.2  49.9 0.024815 0.012133 0.005718 hargrave 2024-03-23 19:08:30 
AF  70 055.3  67.7 042.0  09.0 4.92E-06 002.6 152.0  49.0 0.024045 0.011222 0.005872 hargrave 2024-03-23 19:09:50 
AF  80 053.5  65.8 041.9  07.0 4.72E-06 002.6 149.5  50.2 0.022105 0.011285 0.005830 hargrave 2024-03-23 19:11:11 
AF  90 053.9  65.4 042.2  06.6 4.54E-06 002.7 148.8  50.1 0.021118 0.012076 0.005901 hargrave 2024-03-23 19:12:33 
AF 100 051.0  65.9 040.9  06.8 4.60E-06 002.7 150.0  51.1 0.021510 0.011795 0.005782 hargrave 2024-03-23 19:13:53 
AF 110 054.1  65.2 042.4  06.5 4.28E-06 002.7 148.4  50.1 0.020262 0.010775 0.005852 hargrave 2024-03-23 19:15:13 
AF 120 053.6  64.0 042.5  05.2 4.20E-06 002.7 146.7  50.6 0.019183 0.010893 0.005509 hargrave 2024-03-23 19:16:33 
AF 130 056.9  66.5 043.0  08.1 4.17E-06 002.7 150.0  48.6 0.020393 0.009851 0.005561 hargrave 2024-03-23 19:17:53 
AF 140 057.9  66.3 043.4  08.0 4.13E-06 002.7 149.6  48.3 0.020029 0.009863 0.005533 hargrave 2024-03-23 19:19:13 
AF 150 056.6  65.5 043.2  07.1 4.05E-06 002.7 148.5  49.0 0.019563 0.010063 0.005639 hargrave 2024-03-23 19:20:33 
AF 160 062.4  65.2 045.6  07.8 3.84E-06 002.7 147.6  46.7 0.018773 0.009889 0.005869 hargrave 2024-03-23 19:21:54 
AF 170 063.5  64.0 046.6  06.8 3.82E-06 002.7 145.8  46.3 0.018044 0.009843 0.005880 hargrave 2024-03-23 19:23:17 
AF 180 061.5  65.4 045.2  07.8 3.65E-06 002.8 147.9  47.0 0.017843 0.009669 0.005705 hargrave 2024-03-23 19:24:38 
AF 190 057.4  65.7 043.5  07.4 3.58E-06 002.6 148.7  48.7 0.017110 0.008351 0.005610 hargrave 2024-03-23 19:25:59 
AF 200 059.0  64.3 044.6  06.3 3.54E-06 002.6 146.5  48.2 0.016300 0.008295 0.005304 hargrave 2024-03-23 19:27:19 
AF 220 053.7  61.1 043.4  02.5 3.32E-06 002.5 142.2  51.1 0.013589 0.008615 0.004693 hargrave 2024-03-23 19:28:39 
AF 240 059.3  65.0 044.5  07.0 3.32E-06 002.6 147.4  48.0 0.015595 0.008184 0.004385 hargrave 2024-03-23 19:29:59 
AF 260 054.5  66.0 042.2  07.3 3.14E-06 002.6 149.6  49.7 0.014947 0.007070 0.004269 hargrave 2024-03-23 19:31:19 
AF 280 051.8  63.3 041.9  04.4 2.75E-06 002.5 146.0  51.5 0.012118 0.007125 0.003622 hargrave 2024-03-23 19:32:39 
AF 300 059.8  68.8 043.2  10.7 2.75E-06 002.7 153.0  47.1 0.014872 0.005559 0.002831 hargrave 2024-03-23 19:34:03 
AF 320 054.3  67.1 041.8  08.3 2.66E-06 002.6 151.3  49.5 0.013036 0.006333 0.002881 hargrave 2024-03-23 19:35:23 
AF 340 047.1  67.3 039.1  07.8 2.73E-06 002.6 153.1  52.1 0.013600 0.006239 0.002559 hargrave 2024-03-23 19:36:43 
AF 360 042.7  69.3 037.1  09.5 2.46E-06 002.4 157.2  52.5 0.011269 0.004769 0.002237 hargrave 2024-03-23 19:38:08 
AF 380 055.1  64.5 043.0  05.9 2.31E-06 002.6 147.2  49.9 0.010829 0.005989 0.002194 hargrave 2024-03-23 19:39:29 
AF 400 057.2  69.6 042.0  11.0 1.91E-06 002.6 154.5  47.8 0.009786 0.004506 0.002630 hargrave 2024-03-23 19:40:49 
AF 420 038.3  61.4 036.0  01.5 2.04E-06 002.5 146.8  58.1 0.008651 0.005279 0.002849 hargrave 2024-03-23 19:42:10 
AF 440 045.9  69.2 038.3  09.6 2.01E-06 002.4 156.2  51.6 0.009844 0.004109 0.002445 hargrave 2024-03-23 19:43:30 
AF 460 045.8  67.8 038.5  08.2 2.34E-06 002.4 154.2  52.3 0.010861 0.004924 0.002401 hargrave 2024-03-23 19:44:50 
AF 480 081.9  62.1 054.6  09.8 2.03E-06 002.9 144.2  37.9 0.010285 0.006930 0.002859 hargrave 2024-03-23 19:46:10 
AF 500 109.6  68.8 056.3  22.9 1.89E-06 002.6 156.8  29.8 0.011485 0.005409 0.002025 hargrave 2024-03-23 19:47:31 
AF 520 085.3  59.5 057.7  09.0 1.92E-06 003.0 141.6  35.5 0.009643 0.006931 0.002122 hargrave 2024-03-23 19:48:51 
AF 540 117.9  60.2 066.4  22.8 1.82E-06 002.9 151.5  21.8 0.010702 0.006432 0.002062 hargrave 2024-03-23 19:50:11 
AF 560 101.0  61.8 061.0  16.3 1.63E-06 003.0 147.7  29.4 0.008623 0.005996 0.002226 hargrave 2024-03-23 19:51:32 
AF 580 090.4  71.4 050.3  18.7 1.37E-06 002.9 156.5  36.8 0.008261 0.004143 0.001224 hargrave 2024-03-23 19:52:52 
AF 600 127.3  50.4 078.4  24.7 1.47E-06 003.1 148.5  11.1 0.009011 0.005941 0.001620 hargrave 2024-03-23 19:54:12 
