MF8- 32a mag compass orientation (IGRF corrected)
   55.7 205.1  39.0 304.0  60.0   1.0
NRM    313.3  86.1 029.6  29.3 8.31E-06 002.6 181.8  47.3 0.045970 0.011830 0.007860 hargrave 2023-09-10 22:19:11 
AF  10 305.4  84.8 028.0  29.7 8.03E-06 002.6 181.3  45.8 0.047387 0.011846 0.008049 hargrave 2023-09-10 22:20:33 
AF  20 300.7  84.6 027.7  30.2 7.70E-06 002.7 180.7  45.6 0.046389 0.011060 0.008468 hargrave 2023-09-10 22:21:53 
AF  30 293.6  84.8 028.0  30.8 7.32E-06 002.7 179.8  45.8 0.044920 0.009991 0.007793 hargrave 2023-09-10 22:23:13 
AF  40 291.0  84.8 028.1  31.0 7.01E-06 002.6 179.5  45.8 0.042413 0.007911 0.007737 hargrave 2023-09-10 22:24:37 
AF  50 277.4  84.2 027.9  32.4 6.71E-06 002.7 177.5  45.5 0.041976 0.008505 0.007080 hargrave 2023-09-10 22:25:58 
AF  60 279.2  84.2 027.8  32.3 6.72E-06 002.7 177.7  45.4 0.041878 0.008109 0.007567 hargrave 2023-09-10 22:27:19 
AF  70 274.2  85.5 029.3  32.2 6.22E-06 002.8 177.6  46.7 0.039148 0.006693 0.007106 hargrave 2023-09-10 22:28:39 
AF  80 251.8  82.5 028.4  35.8 5.84E-06 002.8 172.7  45.3 0.038052 0.006687 0.006719 hargrave 2023-09-10 22:30:00 
AF  90 243.2  83.3 029.9  35.8 5.59E-06 002.9 172.3  46.6 0.036498 0.006023 0.006623 hargrave 2023-09-10 22:31:20 
AF 100 224.4  80.2 031.7  39.7 5.21E-06 002.9 166.3  46.9 0.033301 0.006869 0.006252 hargrave 2023-09-10 22:32:41 
AF 110 222.1  77.2 031.6  42.7 4.90E-06 003.0 162.3  45.8 0.031731 0.007738 0.006170 hargrave 2023-09-10 22:34:01 
AF 120 227.6  74.8 029.0  44.7 4.69E-06 003.1 160.5  43.4 0.031212 0.008454 0.006119 hargrave 2023-09-10 22:35:21 
AF 130 223.5  77.2 031.2  42.6 4.56E-06 003.0 162.5  45.5 0.029745 0.007102 0.005810 hargrave 2023-09-10 22:36:42 
AF 140 213.7  72.8 034.1  47.2 4.25E-06 003.2 155.3  45.6 0.026906 0.009276 0.005404 hargrave 2023-09-10 22:38:02 
AF 150 217.1  70.5 032.4  49.5 3.85E-06 003.4 153.2  43.5 0.025148 0.009530 0.006315 hargrave 2023-09-10 22:39:22 
AF 160 215.1  69.0 033.4  51.0 3.75E-06 003.4 151.0  43.3 0.023870 0.009844 0.005012 hargrave 2023-09-10 22:40:42 
AF 170 218.9  67.7 031.0  52.2 3.78E-06 003.5 150.5  41.5 0.024349 0.010651 0.004362 hargrave 2023-09-10 22:42:03 
AF 180 212.7  60.6 035.2  59.4 3.90E-06 003.7 140.9  39.5 0.022306 0.014816 0.003796 hargrave 2023-09-10 22:43:24 
AF 190 215.7  65.9 032.8  54.1 3.53E-06 003.6 147.6  41.5 0.021638 0.010971 0.004738 hargrave 2023-09-10 22:44:44 
AF 200 211.7  60.7 036.2  59.3 3.41E-06 004.1 140.6  39.9 0.019028 0.017475 0.005351 hargrave 2023-09-10 22:46:05 
AF 220 204.3  56.9 045.4  62.3 3.50E-06 003.7 133.6  40.9 0.017229 0.015104 0.004274 hargrave 2023-09-10 22:47:26 
AF 240 206.8  54.9 043.7  64.5 2.69E-06 003.8 132.6  38.7 0.013547 0.012567 0.004566 hargrave 2023-09-10 22:48:46 
AF 260 206.7  51.6 046.1  67.7 3.14E-06 003.8 129.2  36.8 0.014720 0.015713 0.004846 hargrave 2023-09-10 22:50:07 
AF 280 208.3  44.0 050.3  75.3 2.73E-06 003.8 123.1  30.9 0.011193 0.015908 0.004761 hargrave 2023-09-10 22:51:27 
AF 300 184.6  58.5 060.7  55.1 2.43E-06 003.3 128.9  51.1 0.009464 0.010579 0.004076 hargrave 2023-09-10 22:52:47 
AF 320 200.6  46.0 063.4  70.9 2.67E-06 003.5 120.7  36.4 0.009344 0.015096 0.003971 hargrave 2023-09-10 22:54:08 
AF 340 202.4  52.0 052.1  66.4 2.49E-06 003.8 127.5  39.1 0.010940 0.012703 0.004036 hargrave 2023-09-10 22:55:28 
AF 360 207.3  36.2 074.2  81.6 2.61E-06 003.4 116.2  26.1 0.008212 0.016831 0.004168 hargrave 2023-09-10 22:56:48 
AF 380 203.5  43.4 063.2  74.3 2.44E-06 003.6 119.8  33.1 0.008860 0.014904 0.004606 hargrave 2023-09-10 22:58:08 
AF 400 199.2  22.1 151.2  74.5 2.46E-06 001.9 100.0  20.7 0.001774 0.018793 0.003654 hargrave 2023-09-10 22:59:29 
AF 420 190.3  17.9 147.9  65.2 2.36E-06 001.9 090.2  23.1 0.002355 0.018502 0.002075 hargrave 2023-09-10 23:00:49 
AF 440 191.4  22.5 139.1  68.5 1.78E-06 002.0 094.5  25.8 0.000921 0.013953 0.004548 hargrave 2023-09-10 23:02:09 
AF 460 183.7  29.1 118.4  63.7 1.84E-06 002.5 094.1  35.3 0.001074 0.014461 0.004311 hargrave 2023-09-10 23:03:30 
AF 480 200.0  26.3 137.4  77.1 2.01E-06 002.3 103.6  23.2 0.002398 0.014256 0.004247 hargrave 2023-09-10 23:04:49 
AF 500 192.8  20.1 146.4  68.4 2.16E-06 001.8 093.8  23.2 0.001314 0.015836 0.004438 hargrave 2023-09-10 23:06:09 
AF 520 180.9  13.1 145.7  55.1 2.21E-06 003.0 079.4  25.3 0.006193 0.018105 0.003984 hargrave 2023-09-10 23:07:30 
AF 540 215.5 -08.9 216.3  51.1 2.90E-06 001.3 092.4 -13.4 0.002616 0.021263 0.002978 hargrave 2023-09-10 23:08:50 
AF 560 195.4  00.6 179.5  55.6 1.92E-06 002.2 082.8  06.6 0.005119 0.015727 0.002999 hargrave 2023-09-10 23:10:10 
AF 580 189.2  11.3 157.7  60.3 1.99E-06 002.4 084.8  18.8 0.004852 0.015175 0.004020 hargrave 2023-09-10 23:11:29 
AF 600 197.2 -21.1 194.4  36.4 2.39E-06 004.1 070.5 -11.5 0.010474 0.019225 0.003614 hargrave 2023-09-10 23:12:50 
AF 650 191.6 -10.8 182.7  43.9 1.90E-06 003.6 072.8 -00.1 0.007977 0.015417 0.001996 hargrave 2023-09-10 23:14:10 
AF 700 193.8 -19.0 189.7  37.3 2.61E-06 004.1 069.4 -07.8 0.012734 0.019472 0.003805 hargrave 2023-09-10 23:15:30 
AF 750 183.2  12.7 148.5  56.7 1.40E-06 003.5 081.0  23.6 0.004859 0.010420 0.004956 hargrave 2023-09-10 23:16:50 
AF 800 199.9 -46.6 204.1  12.4 2.28E-06 005.0 053.6 -31.7 0.013964 0.014186 0.003832 hargrave 2023-09-10 23:18:10 
AF 850 160.6  04.7 139.8  33.8 1.25E-06 005.4 055.4  30.2 0.008074 0.007688 0.004770 hargrave 2023-09-10 23:19:31 
AF 900 140.8 -25.5 154.2  00.7 1.51E-06 004.4 023.5  10.2 0.014807 0.005544 0.003420 hargrave 2023-09-10 23:20:51 
AF 950 148.8 -13.9 149.1  13.4 1.64E-06 005.4 034.7  18.7 0.014292 0.008212 0.004133 hargrave 2023-09-10 23:22:12 
AF1000 111.6 -02.6 120.1 -12.0 1.24E-06 003.1 355.7  36.3 0.009843 0.001017 0.004052 hargrave 2023-09-10 23:23:33 
