MF8- 22a mag compass orientation (IGRF corrected)
     28 219.1  35.0 304.0  60.0   1.0
NRM    302.0  73.4 014.9  29.2 4.72E-06 002.7 177.4  38.5 0.032725 0.007389 0.001345 hargrave 2023-09-09 03:21:42 
AF  10 300.8  73.0 014.4  29.5 4.52E-06 002.7 176.9  38.1 0.032465 0.006519 0.001246 hargrave 2023-09-09 03:23:03 
AF  20 299.6  73.6 015.1  29.9 4.43E-06 002.7 176.6  38.8 0.031560 0.006428 0.001004 hargrave 2023-09-09 03:24:24 
AF  30 300.3  74.3 015.9  29.8 4.27E-06 002.7 176.9  39.5 0.030486 0.006224 0.000891 hargrave 2023-09-09 03:25:45 
AF  40 302.0  73.2 014.7  29.2 4.07E-06 002.7 177.4  38.3 0.029548 0.006090 0.001158 hargrave 2023-09-09 03:27:06 
AF  50 299.5  73.2 014.5  29.9 3.83E-06 002.8 176.5  38.3 0.028356 0.005712 0.001200 hargrave 2023-09-09 03:28:27 
AF  60 299.0  73.3 014.7  30.0 3.54E-06 002.8 176.3  38.5 0.026286 0.005503 0.000866 hargrave 2023-09-09 03:29:48 
AF  70 303.0  73.7 015.3  29.0 3.38E-06 002.9 177.8  38.8 0.025528 0.005134 0.001197 hargrave 2023-09-09 03:31:09 
AF  80 293.8  71.3 012.3  31.5 3.16E-06 002.8 173.9  36.8 0.024505 0.004740 0.001515 hargrave 2023-09-09 03:32:30 
AF  90 287.4  72.4 013.7  33.5 2.89E-06 002.8 171.8  38.3 0.021857 0.004140 0.001351 hargrave 2023-09-09 03:33:51 
AF 100 296.9  76.2 018.0  30.7 2.68E-06 003.0 176.2  41.4 0.020045 0.003664 0.001807 hargrave 2023-09-09 03:35:12 
AF 110 288.8  75.9 017.8  32.7 2.31E-06 003.0 173.5  41.6 0.017530 0.003138 0.001503 hargrave 2023-09-09 03:36:32 
AF 120 289.1  76.7 018.7  32.5 2.45E-06 003.0 173.9  42.3 0.017851 0.003662 0.001613 hargrave 2023-09-09 03:37:53 
AF 130 290.2  76.0 017.8  32.3 2.26E-06 003.0 174.0  41.6 0.017186 0.003212 0.001362 hargrave 2023-09-09 03:39:14 
AF 140 284.8  72.3 013.7  34.3 2.05E-06 003.0 170.8  38.5 0.015777 0.003267 0.001245 hargrave 2023-09-09 03:40:35 
AF 150 305.8  74.5 016.3  28.3 2.06E-06 003.1 178.8  39.5 0.016408 0.002936 0.001487 hargrave 2023-09-09 03:41:57 
AF 160 291.9  74.0 015.4  32.1 1.83E-06 003.0 173.9  39.5 0.014068 0.002508 0.001619 hargrave 2023-09-09 03:43:18 
AF 170 287.3  74.5 016.2  33.2 1.81E-06 003.0 172.5  40.4 0.014049 0.002522 0.001426 hargrave 2023-09-09 03:44:39 
AF 180 298.4  77.5 019.6  30.4 1.53E-06 003.1 176.9  42.7 0.011345 0.002278 0.001303 hargrave 2023-09-09 03:45:59 
AF 190 318.8  72.6 015.5  24.3 1.79E-06 003.1 183.6  37.8 0.014406 0.003391 0.001021 hargrave 2023-09-09 03:47:21 
AF 200 349.6  76.5 024.0  20.0 1.54E-06 003.7 192.2  44.0 0.011786 0.003657 0.001240 hargrave 2023-09-09 03:48:42 
AF 220 002.2  75.0 025.8  17.0 1.57E-06 003.8 196.9  44.6 0.011866 0.003983 0.001353 hargrave 2023-09-09 03:50:03 
AF 240 333.2  68.3 014.2  18.0 1.50E-06 003.6 190.5  34.6 0.013279 0.003695 0.001121 hargrave 2023-09-09 03:51:24 
AF 260 333.2  72.6 017.8  20.5 1.35E-06 003.5 189.0  38.7 0.010966 0.003132 0.001266 hargrave 2023-09-09 03:52:44 
AF 280 358.2  64.0 019.0  08.2 1.13E-06 004.5 203.8  34.9 0.009745 0.004409 0.001033 hargrave 2023-09-09 03:54:05 
AF 300 067.9  76.4 041.9  18.5 1.08E-06 003.1 203.9  59.4 0.005739 0.002485 0.001089 hargrave 2023-09-09 03:55:27 
AF 320 016.1  66.2 026.8  07.1 4.20E-07 004.4 209.6  41.2 0.002879 0.001850 0.001259 hargrave 2023-09-09 03:56:48 
AF 340 026.0  75.8 032.0  15.9 7.29E-07 003.4 201.6  49.7 0.004671 0.001929 0.000864 hargrave 2023-09-09 03:58:09 
AF 360 281.1  83.2 026.6  32.4 5.20E-07 003.4 175.2  48.9 0.003695 0.001118 0.001425 hargrave 2023-09-09 03:59:30 
AF 380 003.3  78.2 027.6  19.7 6.06E-07 003.4 194.1  47.2 0.004116 0.001378 0.001168 hargrave 2023-09-09 04:00:51 
AF 400 312.1  63.4 005.2  23.1 4.19E-07 002.9 181.5  28.4 0.003893 0.000812 0.001075 hargrave 2023-09-09 04:02:12 
AF 420 026.3  68.3 031.1  08.5 5.90E-07 004.1 211.0  45.6 0.004002 0.002219 0.000548 hargrave 2023-09-09 04:03:33 
AF 440 157.1 -23.0 161.5  13.9 8.96E-08 010.9 025.9  08.4 0.001259 0.001014 0.001015 hargrave 2023-09-09 04:06:32 
AF 460 265.1  65.9 008.3  42.7 8.22E-07 003.2 159.6  35.4 0.006466 0.001253 0.000666 hargrave 2023-09-09 04:07:54 
AF 480 178.7  01.2 158.0  45.9 8.06E-07 005.7 055.8  22.9 0.005462 0.005924 0.001432 hargrave 2023-09-09 04:09:15 
AF 500 178.6 -35.9 184.8  16.2 5.02E-07 006.8 038.8 -10.3 0.005227 0.003348 0.001536 hargrave 2023-09-09 04:10:36 
AF 520 103.0  40.1 079.8  04.9 3.13E-07 002.7 300.0  67.1 0.001394 0.000390 0.001690 hargrave 2023-09-09 04:11:57 
AF 540 357.1  55.9 014.3  01.5 2.00E-07 004.7 208.0  27.6 0.001594 0.000912 0.000555 hargrave 2023-09-09 04:13:18 
AF 560 022.9  75.4 031.1  15.7 4.70E-07 003.3 201.5  48.8 0.002691 0.001255 0.001006 hargrave 2023-09-09 04:14:38 
AF 580 224.6 -21.6 226.4  37.4 5.71E-07 003.3 081.5 -20.6 0.002074 0.004970 0.001453 hargrave 2023-09-09 04:15:59 
AF 600 117.2 -06.5 126.2 -09.1 3.57E-07 003.7 346.6  27.7 0.003699 0.000671 0.001768 hargrave 2023-09-09 04:17:19 
AF 650 158.8 -12.8 154.5  21.8 5.72E-07 005.9 030.5  17.7 0.005555 0.003306 0.001420 hargrave 2023-09-09 04:18:40 
AF 700 201.8 -37.3 203.6  21.7 9.54E-07 005.9 054.5 -21.1 0.007257 0.006751 0.001052 hargrave 2023-09-09 04:20:01 
AF 750 219.4 -17.5 221.0  42.2 1.27E-06 003.4 080.0 -14.5 0.005797 0.009467 0.001085 hargrave 2023-09-09 04:21:22 
AF 800 215.8 -15.9 216.4  44.1 1.05E-06 003.6 078.1 -11.1 0.004707 0.008434 0.001837 hargrave 2023-09-09 04:22:43 
AF 850 208.4 -16.6 206.6  43.1 9.68E-07 004.3 071.8 -07.6 0.005059 0.007940 0.001215 hargrave 2023-09-09 04:24:04 
AF 900 186.8 -32.5 189.4  22.4 7.84E-07 006.5 046.5 -10.5 0.007160 0.005460 0.001343 hargrave 2023-09-09 04:25:25 
AF 950 275.1  30.9 321.6  38.0 1.07E-06 003.9 151.4  00.7 0.008951 0.003994 0.001154 hargrave 2023-09-09 04:26:46 
AF1000 231.0 -26.0 231.9  31.6 1.16E-06 002.8 083.5 -27.7 0.003349 0.009101 0.001004 hargrave 2023-09-09 04:28:08 
