MF8- 34a mag compass orientation (IGRF corrected)
   61.2 164.1  32.0 304.0  60.0   1.0
NRM    338.2  68.7 015.7  16.8 7.99E-06 003.7 214.5  50.4 0.045238 0.028299 0.003438 hargrave 2023-09-11 00:31:09 
AF  10 334.0  69.1 015.0  18.2 7.65E-06 003.8 212.7  49.4 0.043591 0.029182 0.003570 hargrave 2023-09-11 00:32:33 
AF  20 330.7  70.0 015.1  19.7 7.30E-06 003.8 210.4  49.0 0.043320 0.025617 0.003255 hargrave 2023-09-11 00:33:54 
AF  30 326.3  71.3 015.4  21.6 6.94E-06 003.8 207.5  48.7 0.042178 0.023922 0.003081 hargrave 2023-09-11 00:35:18 
AF  40 323.5  71.8 015.4  22.6 6.55E-06 003.8 206.1  48.4 0.040508 0.022093 0.002870 hargrave 2023-09-11 00:36:39 
AF  50 320.9  71.5 014.7  23.2 6.21E-06 003.9 205.6  47.6 0.039397 0.021238 0.002807 hargrave 2023-09-11 00:38:00 
AF  60 320.4  72.7 015.8  23.9 5.82E-06 003.9 204.2  48.3 0.037202 0.019425 0.002817 hargrave 2023-09-11 00:39:21 
AF  70 314.8  72.1 014.5  25.2 5.51E-06 003.9 203.0  46.7 0.036517 0.018365 0.002508 hargrave 2023-09-11 00:40:41 
AF  80 315.1  73.9 016.5  25.7 5.08E-06 003.8 201.2  48.1 0.033315 0.016067 0.002504 hargrave 2023-09-11 00:42:02 
AF  90 306.5  72.3 014.0  27.7 4.77E-06 003.8 200.0  45.2 0.031974 0.014902 0.002303 hargrave 2023-09-11 00:43:24 
AF 100 295.9  79.1 021.3  30.9 4.62E-06 003.5 191.2  49.3 0.030311 0.011646 0.002205 hargrave 2023-09-11 00:44:45 
AF 110 293.1  74.9 016.5  31.7 4.27E-06 003.6 193.5  45.3 0.029772 0.011944 0.002420 hargrave 2023-09-11 00:46:06 
AF 120 294.9  76.0 017.8  31.2 4.09E-06 003.6 193.3  46.6 0.027358 0.011376 0.002606 hargrave 2023-09-11 00:47:27 
AF 130 285.3  73.1 014.5  34.0 4.12E-06 003.6 191.9  42.8 0.029896 0.011472 0.002281 hargrave 2023-09-11 00:48:48 
AF 140 289.2  69.2 009.8  33.1 3.86E-06 003.9 195.4  39.7 0.029373 0.012574 0.001979 hargrave 2023-09-11 00:50:09 
AF 150 280.4  73.7 015.6  35.3 3.56E-06 003.6 189.8  42.9 0.025993 0.009905 0.002626 hargrave 2023-09-11 00:51:30 
AF 160 278.9  72.9 014.8  35.9 3.32E-06 003.6 189.5  42.0 0.024985 0.008760 0.001536 hargrave 2023-09-11 00:52:51 
AF 170 257.8  72.5 017.8  41.7 3.12E-06 003.3 181.5  40.5 0.023578 0.007093 0.002758 hargrave 2023-09-11 00:54:11 
AF 180 283.9  74.2 016.0  34.2 3.18E-06 003.7 190.8  43.7 0.023515 0.008914 0.002307 hargrave 2023-09-11 00:55:32 
AF 190 269.5  73.2 016.3  38.4 3.07E-06 003.5 185.9  41.6 0.023572 0.007844 0.002143 hargrave 2023-09-11 00:56:54 
AF 200 266.5  72.4 015.9  39.5 2.74E-06 003.3 184.9  40.7 0.020768 0.006557 0.002254 hargrave 2023-09-11 00:58:22 
AF 220 245.4  65.9 015.0  49.3 2.69E-06 003.0 175.7  34.1 0.021871 0.005713 0.002238 hargrave 2023-09-11 00:59:46 
AF 240 259.8  71.2 015.9  41.9 2.27E-06 003.3 182.4  39.3 0.018001 0.004989 0.001978 hargrave 2023-09-11 01:01:07 
AF 260 258.9  72.2 017.3  41.6 2.47E-06 003.2 181.9  40.3 0.018341 0.005379 0.002969 hargrave 2023-09-11 01:02:31 
AF 280 277.5  71.7 013.5  36.6 2.53E-06 003.7 189.5  40.7 0.019676 0.007018 0.002108 hargrave 2023-09-11 01:03:52 
AF 300 262.2  63.6 006.1  44.8 1.93E-06 003.2 184.2  31.7 0.016305 0.004495 0.002298 hargrave 2023-09-11 01:05:20 
AF 320 237.2  58.2 011.2  57.6 1.45E-06 002.7 170.1  27.0 0.012464 0.002193 0.002735 hargrave 2023-09-11 01:06:41 
AF 340 234.4  63.1 018.3  54.4 1.67E-06 002.7 169.6  32.0 0.013437 0.002575 0.003248 hargrave 2023-09-11 01:08:02 
AF 360 252.7  63.0 008.5  48.8 1.40E-06 002.9 179.2  31.0 0.011480 0.002909 0.001518 hargrave 2023-09-11 01:09:26 
AF 380 218.4  46.8 023.8  72.9 1.25E-06 003.3 155.0  18.9 0.009968 0.002905 0.002283 hargrave 2023-09-11 01:10:47 
AF 400 220.2  51.0 023.3  68.5 1.57E-06 003.1 157.7  22.5 0.012717 0.003526 0.002313 hargrave 2023-09-11 01:12:08 
AF 420 230.2  32.7 319.2  75.9 1.52E-06 002.4 160.1  02.9 0.013769 0.002643 0.001187 hargrave 2023-09-11 01:13:33 
AF 440 195.0  38.2 091.4  72.3 1.06E-06 004.4 134.8  18.1 0.006652 0.004645 0.002096 hargrave 2023-09-11 01:14:54 
AF 460 230.3  67.5 024.1  51.3 1.06E-06 002.9 168.9  36.7 0.008451 0.000879 0.001492 hargrave 2023-09-11 01:16:18 
AF 480 214.1  32.7 031.3  87.3 8.41E-07 004.0 147.0  06.6 0.006526 0.002895 0.000793 hargrave 2023-09-11 01:17:42 
AF 500 186.7  29.3 118.9  66.3 9.21E-07 004.1 124.0  13.7 0.004331 0.006038 0.000455 hargrave 2023-09-11 01:19:07 
AF 520 178.2  23.5 126.9  57.5 1.16E-06 003.3 114.3  12.6 0.003945 0.008227 0.000594 hargrave 2023-09-11 01:20:28 
AF 540 160.9  42.6 092.2  46.1 7.73E-07 003.2 113.7  36.6 0.002021 0.005202 0.000237 hargrave 2023-09-11 01:21:56 
AF 560 186.7  12.7 152.4  59.4 6.15E-07 003.9 115.7 -00.7 0.002851 0.004506 0.001007 hargrave 2023-09-11 01:23:17 
AF 580 222.5  05.1 233.6  63.9 5.61E-07 004.7 145.8 -22.0 0.004610 0.002679 0.001197 hargrave 2023-09-11 01:24:38 
AF 600 184.6  06.4 158.5  53.7 8.26E-07 003.2 110.8 -05.1 0.002998 0.007171 0.001136 hargrave 2023-09-11 01:25:59 
AF 650 234.7  45.0 352.4  67.9 4.24E-07 003.9 166.0  14.3 0.004582 0.001780 0.000940 hargrave 2023-09-11 01:27:20 
AF 700 234.4  14.7 269.3  65.8 6.36E-07 003.5 160.2 -15.5 0.006233 0.002025 0.000527 hargrave 2023-09-11 01:28:41 
AF 750 269.4 -01.5 283.6  28.6 8.19E-07 003.6 198.2 -32.2 0.007320 0.002364 0.001838 hargrave 2023-09-11 01:30:06 
AF 800 222.7  15.5 244.8  73.4 6.15E-07 004.5 149.1 -12.1 0.005074 0.003019 0.000842 hargrave 2023-09-11 01:31:30 
AF 850 302.2  39.8 339.2  19.9 6.79E-07 005.4 216.4  15.7 0.006399 0.003479 0.001044 hargrave 2023-09-11 01:32:52 
AF 900 294.4  46.9 344.5  27.7 8.77E-07 005.1 208.0  20.0 0.008134 0.003584 0.002624 hargrave 2023-09-11 01:34:17 
AF 950 250.9  34.5 322.1  58.7 4.80E-07 001.2 177.3  02.6 0.005482 0.000897 0.000356 hargrave 2023-09-11 01:35:39 
AF1000 236.6  49.6 359.3  64.0 1.18E-06 002.3 168.2  18.6 0.011518 0.001349 0.000542 hargrave 2023-09-11 01:37:02 
