MF8- 3a mag compass orientation (IGRF corrected)
    0.6 138.1  63.0 304.0  60.0   1.0
NRM    330.1  73.1 017.7  21.6 1.28E-05 002.6 199.0  29.2 0.063635 0.035288 0.008238 hargrave 2023-09-07 02:05:22 
AF  10 321.3  74.2 017.5  24.3 1.23E-05 002.5 197.7  26.8 0.060350 0.032856 0.007329 hargrave 2023-09-07 02:06:43 
AF  20 319.4  75.5 018.5  25.2 1.14E-05 002.5 196.3  26.4 0.059425 0.029715 0.006701 hargrave 2023-09-07 02:08:03 
AF  30 322.7  76.2 019.6  24.8 1.07E-05 002.5 195.5  27.2 0.056322 0.027790 0.006644 hargrave 2023-09-07 02:09:25 
AF  40 334.0  77.9 022.6  23.5 9.58E-06 002.5 193.4  29.7 0.054392 0.023043 0.005861 hargrave 2023-09-07 02:10:46 
AF  50 335.3  76.7 021.8  22.5 8.84E-06 002.6 194.7  30.2 0.051496 0.022038 0.005396 hargrave 2023-09-07 02:12:06 
AF  60 338.1  76.4 021.9  21.8 8.23E-06 002.7 194.9  30.8 0.049776 0.020522 0.005200 hargrave 2023-09-07 02:13:27 
AF  70 348.7  76.0 023.5  19.8 7.28E-06 002.8 194.4  33.4 0.046176 0.017207 0.004332 hargrave 2023-09-07 02:14:47 
AF  80 348.0  75.6 023.0  19.5 6.94E-06 002.8 195.0  33.4 0.045068 0.016862 0.004446 hargrave 2023-09-07 02:16:08 
AF  90 341.3  76.2 022.2  21.1 6.56E-06 002.9 195.0  31.6 0.044324 0.015936 0.003715 hargrave 2023-09-07 02:17:28 
AF 100 339.3  75.8 021.6  21.2 5.99E-06 003.0 195.5  31.3 0.042228 0.014934 0.003929 hargrave 2023-09-07 02:18:49 
AF 110 341.6  78.8 024.4  22.8 6.09E-06 002.7 192.0  30.9 0.042610 0.013475 0.003870 hargrave 2023-09-07 02:20:09 
AF 120 356.6  84.2 030.1  25.3 5.50E-06 002.3 185.3  30.5 0.040665 0.008906 0.003574 hargrave 2023-09-07 02:21:30 
AF 130 333.7  80.0 024.5  24.7 4.68E-06 002.8 191.0  29.3 0.036563 0.010455 0.003706 hargrave 2023-09-07 02:22:51 
AF 140 358.2  73.2 023.9  16.0 4.61E-06 003.3 196.1  36.9 0.034764 0.011186 0.003058 hargrave 2023-09-07 02:24:12 
AF 150 355.3  76.7 025.2  19.4 4.70E-06 003.1 192.8  34.4 0.036051 0.010578 0.003170 hargrave 2023-09-07 02:25:32 
AF 160 013.7  73.6 028.2  14.5 4.77E-06 003.0 192.0  40.0 0.034684 0.009236 0.003208 hargrave 2023-09-07 02:26:53 
AF 170 007.1  78.7 028.6  19.8 4.78E-06 002.8 189.1  35.2 0.036356 0.008638 0.002977 hargrave 2023-09-07 02:28:14 
AF 180 031.8  73.1 033.4  13.1 4.93E-06 002.8 186.4  43.1 0.034646 0.007241 0.003338 hargrave 2023-09-07 02:29:34 
AF 190 054.0  71.2 040.5  12.2 4.57E-06 002.7 177.3  45.7 0.031412 0.003127 0.003528 hargrave 2023-09-07 02:30:55 
AF 200 038.6  69.8 035.6  09.9 4.53E-06 002.9 184.8  46.8 0.031545 0.005252 0.004285 hargrave 2023-09-07 02:32:15 
AF 220 027.9  64.8 031.4  05.0 4.81E-06 003.1 193.2  50.0 0.031827 0.008418 0.004709 hargrave 2023-09-07 02:33:36 
AF 240 033.7  57.5 033.9 -02.5 3.24E-06 003.0 194.5  57.8 0.020184 0.004739 0.004008 hargrave 2023-09-07 02:34:57 
AF 260 021.1  50.4 025.7 -08.8 4.14E-06 003.3 214.0  58.8 0.022516 0.010754 0.001896 hargrave 2023-09-07 02:36:18 
AF 280 042.8  45.4 040.4 -14.2 4.31E-06 002.2 191.6  71.1 0.017317 0.003023 0.003494 hargrave 2023-09-07 02:37:39 
AF 300 026.7  47.3 029.0 -12.4 3.43E-06 003.0 213.8  63.7 0.017387 0.007569 0.004202 hargrave 2023-09-07 02:38:59 
AF 320 029.2  67.8 032.2  07.9 3.81E-06 003.1 190.5  47.6 0.027561 0.005528 0.004315 hargrave 2023-09-07 02:40:20 
AF 340 044.1  66.0 038.1  06.3 2.52E-06 003.1 182.6  50.9 0.019046 0.001883 0.005096 hargrave 2023-09-07 02:41:40 
AF 360 024.9  62.0 029.8  02.3 3.31E-06 003.3 197.4  51.8 0.022749 0.005515 0.004511 hargrave 2023-09-07 02:43:00 
AF 380 022.2  74.6 030.8  14.9 3.25E-06 003.1 188.8  40.6 0.027026 0.004900 0.005511 hargrave 2023-09-07 02:44:21 
AF 400 327.4  70.6 015.0  21.0 3.37E-06 004.0 201.9  28.4 0.030377 0.010768 0.004279 hargrave 2023-09-07 02:45:41 
AF 420 359.2  71.0 022.9  13.9 3.76E-06 003.5 198.3  38.3 0.029436 0.009208 0.003319 hargrave 2023-09-07 02:47:02 
AF 440 056.4  66.3 042.9  07.8 3.89E-06 002.9 174.8  50.3 0.026216 0.004134 0.003665 hargrave 2023-09-07 02:48:22 
AF 460 062.5  58.9 048.3  02.0 4.04E-06 002.8 166.5  56.6 0.023428 0.004972 0.003652 hargrave 2023-09-07 02:49:44 
AF 480 066.9  76.8 041.5  18.7 3.82E-06 002.6 174.5  39.4 0.028789 0.003205 0.002445 hargrave 2023-09-07 02:51:04 
AF 500 071.6  68.7 047.1  12.5 4.14E-06 002.8 168.0  46.0 0.027940 0.005209 0.003356 hargrave 2023-09-07 02:52:24 
AF 520 031.6  85.8 033.8  25.8 4.14E-06 002.3 181.4  31.0 0.033838 0.004863 0.004369 hargrave 2023-09-07 02:53:44 
AF 540 328.1  72.4 016.7  21.7 4.28E-06 003.6 199.9  28.6 0.034721 0.012736 0.003106 hargrave 2023-09-07 02:55:05 
AF 560 330.0  68.0 013.1  18.7 4.55E-06 003.9 204.9  29.3 0.035827 0.015780 0.003050 hargrave 2023-09-07 02:56:25 
AF 580 034.6  59.2 034.3 -00.8 3.58E-06 003.0 192.4  56.5 0.022060 0.005075 0.003374 hargrave 2023-09-07 02:57:45 
AF 600 040.1  86.6 034.4  26.6 2.68E-06 002.3 180.5  30.3 0.024189 0.001471 0.003268 hargrave 2023-09-07 02:59:06 
AF 650 352.4  27.1 354.9 -20.4 2.07E-06 003.6 256.4  40.8 0.008371 0.013010 0.004552 hargrave 2023-09-07 03:00:26 
AF 700 352.0  59.2 013.8  05.7 3.11E-06 004.4 213.8  40.1 0.023539 0.011857 0.003465 hargrave 2023-09-07 03:01:46 
AF 750 085.9  46.3 067.0 -00.5 1.93E-06 003.5 133.0  54.6 0.008860 0.007283 0.003855 hargrave 2023-09-07 03:03:08 
AF 800 030.2  64.0 032.4  04.1 2.66E-06 003.4 192.4  51.2 0.019391 0.004660 0.006332 hargrave 2023-09-07 03:04:28 
AF 850 086.3  37.3 073.3 -06.8 3.30E-06 002.7 117.6  56.3 0.009159 0.013322 0.002491 hargrave 2023-09-07 03:05:49 
AF 900 330.2  34.9 346.6 -01.6 1.33E-06 005.1 241.7  24.4 0.008643 0.011235 0.003575 hargrave 2023-09-07 03:07:10 
AF 950 118.7  27.1 097.8  09.0 1.24E-06 004.2 107.9  28.1 0.004850 0.009938 0.003837 hargrave 2023-09-07 03:08:31 
AF1000 210.5  47.3 041.9  72.5 1.45E-06 003.0 167.8 -14.1 0.015375 0.001803 0.002750 hargrave 2023-09-07 03:09:52 
