MF8- 51a sun compass orientation
   95.3 151.6  40.0 304.0  60.0   1.0
NRM    017.9  66.0 027.5  06.8 6.09E-06 003.0 217.9  62.7 0.026184 0.019171 0.003168 hargrave 2023-09-22 20:14:43 
AF  10 015.5  66.1 026.6  07.1 5.81E-06 003.1 218.2  61.8 0.025198 0.018927 0.003013 hargrave 2023-09-22 20:16:03 
AF  20 013.7  66.0 025.8  07.3 5.61E-06 003.1 218.5  61.0 0.024924 0.018549 0.003283 hargrave 2023-09-22 20:17:23 
AF  30 010.9  65.2 024.5  06.9 5.36E-06 003.2 220.4  60.0 0.024101 0.018088 0.003150 hargrave 2023-09-22 20:18:43 
AF  40 011.5  65.6 024.8  07.2 5.06E-06 003.2 219.6  60.2 0.022824 0.017563 0.003152 hargrave 2023-09-22 20:20:03 
AF  50 011.4  64.8 024.5  06.4 4.89E-06 003.2 221.4  60.3 0.022012 0.016957 0.003270 hargrave 2023-09-22 20:21:22 
AF  60 010.8  64.4 024.2  06.2 4.64E-06 003.3 222.0  60.0 0.020903 0.016956 0.002790 hargrave 2023-09-22 20:22:42 
AF  70 009.4  65.4 024.0  07.3 4.49E-06 003.3 220.2  59.4 0.019581 0.017836 0.002689 hargrave 2023-09-22 20:24:06 
AF  80 009.1  66.2 024.1  08.1 4.29E-06 003.2 218.6  59.2 0.018001 0.016956 0.002693 hargrave 2023-09-22 20:25:31 
AF  90 011.8  65.4 024.9  07.0 4.06E-06 003.3 219.9  60.4 0.018841 0.014190 0.002413 hargrave 2023-09-22 20:26:51 
AF 100 009.7  67.6 024.9  09.3 3.88E-06 003.4 215.9  59.3 0.019265 0.013161 0.002686 hargrave 2023-09-22 20:28:11 
AF 110 012.9  67.0 025.8  08.3 3.64E-06 003.3 216.7  60.6 0.017395 0.012237 0.002349 hargrave 2023-09-22 20:29:31 
AF 120 358.7  65.8 020.1  09.6 3.45E-06 003.7 219.4  55.0 0.017207 0.015492 0.002278 hargrave 2023-09-22 20:30:55 
AF 130 010.3  64.7 024.0  06.5 3.40E-06 003.2 221.6  59.8 0.015155 0.012545 0.002518 hargrave 2023-09-22 20:32:23 
AF 140 008.8  59.0 021.3  01.5 2.90E-06 003.5 232.6  59.0 0.012392 0.013287 0.001795 hargrave 2023-09-22 20:33:43 
AF 150 013.0  59.5 023.5  01.1 2.90E-06 003.3 232.1  61.1 0.011467 0.012458 0.001912 hargrave 2023-09-22 20:35:02 
AF 160 012.9  58.9 023.3  00.6 2.86E-06 003.2 233.4  61.1 0.010710 0.012404 0.002021 hargrave 2023-09-22 20:36:22 
AF 170 005.5  58.4 019.5  01.5 2.79E-06 003.6 233.4  57.2 0.011890 0.013253 0.002075 hargrave 2023-09-22 20:37:42 
AF 180 004.9  61.2 020.4  04.2 2.74E-06 003.6 228.2  57.3 0.012559 0.012044 0.001819 hargrave 2023-09-22 20:39:02 
AF 190 003.2  56.5 017.6  00.4 2.70E-06 003.6 236.2  55.5 0.010948 0.013495 0.001919 hargrave 2023-09-22 20:40:22 
AF 200 004.8  62.0 020.7  05.0 2.41E-06 003.7 226.6  57.3 0.011197 0.010762 0.002262 hargrave 2023-09-22 20:41:42 
AF 220 001.2  55.4 016.1 -00.1 2.20E-06 003.8 237.5  54.2 0.009094 0.012018 0.002135 hargrave 2023-09-22 20:43:05 
AF 240 001.9  58.2 017.8  02.2 2.01E-06 003.8 232.9  55.3 0.009096 0.010253 0.002244 hargrave 2023-09-22 20:44:29 
AF 260 035.6  60.6 034.8  00.6 1.73E-06 002.6 224.1  72.0 0.005168 0.005795 0.001503 hargrave 2023-09-22 20:45:49 
AF 280 033.5  55.9 033.7 -04.1 1.78E-06 002.5 239.9  72.2 0.004207 0.006646 0.001326 hargrave 2023-09-22 20:47:09 
AF 300 037.4  69.0 035.2  09.1 1.69E-06 002.7 202.7  67.7 0.006706 0.004640 0.001677 hargrave 2023-09-22 20:48:28 
AF 320 034.6  54.1 034.4 -05.9 1.57E-06 002.3 245.8  73.0 0.003227 0.005554 0.001379 hargrave 2023-09-22 20:49:49 
AF 340 042.7  71.0 036.9  11.2 1.90E-06 002.3 195.9  67.3 0.007300 0.003145 0.001969 hargrave 2023-09-22 20:51:09 
AF 360 041.7  62.1 037.6  02.3 1.80E-06 002.2 214.6  73.7 0.005308 0.004283 0.001352 hargrave 2023-09-22 20:52:29 
AF 380 037.6  67.5 035.4  07.5 1.77E-06 002.5 205.6  68.8 0.006638 0.004237 0.002072 hargrave 2023-09-22 20:53:49 
AF 400 035.9  65.8 034.8  05.8 2.08E-06 002.5 210.3  69.4 0.007769 0.005044 0.001721 hargrave 2023-09-22 20:55:09 
AF 420 071.6  63.7 049.9  08.3 1.67E-06 001.8 162.4  75.3 0.004864 0.001845 0.001580 hargrave 2023-09-22 20:56:32 
AF 440 321.9  76.8 020.1  25.2 1.63E-06 003.8 199.0  46.1 0.011818 0.004517 0.001808 hargrave 2023-09-22 20:57:52 
AF 460 083.8  86.8 036.7  27.9 1.43E-06 003.2 178.0  52.9 0.009193 0.001794 0.001473 hargrave 2023-09-22 20:59:12 
AF 480 018.6  76.0 030.1  16.4 1.64E-06 003.1 198.7  59.0 0.008587 0.004166 0.001772 hargrave 2023-09-22 21:00:36 
AF 500 018.4  72.0 029.1  12.6 1.36E-06 003.6 205.7  60.8 0.007766 0.004316 0.001399 hargrave 2023-09-22 21:01:56 
AF 520 049.1  73.7 038.3  14.2 9.99E-07 002.8 188.5  65.7 0.004708 0.001829 0.000881 hargrave 2023-09-22 21:03:16 
AF 540 040.6  74.6 035.8  14.7 1.31E-06 003.2 192.5  63.8 0.006603 0.003474 0.001420 hargrave 2023-09-22 21:04:37 
AF 560 090.6  73.4 048.7  20.0 1.37E-06 002.5 161.9  63.5 0.005943 0.001584 0.001500 hargrave 2023-09-22 21:06:01 
AF 580 029.8  44.9 030.9 -15.0 1.01E-06 002.7 271.2  68.1 0.002589 0.004717 0.000881 hargrave 2023-09-22 21:07:21 
AF 600 012.6  30.9 013.7 -25.8 9.75E-07 003.1 278.9  49.1 0.002577 0.006828 0.001085 hargrave 2023-09-22 21:08:41 
AF 650 077.3  41.8 065.0 -07.8 9.77E-07 002.2 059.1  76.4 0.002926 0.002394 0.001275 hargrave 2023-09-22 21:10:01 
AF 700 029.1  63.9 031.9  04.0 8.95E-07 003.0 218.8  67.9 0.003534 0.002833 0.001318 hargrave 2023-09-22 21:11:21 
AF 750 013.2  27.1 012.7 -29.5 8.70E-07 003.3 283.5  46.8 0.002452 0.006232 0.001206 hargrave 2023-09-22 21:12:41 
AF 800 015.9  16.6 011.1 -40.2 6.97E-07 004.0 295.6  40.5 0.003143 0.004621 0.001041 hargrave 2023-09-22 21:14:01 
AF 850 097.5  37.5 079.3 -00.1 1.04E-06 002.8 077.8  61.5 0.002858 0.004659 0.001175 hargrave 2023-09-22 21:15:25 
AF 900 106.6  58.6 065.3  17.0 1.06E-06 002.8 125.9  63.0 0.003409 0.003665 0.001536 hargrave 2023-09-22 21:16:46 
AF 950 033.2  17.2 033.0 -42.8 7.35E-07 003.9 315.0  50.1 0.004006 0.003763 0.000801 hargrave 2023-09-22 21:18:07 
AF1000 071.1  28.0 069.1 -22.0 9.79E-07 002.8 021.8  66.8 0.004791 0.002089 0.000914 hargrave 2023-09-22 21:19:28 
