MF8- 16a mag compass orientation (IGRF corrected)
   18.5 223.1  42.0 304.0  60.0   1.0
NRM    341.8  78.1 023.9  22.3 1.04E-05 002.6 187.1  37.3 0.056418 0.026176 0.004516 hargrave 2023-09-08 20:43:47 
AF  10 337.3  77.5 022.7  22.7 9.87E-06 002.4 186.3  36.4 0.053627 0.020811 0.004413 hargrave 2023-09-08 20:45:07 
AF  20 336.2  77.7 022.7  23.0 9.34E-06 002.5 185.9  36.5 0.052377 0.019162 0.004504 hargrave 2023-09-08 20:46:27 
AF  30 332.9  77.9 022.5  23.7 8.69E-06 002.5 185.1  36.5 0.051606 0.018211 0.004190 hargrave 2023-09-08 20:47:46 
AF  40 330.4  78.2 022.4  24.3 8.22E-06 002.5 184.3  36.7 0.049861 0.016732 0.004145 hargrave 2023-09-08 20:49:06 
AF  50 333.3  78.6 023.2  24.0 7.70E-06 002.7 184.9  37.2 0.048464 0.015507 0.003512 hargrave 2023-09-08 20:50:25 
AF  60 336.3  79.3 024.1  23.9 7.19E-06 002.7 185.3  38.0 0.045933 0.014643 0.003960 hargrave 2023-09-08 20:51:45 
AF  70 336.7  79.0 023.9  23.7 6.82E-06 002.8 185.5  37.8 0.043848 0.014802 0.003939 hargrave 2023-09-08 20:53:11 
AF  80 330.8  79.3 023.5  24.8 6.49E-06 002.8 184.1  37.7 0.042936 0.012609 0.003634 hargrave 2023-09-08 20:54:31 
AF  90 333.2  80.1 024.5  24.8 6.08E-06 002.8 184.3  38.6 0.039381 0.012104 0.004039 hargrave 2023-09-08 20:55:54 
AF 100 316.5  81.8 024.9  27.9 5.81E-06 002.7 180.6  39.8 0.038865 0.009859 0.003388 hargrave 2023-09-08 20:57:17 
AF 110 326.0  82.2 025.9  26.8 5.42E-06 002.9 182.3  40.3 0.037033 0.009658 0.003342 hargrave 2023-09-08 20:58:37 
AF 120 330.7  82.0 026.1  26.2 5.23E-06 002.9 183.1  40.4 0.036004 0.009565 0.003186 hargrave 2023-09-08 20:59:56 
AF 130 298.4  84.0 027.1  30.4 4.84E-06 002.8 178.0  42.2 0.032985 0.007313 0.003419 hargrave 2023-09-08 21:01:16 
AF 140 320.3  80.4 023.7  26.9 4.67E-06 002.8 181.5  38.5 0.033532 0.008361 0.003251 hargrave 2023-09-08 21:02:35 
AF 150 299.0  82.2 025.0  30.4 4.74E-06 002.5 177.5  40.4 0.030290 0.005582 0.002835 hargrave 2023-09-08 21:03:59 
AF 160 304.8  80.4 023.0  29.4 4.43E-06 002.7 178.2  38.5 0.031154 0.006785 0.002412 hargrave 2023-09-08 21:05:19 
AF 170 310.1  80.3 023.0  28.5 4.34E-06 002.8 179.4  38.3 0.031799 0.007349 0.003408 hargrave 2023-09-08 21:06:39 
AF 180 314.2  81.7 024.8  28.2 4.01E-06 002.8 180.2  39.7 0.028750 0.006443 0.002722 hargrave 2023-09-08 21:07:59 
AF 190 352.5  76.0 024.2  19.2 3.83E-06 003.4 191.0  36.6 0.030079 0.009742 0.002797 hargrave 2023-09-08 21:09:23 
AF 200 344.0  75.2 022.0  19.9 3.77E-06 003.3 189.2  34.9 0.030195 0.009470 0.003072 hargrave 2023-09-08 21:10:43 
AF 220 336.8  77.3 022.4  22.6 3.51E-06 003.1 186.3  36.2 0.027915 0.007558 0.003511 hargrave 2023-09-08 21:12:03 
AF 240 009.2  77.9 028.6  18.9 3.06E-06 003.6 193.3  40.4 0.023861 0.008222 0.003143 hargrave 2023-09-08 21:13:22 
AF 260 011.0  78.1 029.1  19.0 2.79E-06 003.6 193.3  40.8 0.021512 0.007198 0.003454 hargrave 2023-09-08 21:14:42 
AF 280 059.9  83.7 037.0  24.3 2.47E-06 003.3 189.3  49.5 0.016833 0.005161 0.002940 hargrave 2023-09-08 21:16:02 
AF 300 041.5  77.1 035.7  17.2 2.10E-06 003.8 198.7  46.1 0.015099 0.005982 0.002428 hargrave 2023-09-08 21:17:25 
AF 320 030.5  81.4 033.4  21.4 2.02E-06 003.4 192.0  45.5 0.014865 0.004301 0.002456 hargrave 2023-09-08 21:18:49 
AF 340 071.4  81.0 039.9  22.7 2.16E-06 003.3 192.8  51.6 0.013818 0.004724 0.002713 hargrave 2023-09-08 21:20:10 
AF 360 005.7  79.4 028.7  20.6 2.05E-06 003.0 191.2  41.0 0.014244 0.004232 0.002699 hargrave 2023-09-08 21:21:35 
AF 380 069.2  76.5 042.1  18.7 2.02E-06 003.5 200.0  52.3 0.012702 0.005560 0.002877 hargrave 2023-09-08 21:22:55 
AF 400 097.0  82.2 041.7  26.2 1.86E-06 003.1 187.8  54.0 0.011811 0.003414 0.002770 hargrave 2023-09-08 21:24:16 
AF 420 080.4  78.4 043.0  21.7 1.46E-06 003.0 195.8  54.0 0.008470 0.003370 0.002649 hargrave 2023-09-08 21:25:39 
AF 440 128.4  70.6 056.3  29.6 1.83E-06 002.3 184.1  67.3 0.007710 0.002261 0.002215 hargrave 2023-09-08 21:27:00 
AF 460 049.7  72.0 038.9  12.6 1.69E-06 004.1 206.6  46.9 0.011848 0.005981 0.002435 hargrave 2023-09-08 21:28:20 
AF 480 085.7  60.6 057.0  09.9 1.70E-06 003.2 227.0  60.4 0.007694 0.005891 0.002350 hargrave 2023-09-08 21:29:40 
AF 500 066.5  77.0 041.3  18.8 1.42E-06 003.5 199.5  51.6 0.009392 0.004008 0.002989 hargrave 2023-09-08 21:31:01 
AF 520 103.0  84.2 040.1  27.8 1.18E-06 003.0 184.8  52.9 0.007591 0.002206 0.002748 hargrave 2023-09-08 21:32:21 
AF 540 112.4  61.4 064.1  20.8 1.55E-06 002.3 213.6  72.2 0.005586 0.003236 0.002199 hargrave 2023-09-08 21:33:42 
AF 560 124.0  64.1 063.3  26.7 2.13E-06 002.1 193.8  73.2 0.007759 0.003112 0.002193 hargrave 2023-09-08 21:35:02 
AF 580 314.5  85.1 028.4  29.0 8.49E-07 003.5 180.2  43.0 0.007518 0.002124 0.002976 hargrave 2023-09-08 21:36:22 
AF 600 097.4  57.2 063.7  12.1 1.86E-06 002.8 233.4  66.8 0.006673 0.006297 0.002456 hargrave 2023-09-08 21:37:43 
AF 650 056.3  65.0 043.3  06.6 1.44E-06 004.4 217.6  47.6 0.009869 0.006620 0.002503 hargrave 2023-09-08 21:39:03 
AF 700 079.5  59.2 055.6  06.8 1.98E-06 003.5 229.7  57.3 0.009229 0.007861 0.001703 hargrave 2023-09-08 21:40:23 
AF 750 085.0  47.2 065.9 -00.2 1.82E-06 003.1 253.1  58.1 0.006273 0.008377 0.002173 hargrave 2023-09-08 21:41:44 
AF 800 134.2  43.4 087.4  27.1 1.45E-06 001.3 010.0  85.3 0.002746 0.001780 0.002403 hargrave 2023-09-08 21:43:07 
AF 850 089.6  40.3 073.1 -02.9 1.46E-06 002.7 267.6  58.3 0.003438 0.006710 0.002477 hargrave 2023-09-08 21:44:28 
AF 900 087.9  35.6 075.5 -07.1 1.45E-06 002.8 273.6  54.7 0.003101 0.007277 0.001949 hargrave 2023-09-08 21:45:48 
AF 950 097.8  35.8 080.7 -01.0 1.97E-06 002.4 282.0  61.4 0.003776 0.007863 0.001925 hargrave 2023-09-08 21:47:09 
AF1000 087.1  07.9 096.3 -26.5 1.28E-06 003.9 300.5  34.2 0.005208 0.007702 0.002570 hargrave 2023-09-08 21:48:31 
