MF8- 70a sun compass orientation
  18.88  90.2  41.0 304.0  60.0   1.0
NRM    324.3  43.5 350.7  07.3 4.71E-06 001.9 268.8  64.8 0.007022 0.014294 0.004848 hargrave 2024-03-23 12:56:58 
AF  10 322.2  41.7 348.3  07.5 4.47E-06 001.8 271.0  62.6 0.006745 0.013615 0.004706 hargrave 2024-03-23 12:58:18 
AF  20 322.5  40.7 347.6  06.7 4.37E-06 001.9 273.1  62.3 0.006706 0.014105 0.004292 hargrave 2024-03-23 12:59:39 
AF  30 320.2  40.1 346.1  07.8 4.13E-06 001.9 272.4  60.5 0.006125 0.013303 0.004058 hargrave 2024-03-23 13:01:00 
AF  40 320.8  41.4 347.5  08.2 4.00E-06 001.8 270.4  61.6 0.006020 0.012274 0.004105 hargrave 2024-03-23 13:02:20 
AF  50 319.7  42.7 348.1  09.6 3.79E-06 001.8 267.3  61.5 0.005937 0.011549 0.004141 hargrave 2024-03-23 13:03:41 
AF  60 318.1  40.8 345.9  09.6 3.59E-06 001.9 269.4  59.5 0.005493 0.011982 0.004045 hargrave 2024-03-23 13:05:02 
AF  70 318.0  40.1 345.2  09.3 3.37E-06 002.0 270.6  59.1 0.006192 0.010984 0.003992 hargrave 2024-03-23 13:06:23 
AF  80 325.7  39.1 347.7  03.8 2.96E-06 002.0 279.0  63.6 0.006420 0.008623 0.002990 hargrave 2024-03-23 13:07:44 
AF  90 322.5  38.9 346.2  05.8 3.04E-06 001.9 276.3  61.4 0.005464 0.009025 0.002354 hargrave 2024-03-23 13:09:04 
AF 100 321.6  46.6 352.2  10.5 3.36E-06 001.7 260.6  64.3 0.004745 0.009086 0.002120 hargrave 2024-03-23 13:10:24 
AF 110 326.2  40.4 349.0  04.3 3.17E-06 001.7 276.8  64.6 0.005082 0.008606 0.002082 hargrave 2024-03-23 13:11:45 
AF 120 323.6  49.3 355.3  11.0 3.22E-06 001.7 255.1  66.3 0.005231 0.008152 0.002717 hargrave 2024-03-23 13:13:05 
AF 130 322.9  47.5 353.5  10.3 2.65E-06 001.7 259.2  65.4 0.004447 0.006594 0.002154 hargrave 2024-03-23 13:14:26 
AF 140 314.8  39.1 343.1  10.9 2.92E-06 002.0 269.7  56.5 0.004733 0.009826 0.003245 hargrave 2024-03-23 13:15:47 
AF 150 321.5  43.8 349.8  09.1 2.99E-06 001.8 266.3  63.1 0.004782 0.008416 0.002683 hargrave 2024-03-23 13:17:08 
AF 160 318.0  46.7 351.0  12.7 2.83E-06 001.8 258.4  62.0 0.004590 0.007924 0.003157 hargrave 2024-03-23 13:18:29 
AF 170 314.6  45.8 349.0  14.3 2.99E-06 001.9 258.5  59.5 0.005229 0.008541 0.003972 hargrave 2024-03-23 13:19:49 
AF 180 320.0  37.9 344.2  06.9 2.37E-06 002.1 275.8  59.2 0.005551 0.007107 0.002683 hargrave 2024-03-23 13:21:10 
AF 190 322.4  35.3 343.1  03.8 2.30E-06 002.0 282.2  59.2 0.005177 0.006402 0.002683 hargrave 2024-03-23 13:22:31 
AF 200 314.4  15.7 322.7 -00.9 1.81E-06 003.3 295.5  40.1 0.008518 0.006468 0.001966 hargrave 2024-03-23 13:23:51 
AF 220 309.8  32.0 334.8  11.0 2.04E-06 002.3 275.3  49.0 0.005269 0.007930 0.002513 hargrave 2024-03-23 13:25:12 
AF 240 326.2  45.2 352.9  07.1 1.92E-06 001.5 266.6  66.7 0.002658 0.004406 0.001695 hargrave 2024-03-23 13:26:32 
AF 260 289.1  28.1 323.1  25.6 1.97E-06 002.3 263.6  32.9 0.005023 0.008955 0.003928 hargrave 2024-03-23 13:27:53 
AF 280 298.9  39.9 338.3  22.3 2.69E-06 002.1 258.0  46.6 0.004021 0.009535 0.004355 hargrave 2024-03-23 13:29:13 
AF 300 302.1  26.9 326.9  14.6 2.27E-06 002.1 274.5  40.6 0.004319 0.007910 0.004108 hargrave 2024-03-23 13:30:34 
AF 320 312.9  43.0 345.9  14.1 1.88E-06 001.8 262.2  57.1 0.003247 0.005658 0.000522 hargrave 2024-03-23 13:31:54 
AF 340 299.1  54.5 353.6  26.8 2.70E-06 002.5 237.6  53.0 0.008156 0.007863 0.003849 hargrave 2024-03-23 13:33:14 
AF 360 308.8  57.7 358.8  22.5 2.54E-06 002.4 234.1  59.0 0.007750 0.006743 0.003505 hargrave 2024-03-23 13:34:34 
AF 380 283.2  36.4 330.2  33.0 2.05E-06 002.6 252.2  34.5 0.005422 0.008890 0.003838 hargrave 2024-03-23 13:35:55 
AF 400 302.5  53.4 353.1  24.5 1.83E-06 002.3 240.4  54.6 0.004543 0.005508 0.003242 hargrave 2024-03-23 13:37:15 
AF 420 282.4  37.7 331.6  33.9 1.30E-06 002.6 250.4  34.8 0.001792 0.005817 0.004091 hargrave 2024-03-23 13:38:36 
AF 440 275.9  40.1 333.2  39.3 1.67E-06 003.2 244.4  32.4 0.005597 0.007870 0.003780 hargrave 2024-03-23 13:39:56 
AF 460 292.9  52.1 350.0  29.8 2.44E-06 002.8 239.1  48.7 0.007375 0.008032 0.005325 hargrave 2024-03-23 13:41:16 
AF 480 340.1  33.8 351.3 -08.4 5.92E-07 003.2 308.1  68.7 0.001935 0.002547 0.002066 hargrave 2024-03-23 13:42:37 
AF 500 312.2  63.1 004.9  23.0 8.94E-07 002.9 223.3  60.7 0.003813 0.003011 0.001744 hargrave 2024-03-23 13:43:57 
AF 520 337.7  53.6 004.2  06.7 1.13E-06 001.8 243.2  75.3 0.002649 0.002547 0.000688 hargrave 2024-03-23 13:45:17 
AF 540 276.9  71.7 013.5  36.8 3.21E-06 003.3 207.7  47.8 0.018012 0.008210 0.005427 hargrave 2024-03-23 13:46:38 
AF 560 359.4  79.5 027.6  21.2 2.56E-06 002.9 180.3  59.5 0.012843 0.006338 0.002774 hargrave 2024-03-23 13:47:58 
AF 580 318.3  69.9 012.7  23.3 1.69E-06 002.7 208.5  61.2 0.006400 0.004434 0.002476 hargrave 2024-03-23 13:49:19 
AF 600 356.2  66.3 019.5  10.5 1.59E-06 002.1 185.4  72.6 0.004954 0.002841 0.001838 hargrave 2024-03-23 13:50:39 
