MF8- 2a mag compass orientation (IGRF corrected)
    0.8 134.1  42.0 304.0  60.0   1.0
NRM    349.4  68.7 018.8  14.0 9.43E-06 002.8 212.3  56.4 0.043161 0.023649 0.005640 hargrave 2023-09-07 00:59:01 
AF  10 348.3  68.9 018.6  14.4 9.15E-06 002.8 212.2  56.0 0.040498 0.022987 0.005166 hargrave 2023-09-07 01:00:22 
AF  20 348.0  68.6 018.3  14.2 8.81E-06 002.8 212.7  55.9 0.039403 0.022422 0.005225 hargrave 2023-09-07 01:01:43 
AF  30 347.5  68.6 018.1  14.3 8.49E-06 002.9 212.8  55.7 0.039864 0.021321 0.004903 hargrave 2023-09-07 01:03:05 
AF  40 349.2  68.3 018.4  13.7 7.99E-06 002.9 213.2  56.4 0.036382 0.020605 0.004861 hargrave 2023-09-07 01:04:26 
AF  50 347.6  67.2 017.2  13.3 7.83E-06 002.9 215.2  55.9 0.035509 0.020806 0.005106 hargrave 2023-09-07 01:05:47 
AF  60 345.2  65.3 015.2  12.5 7.48E-06 003.1 218.7  55.0 0.035391 0.020982 0.004495 hargrave 2023-09-07 01:07:08 
AF  70 343.4  65.6 014.8  13.2 7.18E-06 003.1 218.2  54.3 0.033921 0.021009 0.004894 hargrave 2023-09-07 01:08:30 
AF  80 343.1  66.9 015.7  14.3 6.93E-06 003.1 215.8  54.2 0.033032 0.020295 0.004359 hargrave 2023-09-07 01:09:51 
AF  90 342.2  64.3 013.5  12.6 6.59E-06 003.2 220.4  53.7 0.032124 0.020565 0.004406 hargrave 2023-09-07 01:11:11 
AF 100 340.0  64.3 012.9  13.3 6.26E-06 003.3 220.1  52.8 0.031145 0.020261 0.004813 hargrave 2023-09-07 01:12:33 
AF 110 336.6  62.5 010.4  13.2 5.93E-06 003.5 222.7  51.0 0.031010 0.020075 0.004397 hargrave 2023-09-07 01:13:54 
AF 120 339.1  63.6 012.1  13.1 5.48E-06 003.4 221.2  52.3 0.027822 0.018445 0.004369 hargrave 2023-09-07 01:15:16 
AF 130 334.1  64.0 010.9  15.0 5.40E-06 003.6 220.1  50.2 0.029782 0.018361 0.003972 hargrave 2023-09-07 01:16:37 
AF 140 324.5  66.8 010.9  19.8 5.13E-06 003.7 214.6  46.9 0.031144 0.017182 0.004117 hargrave 2023-09-07 01:17:58 
AF 150 340.6  68.9 016.4  16.3 5.37E-06 003.3 212.6  53.2 0.028501 0.015776 0.004491 hargrave 2023-09-07 01:19:20 
AF 160 341.1  69.8 017.3  16.8 4.95E-06 003.4 211.0  53.3 0.027769 0.013790 0.003902 hargrave 2023-09-07 01:20:41 
AF 170 339.1  68.9 016.1  16.7 4.93E-06 003.4 212.6  52.7 0.026994 0.014622 0.004283 hargrave 2023-09-07 01:22:02 
AF 180 336.6  66.4 013.5  15.7 4.83E-06 003.5 216.6  51.6 0.026273 0.015948 0.003961 hargrave 2023-09-07 01:23:24 
AF 190 338.1  65.8 013.5  14.9 4.76E-06 003.5 217.5  52.1 0.026527 0.015438 0.004418 hargrave 2023-09-07 01:24:45 
AF 200 340.1  65.6 013.8  14.1 5.02E-06 003.4 218.1  52.9 0.025986 0.016175 0.004191 hargrave 2023-09-07 01:26:06 
AF 220 354.9  70.7 021.6  14.5 4.48E-06 003.0 208.0  57.8 0.023100 0.010616 0.004065 hargrave 2023-09-07 01:27:28 
AF 240 354.4  64.7 018.0  09.6 4.25E-06 003.1 219.2  59.0 0.020055 0.012070 0.003849 hargrave 2023-09-07 01:28:50 
AF 260 349.1  61.6 014.2  08.5 3.90E-06 003.3 225.3  56.8 0.019103 0.013060 0.004803 hargrave 2023-09-07 01:30:11 
AF 280 343.1  59.6 010.6  08.9 3.79E-06 003.5 228.3  53.6 0.018994 0.014180 0.003762 hargrave 2023-09-07 01:31:32 
AF 300 333.7  55.5 004.1  09.7 3.79E-06 003.8 232.5  47.7 0.019556 0.016982 0.004274 hargrave 2023-09-07 01:32:53 
AF 320 346.0  55.8 009.2  05.0 3.70E-06 003.3 235.1  54.4 0.015717 0.015367 0.004146 hargrave 2023-09-07 01:34:14 
AF 340 319.2  54.2 358.1  15.8 3.39E-06 004.5 229.1  39.6 0.021590 0.015913 0.004246 hargrave 2023-09-07 01:35:35 
AF 360 334.6  58.0 006.3  10.9 3.62E-06 003.8 229.2  49.0 0.019640 0.014940 0.003882 hargrave 2023-09-07 01:36:56 
AF 380 353.7  64.0 017.3  09.2 3.73E-06 003.2 220.7  58.8 0.017894 0.011378 0.003615 hargrave 2023-09-07 01:38:17 
AF 400 340.6  60.3 010.2  10.3 2.96E-06 003.6 226.7  52.5 0.015414 0.011477 0.002984 hargrave 2023-09-07 01:39:38 
AF 420 007.7  61.0 021.5  03.5 2.56E-06 002.6 224.3  65.6 0.010034 0.006588 0.002859 hargrave 2023-09-07 01:41:00 
AF 440 350.3  61.7 014.7  08.2 2.80E-06 003.3 225.1  57.3 0.013413 0.009601 0.002616 hargrave 2023-09-07 01:42:21 
AF 460 323.8  54.6 359.9  13.7 2.42E-06 004.5 230.4  42.1 0.015227 0.011752 0.003979 hargrave 2023-09-07 01:43:42 
AF 480 335.8  46.0 357.8  02.4 2.39E-06 003.7 245.8  45.0 0.010884 0.012598 0.003801 hargrave 2023-09-07 01:45:02 
AF 500 333.5  47.1 357.6  04.3 1.90E-06 004.1 243.4  44.1 0.009319 0.010480 0.004479 hargrave 2023-09-07 01:46:23 
AF 520 347.1  59.3 011.9  07.3 1.37E-06 003.9 229.3  55.6 0.007963 0.004932 0.004083 hargrave 2023-09-07 01:47:44 
AF 540 017.0  54.5 024.2 -04.3 1.98E-06 002.0 238.8  72.0 0.005754 0.004225 0.004288 hargrave 2023-09-07 01:49:05 
AF 560 358.4  81.3 028.5  22.8 1.59E-06 003.5 190.5  53.6 0.011876 0.001938 0.004388 hargrave 2023-09-07 01:50:25 
AF 580 355.0  59.1 015.1  04.8 2.22E-06 003.3 230.0  59.6 0.010471 0.007406 0.004241 hargrave 2023-09-07 01:51:47 
AF 600 337.3  54.3 004.6  07.4 1.97E-06 004.0 235.2  49.3 0.010810 0.008986 0.004633 hargrave 2023-09-07 01:53:07 
AF 650 308.9  61.3 002.4  23.7 2.59E-06 004.7 217.7  38.5 0.019630 0.010676 0.003884 hargrave 2023-09-07 01:54:28 
AF 700 328.9  50.6 358.4  08.9 2.85E-06 003.9 237.1  43.1 0.014161 0.014561 0.004341 hargrave 2023-09-07 01:55:50 
AF 750 345.8  47.3 003.6 -01.4 2.73E-06 003.2 248.5  51.7 0.010284 0.012664 0.004220 hargrave 2023-09-07 01:57:11 
AF 800 024.7  68.7 030.6  08.9 2.45E-06 002.5 198.1  67.2 0.011304 0.002836 0.003365 hargrave 2023-09-07 01:58:31 
AF 850 003.9  58.5 018.8  02.0 3.23E-06 002.7 230.9  64.2 0.012409 0.009367 0.004031 hargrave 2023-09-07 01:59:52 
AF 900 342.8  64.9 014.2  12.9 3.41E-06 003.5 219.3  54.0 0.018458 0.011544 0.003043 hargrave 2023-09-07 02:01:13 
AF 950 349.0  68.3 018.4  13.7 2.46E-06 003.5 213.2  56.3 0.014299 0.006978 0.004071 hargrave 2023-09-07 02:02:34 
AF1000 352.4  58.9 013.9  05.4 2.37E-06 003.4 230.3  58.3 0.011426 0.008544 0.003358 hargrave 2023-09-07 02:03:56 
