MF8- 36a mag compass orientation (IGRF corrected)
   65.3 138.1  27.0 304.0  60.0   1.0
NRM    001.9  71.5 024.0  13.9 9.30E-06 002.3 224.4  70.8 0.032216 0.019739 0.004199 hargrave 2023-09-11 02:45:10 
AF  10 000.1  71.3 023.4  14.0 8.95E-06 002.3 225.0  70.3 0.031053 0.019226 0.003451 hargrave 2023-09-11 02:46:30 
AF  20 000.1  70.8 023.2  13.7 8.60E-06 002.3 226.3  70.3 0.029745 0.018894 0.003553 hargrave 2023-09-11 02:47:51 
AF  30 000.1  71.0 023.2  13.8 8.25E-06 002.3 225.8  70.3 0.028769 0.018007 0.003251 hargrave 2023-09-11 02:49:12 
AF  40 000.6  72.2 024.0  14.8 7.62E-06 002.3 222.1  70.4 0.027179 0.015733 0.003128 hargrave 2023-09-11 02:50:32 
AF  50 002.2  71.3 024.0  13.7 7.41E-06 002.3 224.9  71.0 0.025422 0.015633 0.003034 hargrave 2023-09-11 02:51:53 
AF  60 005.1  72.4 025.3  14.3 7.13E-06 002.2 221.1  71.8 0.024186 0.013454 0.002957 hargrave 2023-09-11 02:53:14 
AF  70 002.3  71.9 024.3  14.3 6.89E-06 002.3 223.1  70.9 0.023892 0.014074 0.003004 hargrave 2023-09-11 02:54:34 
AF  80 359.4  70.9 023.0  13.9 6.84E-06 002.4 226.0  70.0 0.024205 0.015087 0.003618 hargrave 2023-09-11 02:55:55 
AF  90 002.5  70.8 023.8  13.3 6.43E-06 002.3 226.4  71.1 0.021703 0.013824 0.002949 hargrave 2023-09-11 02:57:15 
AF 100 003.4  70.4 023.9  12.8 5.96E-06 002.2 227.6  71.4 0.019433 0.012804 0.003000 hargrave 2023-09-11 02:58:36 
AF 110 000.8  70.2 023.0  13.0 5.81E-06 002.3 228.4  70.5 0.019441 0.013007 0.002567 hargrave 2023-09-11 02:59:56 
AF 120 010.5  70.8 026.3  12.1 5.43E-06 002.0 225.7  73.7 0.016189 0.010114 0.002110 hargrave 2023-09-11 03:01:17 
AF 130 003.5  71.1 024.3  13.3 5.21E-06 002.3 225.6  71.4 0.017514 0.011079 0.002708 hargrave 2023-09-11 03:02:38 
AF 140 002.6  66.8 022.0  09.7 4.98E-06 002.2 238.5  70.8 0.014633 0.012660 0.002565 hargrave 2023-09-11 03:03:58 
AF 150 002.7  66.9 022.1  09.7 4.72E-06 002.2 238.4  70.8 0.013476 0.012398 0.001732 hargrave 2023-09-11 03:05:19 
AF 160 358.9  64.8 019.6  08.7 4.71E-06 002.3 243.2  68.8 0.013793 0.012999 0.001769 hargrave 2023-09-11 03:06:40 
AF 170 006.1  64.9 022.4  07.3 4.39E-06 002.0 245.5  71.8 0.010857 0.011402 0.001861 hargrave 2023-09-11 03:08:01 
AF 180 003.0  62.2 020.0  05.5 4.18E-06 002.1 252.0  69.7 0.010319 0.011959 0.001127 hargrave 2023-09-11 03:09:22 
AF 190 351.1  67.3 018.4  12.5 4.31E-06 002.6 234.5  66.5 0.015614 0.012460 0.001678 hargrave 2023-09-11 03:10:43 
AF 200 353.6  66.4 018.7  11.2 4.03E-06 002.5 237.2  67.3 0.013367 0.011792 0.001088 hargrave 2023-09-11 03:12:04 
AF 220 359.2  65.9 020.3  09.5 3.99E-06 002.2 240.4  69.3 0.011893 0.010392 0.002197 hargrave 2023-09-11 03:13:25 
AF 240 008.9  66.6 024.2  08.4 3.39E-06 001.9 240.6  73.2 0.008805 0.007662 0.002158 hargrave 2023-09-11 03:14:46 
AF 260 005.8  68.7 023.9  10.8 3.41E-06 002.2 233.2  72.2 0.010464 0.007810 0.002159 hargrave 2023-09-11 03:16:06 
AF 280 352.6  73.1 022.4  16.8 3.41E-06 002.6 219.9  68.0 0.013245 0.008620 0.001048 hargrave 2023-09-11 03:17:27 
AF 300 356.6  68.2 020.7  12.1 2.88E-06 002.5 233.4  68.8 0.009135 0.008354 0.001093 hargrave 2023-09-11 03:18:48 
AF 320 025.8  71.2 031.3  11.3 2.32E-06 002.0 216.8  78.2 0.006337 0.004783 0.000652 hargrave 2023-09-11 03:20:12 
AF 340 013.7  84.2 031.8  24.5 1.58E-06 003.0 188.7  67.6 0.007472 0.003718 0.002145 hargrave 2023-09-11 03:21:34 
AF 360 004.3  65.0 021.8  07.8 2.50E-06 002.3 244.5  71.1 0.006813 0.007646 0.000754 hargrave 2023-09-11 03:22:55 
AF 380 338.3  63.4 011.7  13.2 2.15E-06 003.3 237.5  60.1 0.009026 0.008787 0.001337 hargrave 2023-09-11 03:24:15 
AF 400 347.3  60.6 012.8  08.3 1.38E-06 003.7 247.0  62.2 0.005588 0.006801 0.002219 hargrave 2023-09-11 03:25:36 
AF 420 356.2  72.9 023.2  16.1 1.25E-06 003.6 220.4  69.0 0.006160 0.004513 0.001699 hargrave 2023-09-11 03:26:56 
AF 440 005.1  70.2 024.3  12.3 1.28E-06 002.8 228.4  71.9 0.004530 0.003858 0.002532 hargrave 2023-09-11 03:28:16 
AF 460 357.5  75.4 024.9  17.9 1.51E-06 002.8 213.4  69.2 0.006117 0.003910 0.001788 hargrave 2023-09-11 03:29:37 
AF 480 049.4  70.4 039.2  11.0 1.30E-06 001.8 176.7  82.6 0.003325 0.002146 0.001857 hargrave 2023-09-11 03:30:57 
AF 500 000.9  67.1 021.6  10.3 2.39E-06 002.4 237.3  70.2 0.007778 0.006531 0.001428 hargrave 2023-09-11 03:32:17 
AF 520 349.7  69.0 019.0  14.2 1.40E-06 003.2 229.9  66.5 0.005636 0.005068 0.001797 hargrave 2023-09-11 03:33:38 
AF 540 004.9  73.6 025.8  15.4 2.07E-06 002.4 217.5  71.5 0.007637 0.004227 0.001866 hargrave 2023-09-11 03:34:59 
AF 560 051.9  70.7 039.9  11.5 1.99E-06 001.3 170.8  82.2 0.004086 0.002068 0.000464 hargrave 2023-09-11 03:36:20 
AF 580 007.1  53.8 018.5 -03.0 1.73E-06 002.5 274.6  67.1 0.004039 0.006545 0.001937 hargrave 2023-09-11 03:37:40 
AF 600 023.4  62.7 029.1  03.1 2.26E-06 001.6 260.5  78.8 0.004506 0.004442 0.001370 hargrave 2023-09-11 03:39:01 
AF 650 359.5  56.8 015.9  01.6 2.06E-06 002.6 262.1  65.5 0.005468 0.008215 0.000744 hargrave 2023-09-11 03:40:21 
AF 700 359.7  44.9 010.2 -08.8 1.72E-06 002.8 280.5  57.4 0.004433 0.008227 0.001419 hargrave 2023-09-11 03:41:42 
AF 750 034.5  40.3 034.4 -19.7 2.10E-06 002.3 334.0  65.9 0.007375 0.004700 0.000382 hargrave 2023-09-11 03:43:02 
AF 800 056.9  40.6 051.9 -16.3 1.76E-06 002.4 017.3  67.0 0.006972 0.003472 0.000714 hargrave 2023-09-11 03:44:22 
AF 850 062.2  32.4 059.6 -22.1 1.12E-06 003.3 023.0  58.1 0.006198 0.002960 0.002170 hargrave 2023-09-11 03:45:43 
AF 900 009.7  76.2 028.1  17.3 9.20E-07 003.3 208.4  71.8 0.004543 0.002802 0.000749 hargrave 2023-09-11 03:47:04 
AF 950 066.2  38.2 059.8 -15.5 1.14E-06 003.2 032.4  62.9 0.005325 0.003654 0.001047 hargrave 2023-09-11 03:48:26 
AF1000 050.8  26.6 051.6 -31.2 8.76E-07 003.8 004.1  53.5 0.005576 0.002683 0.001367 hargrave 2023-09-11 03:49:47 
