MF8- 45a sun compass orientation
   83.5 190.1  48.0 304.0  60.0   1.0
NRM    016.4  71.3 028.3  12.0 7.15E-06 003.7 205.2  41.3 0.044515 0.023461 0.005856 hargrave 2023-09-19 18:26:28 
AF  10 013.3  70.8 027.2  11.9 6.88E-06 003.6 205.5  40.2 0.042832 0.022181 0.006072 hargrave 2023-09-19 18:27:49 
AF  20 010.0  70.3 026.0  11.8 6.52E-06 003.7 205.7  39.0 0.041612 0.021719 0.005815 hargrave 2023-09-19 18:29:09 
AF  30 006.5  69.2 024.4  11.2 6.09E-06 003.8 206.6  37.5 0.040330 0.020850 0.005366 hargrave 2023-09-19 18:30:29 
AF  40 010.3  67.9 025.2  09.5 5.57E-06 004.0 208.7  38.4 0.037481 0.020542 0.005101 hargrave 2023-09-19 18:31:50 
AF  50 002.4  67.2 022.1  10.1 5.20E-06 004.1 208.0  35.4 0.036603 0.019320 0.004532 hargrave 2023-09-19 18:33:10 
AF  60 000.1  68.3 021.9  11.4 4.86E-06 004.1 206.4  35.0 0.034990 0.017593 0.004281 hargrave 2023-09-19 18:34:31 
AF  70 359.5  64.2 019.6  08.0 4.71E-06 004.4 210.7  32.9 0.034244 0.019009 0.004521 hargrave 2023-09-19 18:35:51 
AF  80 356.3  65.7 019.2  10.0 4.51E-06 004.4 208.3  32.5 0.033897 0.017837 0.004341 hargrave 2023-09-19 18:37:12 
AF  90 353.7  62.8 016.6  08.2 4.23E-06 004.6 210.4  30.0 0.032584 0.017836 0.004194 hargrave 2023-09-19 18:38:32 
AF 100 004.7  64.3 021.7  07.1 4.08E-06 004.6 211.8  34.9 0.030233 0.017393 0.004428 hargrave 2023-09-19 18:39:53 
AF 110 004.9  64.4 021.8  07.1 3.74E-06 004.6 211.8  35.1 0.027919 0.016015 0.004357 hargrave 2023-09-19 18:41:13 
AF 120 004.7  62.2 020.8  05.2 3.46E-06 004.8 214.1  34.0 0.025968 0.015799 0.004207 hargrave 2023-09-19 18:42:33 
AF 130 010.4  63.1 023.5  05.0 3.46E-06 004.7 214.4  36.7 0.024867 0.015594 0.004603 hargrave 2023-09-19 18:43:54 
AF 140 010.6  61.3 023.0  03.2 3.15E-06 004.8 216.5  36.1 0.022668 0.015093 0.004254 hargrave 2023-09-19 18:45:14 
AF 150 016.8  62.3 026.1  03.4 3.15E-06 004.7 216.6  39.3 0.021705 0.014598 0.004544 hargrave 2023-09-19 18:46:35 
AF 160 011.3  60.4 023.0  02.3 3.09E-06 004.8 217.7  36.1 0.022027 0.014969 0.004509 hargrave 2023-09-19 18:47:55 
AF 170 006.1  55.8 018.7 -01.0 2.96E-06 005.0 221.2  31.6 0.021186 0.015642 0.004557 hargrave 2023-09-19 18:49:16 
AF 180 002.0  62.2 019.6  05.8 2.52E-06 004.9 213.3  32.9 0.019793 0.011435 0.003609 hargrave 2023-09-19 18:50:37 
AF 190 000.5  56.1 016.1  00.7 2.60E-06 005.2 219.0  29.1 0.019818 0.014083 0.004242 hargrave 2023-09-19 18:51:57 
AF 200 351.3  56.9 012.2  04.1 2.55E-06 005.2 215.0  25.4 0.020863 0.012616 0.003759 hargrave 2023-09-19 18:53:19 
AF 220 354.9  44.9 007.2 -07.1 2.23E-06 005.6 226.5  19.5 0.016804 0.014295 0.003383 hargrave 2023-09-19 18:54:40 
AF 240 000.4  39.9 008.1 -13.4 2.03E-06 005.5 233.3  19.5 0.013939 0.014060 0.003291 hargrave 2023-09-19 18:56:01 
AF 260 002.1  43.8 011.2 -10.6 2.19E-06 005.4 230.9  22.9 0.015345 0.014476 0.002393 hargrave 2023-09-19 18:57:21 
AF 280 355.6  57.0 014.2  02.8 2.07E-06 005.3 216.4  27.3 0.017026 0.010710 0.001404 hargrave 2023-09-19 18:58:42 
AF 300 006.3  65.8 022.9  08.1 2.68E-06 004.7 210.5  36.2 0.020640 0.011581 0.003143 hargrave 2023-09-19 19:00:02 
AF 320 353.1  60.9 015.3  06.8 2.57E-06 005.0 212.0  28.7 0.021308 0.012125 0.003234 hargrave 2023-09-19 19:01:23 
AF 340 344.1  53.9 007.1  04.4 2.38E-06 005.4 214.4  20.4 0.020841 0.012448 0.002133 hargrave 2023-09-19 19:02:43 
AF 360 358.7  60.2 017.3  04.7 2.43E-06 005.1 214.4  30.5 0.019619 0.011977 0.002796 hargrave 2023-09-19 19:04:03 
AF 380 001.8  61.2 019.1  04.9 1.64E-06 005.1 214.4  32.3 0.013110 0.008073 0.001709 hargrave 2023-09-19 19:05:24 
AF 400 354.8  54.1 012.3  00.7 1.78E-06 005.5 218.7  25.3 0.014383 0.010149 0.002585 hargrave 2023-09-19 19:06:45 
AF 420 022.0  33.4 022.9 -25.6 1.98E-06 003.9 250.2  29.7 0.007928 0.014781 0.003055 hargrave 2023-09-19 19:08:05 
AF 440 358.1  51.4 012.6 -02.7 2.37E-06 005.6 222.4  25.3 0.018785 0.014237 0.003307 hargrave 2023-09-19 19:09:26 
AF 460 021.3  58.4 027.4 -01.0 2.64E-06 004.7 222.3  40.2 0.017572 0.013323 0.003856 hargrave 2023-09-19 19:10:46 
AF 480 355.0  54.2 012.4  00.7 1.52E-06 005.6 218.7  25.5 0.012403 0.008801 0.002865 hargrave 2023-09-19 19:12:06 
AF 500 358.1  31.5 002.0 -19.7 1.22E-06 005.5 238.7  12.6 0.008031 0.009677 0.001591 hargrave 2023-09-19 19:13:27 
AF 520 307.8  33.9 335.7  13.4 1.32E-06 004.8 203.0 -10.0 0.013537 0.005732 0.001926 hargrave 2023-09-19 19:14:48 
AF 540 346.1  36.6 356.8 -09.6 1.30E-06 006.1 227.9  09.0 0.010537 0.009018 0.001667 hargrave 2023-09-19 19:16:08 
AF 560 008.9  45.7 016.4 -10.9 1.80E-06 005.3 232.2  27.9 0.011845 0.011781 0.002922 hargrave 2023-09-19 19:17:28 
AF 580 331.5  36.3 348.3 -01.5 1.46E-06 005.9 219.0  01.3 0.012754 0.009075 0.002588 hargrave 2023-09-19 19:18:49 
AF 600 011.7  18.8 007.4 -36.7 1.51E-06 003.3 256.9  13.6 0.005238 0.012897 0.003450 hargrave 2023-09-19 19:20:09 
AF 650 354.2  41.4 004.8 -09.7 7.74E-07 006.0 228.9  16.8 0.005730 0.005710 0.001790 hargrave 2023-09-19 19:21:30 
AF 700 023.6  51.9 027.5 -07.6 1.29E-06 004.8 230.8  39.3 0.007858 0.007479 0.001960 hargrave 2023-09-19 19:22:51 
AF 750 175.5  60.4 062.8  50.3 9.30E-07 003.8 139.7  42.4 0.005118 0.003326 0.002266 hargrave 2023-09-19 19:24:11 
AF 800 118.5  59.9 066.8  23.0 9.62E-07 002.0 154.1  68.8 0.003409 0.001027 0.001735 hargrave 2023-09-19 19:25:32 
AF 850 108.0  35.8 085.6  05.6 8.63E-07 001.7 046.9  81.3 0.002321 0.001325 0.003277 hargrave 2023-09-19 19:26:53 
AF 900 082.0  62.4 054.5  10.0 1.75E-06 002.5 201.6  67.0 0.007088 0.003176 0.003058 hargrave 2023-09-19 19:28:14 
AF 950 153.9  65.9 061.1  39.2 1.63E-06 003.0 147.6  52.2 0.008255 0.003711 0.002205 hargrave 2023-09-19 19:29:35 
AF1000 084.3  21.3 083.5 -19.5 4.30E-07 004.6 322.5  65.4 0.002407 0.002212 0.001230 hargrave 2023-09-19 19:30:56 
