MF8- 49a sun compass orientation
   88.6 293.6  41.0 304.0  60.0   1.0
NRM    322.1  74.9 018.2  24.4 7.02E-06 002.4 162.5  40.3 0.038196 0.010893 0.002773 hargrave 2023-09-22 18:01:16 
AF  10 321.6  74.6 017.8  24.4 6.75E-06 002.5 162.1  40.2 0.037538 0.010038 0.002264 hargrave 2023-09-22 18:02:41 
AF  20 321.0  74.6 017.8  24.5 6.34E-06 002.6 162.0  40.4 0.037805 0.010043 0.002429 hargrave 2023-09-22 18:04:02 
AF  30 321.4  75.1 018.3  24.6 6.08E-06 002.6 162.6  40.6 0.036824 0.009130 0.002311 hargrave 2023-09-22 18:05:22 
AF  40 321.5  75.6 018.8  24.8 5.76E-06 002.7 163.1  40.9 0.035438 0.008543 0.002172 hargrave 2023-09-22 18:06:43 
AF  50 324.6  73.7 017.4  23.2 5.49E-06 002.8 162.0  39.0 0.034872 0.009071 0.002370 hargrave 2023-09-22 18:08:03 
AF  60 327.4  75.2 019.2  23.3 5.34E-06 002.7 164.0  39.5 0.034244 0.007534 0.002550 hargrave 2023-09-22 18:09:23 
AF  70 321.8  75.7 019.0  24.8 5.18E-06 002.8 163.3  40.9 0.032975 0.007595 0.001673 hargrave 2023-09-22 18:10:44 
AF  80 325.2  73.1 016.9  22.8 4.83E-06 002.7 161.6  38.5 0.030074 0.007914 0.001929 hargrave 2023-09-22 18:12:08 
AF  90 328.1  73.6 017.8  22.3 4.63E-06 002.8 162.8  38.3 0.031094 0.007068 0.001557 hargrave 2023-09-22 18:13:29 
AF 100 325.6  71.0 015.0  21.7 4.51E-06 002.9 159.8  36.9 0.030010 0.008443 0.001499 hargrave 2023-09-22 18:14:49 
AF 110 323.9  68.3 012.2  20.9 4.09E-06 003.1 157.0  35.4 0.027677 0.008876 0.001593 hargrave 2023-09-22 18:16:10 
AF 120 323.7  70.2 013.9  21.8 4.03E-06 003.0 158.6  36.8 0.027368 0.007635 0.001821 hargrave 2023-09-22 18:17:30 
AF 130 322.6  68.5 012.1  21.3 3.69E-06 003.4 156.7  35.8 0.024498 0.010443 0.001326 hargrave 2023-09-22 18:18:51 
AF 140 324.5  71.0 014.8  22.0 3.49E-06 003.1 159.5  37.2 0.025087 0.006138 0.001423 hargrave 2023-09-22 18:20:12 
AF 150 318.6  69.6 012.5  23.1 3.38E-06 003.2 156.5  37.7 0.023275 0.006976 0.001259 hargrave 2023-09-22 18:21:32 
AF 160 317.8  70.1 012.8  23.6 3.07E-06 003.2 156.7  38.2 0.019714 0.007174 0.001380 hargrave 2023-09-22 18:22:56 
AF 170 318.2  70.6 013.4  23.6 2.86E-06 003.2 157.3  38.4 0.019710 0.005896 0.001262 hargrave 2023-09-22 18:24:20 
AF 180 308.9  70.2 011.8  26.5 2.80E-06 003.3 154.4  40.6 0.018484 0.006032 0.001010 hargrave 2023-09-22 18:25:40 
AF 190 325.6  66.9 011.2  19.6 2.65E-06 003.3 156.4  33.9 0.019527 0.005768 0.000917 hargrave 2023-09-22 18:27:00 
AF 200 318.2  68.3 011.1  22.7 2.60E-06 003.3 155.2  36.9 0.017989 0.005966 0.000821 hargrave 2023-09-22 18:28:20 
AF 220 337.7  64.6 012.4  14.2 2.41E-06 003.1 159.3  29.0 0.017819 0.005406 0.001092 hargrave 2023-09-22 18:29:48 
AF 240 326.9  66.0 010.7  18.7 2.67E-06 003.4 156.1  32.9 0.019937 0.006299 0.001090 hargrave 2023-09-22 18:31:09 
AF 260 325.0  73.9 017.7  23.2 2.31E-06 003.1 162.3  39.1 0.016870 0.003499 0.000726 hargrave 2023-09-22 18:32:30 
AF 280 323.3  67.3 011.1  20.5 2.31E-06 003.4 155.9  34.8 0.016684 0.005347 0.000966 hargrave 2023-09-22 18:33:50 
AF 300 278.5  76.3 018.8  35.0 2.08E-06 003.0 158.8  50.7 0.011801 0.003411 0.001218 hargrave 2023-09-22 18:35:11 
AF 320 305.1  71.7 013.2  28.0 2.07E-06 003.2 155.4  42.5 0.012554 0.004519 0.001227 hargrave 2023-09-22 18:36:35 
AF 340 316.6  57.2 000.2  18.5 1.89E-06 003.9 145.0  29.7 0.012837 0.006653 0.000428 hargrave 2023-09-22 18:37:55 
AF 360 283.6  67.8 008.3  35.3 1.76E-06 003.2 146.2  47.9 0.009505 0.004517 0.000371 hargrave 2023-09-22 18:39:15 
AF 380 301.5  59.2 359.0  26.6 1.71E-06 003.8 140.5  37.0 0.009909 0.006579 0.000261 hargrave 2023-09-22 18:40:36 
AF 400 287.7  63.6 003.1  33.8 1.99E-06 003.4 141.3  44.9 0.010560 0.006320 0.000763 hargrave 2023-09-22 18:41:56 
AF 420 289.9  72.1 013.3  32.7 1.81E-06 003.2 153.3  47.0 0.010922 0.003754 0.000657 hargrave 2023-09-22 18:43:17 
AF 440 258.2  66.2 010.5  45.1 1.87E-06 002.6 142.2  57.5 0.007655 0.004297 0.000678 hargrave 2023-09-22 18:44:38 
AF 460 220.5  78.3 032.2  41.7 1.51E-06 002.5 173.2  60.1 0.007431 0.000628 0.000861 hargrave 2023-09-22 18:45:58 
AF 480 240.6  66.4 017.7  50.2 1.54E-06 002.1 146.1  64.3 0.005337 0.002451 0.000601 hargrave 2023-09-22 18:47:19 
AF 500 318.1  72.1 014.9  24.2 1.68E-06 003.2 158.8  39.4 0.011674 0.002850 0.000363 hargrave 2023-09-22 18:48:39 
AF 520 272.6  63.4 003.8  40.5 1.75E-06 003.0 138.0  51.2 0.007302 0.005469 0.001049 hargrave 2023-09-22 18:49:59 
AF 540 265.3  58.5 358.7  45.2 1.09E-06 002.7 129.0  53.7 0.003562 0.003592 0.000446 hargrave 2023-09-22 18:51:22 
AF 560 279.9  60.1 359.0  37.6 1.28E-06 003.2 134.7  47.0 0.005585 0.004460 0.000198 hargrave 2023-09-22 18:52:46 
AF 580 304.2  51.7 351.6  23.0 1.19E-06 004.0 134.6  31.1 0.006102 0.005936 0.000366 hargrave 2023-09-22 18:54:10 
AF 600 301.7  62.7 002.9  27.4 1.09E-06 003.5 144.3  38.9 0.005788 0.003778 0.000505 hargrave 2023-09-22 18:55:33 
AF 650 209.2  79.0 035.2  40.9 9.40E-07 002.7 177.9  59.9 0.004804 0.000801 0.000295 hargrave 2023-09-22 18:56:54 
AF 700 210.8  54.6 038.4  65.3 8.24E-07 001.1 144.4  82.8 0.001124 0.001126 0.001100 hargrave 2023-09-22 18:58:14 
AF 750 223.1  22.9 265.2  79.2 6.28E-07 003.7 037.6  59.7 0.003706 0.001694 0.001483 hargrave 2023-09-22 18:59:34 
AF 800 247.1  57.7 004.1  54.1 4.06E-07 002.4 125.5  63.1 0.001281 0.001247 0.000387 hargrave 2023-09-22 19:00:54 
AF 850 228.4  66.2 024.5  52.7 6.22E-07 001.7 152.5  68.5 0.001640 0.000699 0.001125 hargrave 2023-09-22 19:02:14 
AF 900 227.2 -10.7 233.3  47.3 5.13E-07 005.4 026.1  26.8 0.005190 0.002134 0.001117 hargrave 2023-09-22 19:03:34 
AF 950 223.4  25.2 276.3  80.4 4.69E-07 003.4 040.1  61.6 0.002390 0.001504 0.000176 hargrave 2023-09-22 19:04:55 
AF1000 198.7 -28.0 198.4  30.2 6.38E-07 002.1 355.6  12.9 0.006446 0.001628 0.000688 hargrave 2023-09-22 19:06:15 
