MF8- 38a sun compass orientation
   69.1 220.6  45.0 304.0  60.0   1.0
NRM    314.2  78.9 021.7  27.5 9.07E-06 002.3 180.8  34.0 0.054945 0.019315 0.006424 hargrave 2023-09-11 04:58:25 
AF  10 309.5  78.0 020.4  28.2 8.73E-06 002.1 179.7  33.0 0.049542 0.015741 0.006635 hargrave 2023-09-11 04:59:49 
AF  20 301.5  77.7 019.8  29.8 8.29E-06 002.2 177.7  32.8 0.050120 0.016760 0.006323 hargrave 2023-09-11 05:01:10 
AF  30 292.0  78.1 020.3  31.8 7.90E-06 002.3 175.5  33.6 0.049940 0.015789 0.006333 hargrave 2023-09-11 05:02:30 
AF  40 288.8  77.9 020.2  32.4 7.39E-06 002.2 174.6  33.6 0.046050 0.014929 0.005946 hargrave 2023-09-11 05:03:50 
AF  50 285.4  77.6 019.9  33.2 6.89E-06 002.4 173.7  33.6 0.045842 0.013587 0.005690 hargrave 2023-09-11 05:05:10 
AF  60 279.7  78.4 021.3  34.2 6.77E-06 002.4 172.8  34.8 0.044592 0.013166 0.005689 hargrave 2023-09-11 05:06:30 
AF  70 279.7  78.9 021.8  34.0 6.21E-06 002.5 173.1  35.3 0.042230 0.012020 0.005484 hargrave 2023-09-11 05:07:52 
AF  80 263.6  79.8 024.4  36.2 6.04E-06 002.6 170.6  37.6 0.040034 0.011425 0.005705 hargrave 2023-09-11 05:09:12 
AF  90 256.5  79.6 025.2  37.4 5.71E-06 002.6 169.3  38.4 0.038067 0.010834 0.005227 hargrave 2023-09-11 05:10:32 
AF 100 259.6  80.4 025.5  36.4 5.39E-06 002.7 170.5  38.6 0.036942 0.010352 0.005238 hargrave 2023-09-11 05:11:52 
AF 110 245.4  81.6 028.6  37.0 5.14E-06 002.8 169.9  41.0 0.034704 0.009343 0.005201 hargrave 2023-09-11 05:13:12 
AF 120 227.8  82.1 031.6  37.7 5.01E-06 002.8 169.2  43.5 0.033112 0.008936 0.004911 hargrave 2023-09-11 05:14:32 
AF 130 217.5  80.0 033.2  40.0 4.62E-06 003.0 165.9  44.7 0.030192 0.009084 0.005265 hargrave 2023-09-11 05:15:52 
AF 140 215.0  79.6 033.8  40.4 4.48E-06 003.0 165.3  45.1 0.029006 0.009057 0.005309 hargrave 2023-09-11 05:17:12 
AF 150 207.7  80.0 035.4  39.9 4.28E-06 003.0 165.9  46.4 0.027013 0.009487 0.004644 hargrave 2023-09-11 05:18:32 
AF 160 225.0  77.2 030.7  42.5 4.05E-06 003.1 162.5  42.7 0.026914 0.008758 0.004248 hargrave 2023-09-11 05:19:52 
AF 170 208.8  73.6 036.1  46.4 4.36E-06 003.2 156.5  46.0 0.026254 0.011370 0.004127 hargrave 2023-09-11 05:21:12 
AF 180 197.8  71.9 041.3  47.2 4.08E-06 003.1 154.0  49.2 0.023008 0.010702 0.004466 hargrave 2023-09-11 05:22:32 
AF 190 197.1  71.5 041.8  47.5 3.96E-06 003.1 153.4  49.5 0.022489 0.010523 0.004329 hargrave 2023-09-11 05:23:52 
AF 200 199.5  66.3 043.6  52.6 3.90E-06 003.2 145.5  48.6 0.020216 0.012776 0.004240 hargrave 2023-09-11 05:25:13 
AF 220 199.1  69.1 042.2  50.0 3.29E-06 003.2 149.7  48.8 0.018011 0.009741 0.004021 hargrave 2023-09-11 05:26:33 
AF 240 179.5  69.0 051.1  46.3 3.71E-06 002.9 151.3  55.8 0.017950 0.009386 0.005287 hargrave 2023-09-11 05:27:52 
AF 260 206.0  68.2 038.8  51.5 3.72E-06 003.2 148.6  46.3 0.019690 0.011739 0.004638 hargrave 2023-09-11 05:29:16 
AF 280 192.2  73.0 042.9  45.5 2.68E-06 003.2 156.0  50.8 0.015216 0.006597 0.005156 hargrave 2023-09-11 05:30:36 
AF 300 191.8  68.7 046.1  49.2 2.89E-06 003.1 149.2  51.5 0.014805 0.007768 0.003463 hargrave 2023-09-11 05:31:56 
AF 320 184.7  69.8 048.3  46.9 2.26E-06 003.0 151.7  53.8 0.011281 0.005717 0.002750 hargrave 2023-09-11 05:33:16 
AF 340 178.7  63.9 057.1  49.5 2.23E-06 002.8 142.5  57.4 0.009171 0.006830 0.002711 hargrave 2023-09-11 05:34:36 
AF 360 168.4  67.6 056.2  43.9 1.92E-06 002.8 152.1  60.0 0.008336 0.004700 0.003034 hargrave 2023-09-11 05:35:56 
AF 380 157.1  63.7 063.5  41.1 2.11E-06 002.4 150.8  66.1 0.008028 0.004445 0.003184 hargrave 2023-09-11 05:37:16 
AF 400 146.1  56.8 073.2  36.7 1.64E-06 001.8 146.1  74.7 0.003761 0.003697 0.003717 hargrave 2023-09-11 05:38:36 
AF 420 154.6  57.9 071.4  41.1 2.12E-06 002.2 139.8  70.4 0.005483 0.006054 0.003533 hargrave 2023-09-11 05:40:01 
AF 440 148.0  44.5 088.6  37.0 1.57E-06 001.6 094.0  77.7 0.001055 0.004442 0.003341 hargrave 2023-09-11 05:41:21 
AF 460 154.0  54.2 076.3  41.2 1.86E-06 001.8 129.8  72.4 0.003369 0.004657 0.002773 hargrave 2023-09-11 05:42:41 
AF 480 129.2  33.2 096.4  19.8 1.57E-06 001.5 354.3  78.1 0.003177 0.002907 0.002888 hargrave 2023-09-11 05:44:01 
AF 500 127.3  36.2 092.8  19.6 1.57E-06 001.3 343.1  80.8 0.002602 0.002508 0.003097 hargrave 2023-09-11 05:45:21 
AF 520 151.9  49.8 082.2  40.0 1.34E-06 001.8 116.0  74.9 0.001618 0.004307 0.002385 hargrave 2023-09-11 05:46:41 
AF 540 141.2  43.5 088.8  32.0 1.90E-06 001.3 082.3  82.3 0.001288 0.004133 0.001697 hargrave 2023-09-11 05:48:01 
AF 560 141.1  25.6 108.3  26.4 8.28E-07 002.5 027.0  68.8 0.002861 0.002544 0.001941 hargrave 2023-09-11 05:49:21 
AF 580 183.8  50.1 073.8  59.7 6.02E-07 003.1 117.8  54.5 0.001334 0.003373 0.001822 hargrave 2023-09-11 05:50:41 
AF 600 287.1  69.6 010.3  33.8 8.95E-07 003.2 171.1  25.9 0.008706 0.001757 0.001647 hargrave 2023-09-11 05:52:01 
AF 650 093.5  53.0 065.5  07.7 7.94E-07 002.8 238.1  64.7 0.002699 0.002985 0.000813 hargrave 2023-09-11 05:53:21 
AF 700 113.3  23.7 098.3  03.1 1.17E-06 001.9 320.8  64.5 0.003453 0.002180 0.001330 hargrave 2023-09-11 05:54:42 
AF 750 063.3  39.8 056.9 -15.1 7.91E-07 004.1 251.1  41.4 0.003896 0.005360 0.000267 hargrave 2023-09-11 05:56:06 
AF 800 035.0  01.2 036.0 -58.8 5.84E-07 002.1 265.2 -03.1 0.001745 0.005252 0.001074 hargrave 2023-09-11 05:57:26 
AF 850 105.7  29.7 089.5  00.7 5.65E-07 003.1 299.4  65.2 0.001589 0.002319 0.001378 hargrave 2023-09-11 05:58:47 
AF 900 113.9 -59.9 179.0 -30.6 1.32E-07 008.2 351.4 -15.8 0.001878 0.001825 0.000741 hargrave 2023-09-11 06:01:46 
AF 950 090.3 -07.9 113.3 -33.0 6.24E-07 004.4 314.6  25.9 0.003730 0.003222 0.000456 hargrave 2023-09-11 06:03:06 
AF1000 336.8 -56.6 252.9 -42.5 5.72E-07 003.2 314.8 -70.0 0.002616 0.001780 0.002127 hargrave 2023-09-11 06:04:27 
