MF8- 61a sun compass orientation
  122.7 186.9  38.0 304.0  60.0   1.0
NRM    004.4  71.3 024.6  13.4 5.59E-06 002.4 208.4  47.5 0.023225 0.011038 0.001916 hargrave 2023-09-26 18:51:44 
AF  10 002.7  71.0 024.0  13.4 5.38E-06 002.4 208.4  46.9 0.023195 0.010463 0.001737 hargrave 2023-09-26 18:53:04 
AF  20 002.4  71.3 024.0  13.7 5.17E-06 002.4 208.0  47.0 0.022350 0.010106 0.001641 hargrave 2023-09-26 18:54:25 
AF  30 002.9  71.0 024.0  13.4 4.94E-06 002.5 208.5  47.0 0.021184 0.009900 0.001643 hargrave 2023-09-26 18:55:46 
AF  40 004.6  71.9 025.0  14.0 4.70E-06 002.4 207.5  47.8 0.020161 0.008914 0.001582 hargrave 2023-09-26 18:57:07 
AF  50 000.9  70.5 023.2  13.2 4.37E-06 002.5 208.7  46.2 0.019200 0.008876 0.001554 hargrave 2023-09-26 18:58:27 
AF  60 003.7  71.8 024.6  13.9 4.04E-06 002.5 207.6  47.5 0.017843 0.007670 0.001234 hargrave 2023-09-26 18:59:48 
AF  70 007.6  70.7 025.3  12.5 3.84E-06 002.5 209.8  48.2 0.016583 0.007484 0.001199 hargrave 2023-09-26 19:01:08 
AF  80 008.7  70.3 025.5  12.0 3.66E-06 002.5 210.5  48.5 0.015732 0.007522 0.001018 hargrave 2023-09-26 19:02:29 
AF  90 013.0  69.3 026.6  10.4 3.39E-06 002.5 212.8  49.5 0.014132 0.006966 0.000971 hargrave 2023-09-26 19:03:50 
AF 100 007.9  70.0 025.1  11.7 3.35E-06 002.5 210.8  48.1 0.014781 0.006749 0.000963 hargrave 2023-09-26 19:05:14 
AF 110 009.5  68.0 024.9  09.7 2.94E-06 002.5 213.9  47.8 0.012556 0.006220 0.000740 hargrave 2023-09-26 19:06:35 
AF 120 007.8  63.6 022.6  05.9 2.78E-06 002.7 219.1  45.3 0.012210 0.006879 0.000578 hargrave 2023-09-26 19:07:55 
AF 130 007.8  64.3 022.9  06.6 2.70E-06 002.7 218.2  45.6 0.011900 0.006292 0.000463 hargrave 2023-09-26 19:09:16 
AF 140 007.0  68.6 024.3  10.6 2.48E-06 002.5 212.5  47.2 0.010706 0.005310 0.000471 hargrave 2023-09-26 19:10:36 
AF 150 356.8  67.2 020.2  11.1 2.23E-06 002.7 211.6  43.2 0.010733 0.004934 0.000852 hargrave 2023-09-26 19:11:57 
AF 160 010.2  69.2 025.6  10.7 2.27E-06 002.5 212.3  48.5 0.009862 0.004638 0.000612 hargrave 2023-09-26 19:13:19 
AF 170 002.9  68.0 022.6  10.7 2.29E-06 002.7 212.3  45.6 0.010515 0.004992 0.000564 hargrave 2023-09-26 19:14:40 
AF 180 003.3  66.6 022.1  09.4 2.25E-06 002.7 214.1  45.1 0.010151 0.005050 0.000591 hargrave 2023-09-26 19:16:01 
AF 190 000.6  62.8 019.3  06.5 2.29E-06 002.8 217.8  42.1 0.010713 0.005695 0.000474 hargrave 2023-09-26 19:17:21 
AF 200 011.4  68.9 025.9  10.3 2.43E-06 002.5 213.0  48.8 0.010259 0.004957 0.000242 hargrave 2023-09-26 19:18:42 
AF 220 007.0  73.8 026.5  15.4 2.15E-06 002.4 205.2  49.2 0.009549 0.003583 0.000302 hargrave 2023-09-26 19:20:03 
AF 240 021.8  73.7 030.5  14.0 2.15E-06 002.2 207.0  53.2 0.008575 0.003252 0.000507 hargrave 2023-09-26 19:21:24 
AF 260 012.1  76.9 028.9  17.7 2.17E-06 002.3 201.2  51.3 0.009513 0.003054 0.000334 hargrave 2023-09-26 19:22:45 
AF 280 020.1  68.7 028.9  09.2 2.20E-06 002.4 214.9  51.7 0.008945 0.004206 0.000412 hargrave 2023-09-26 19:24:05 
AF 300 009.8  73.2 027.0  14.5 1.88E-06 002.2 206.6  49.8 0.007635 0.002718 0.000419 hargrave 2023-09-26 19:25:27 
AF 320 014.6  65.7 026.1  06.8 2.11E-06 002.6 218.3  48.8 0.008930 0.004376 0.000275 hargrave 2023-09-26 19:26:48 
AF 340 017.3  71.1 028.6  11.8 1.94E-06 002.4 210.7  51.4 0.008043 0.003393 0.000391 hargrave 2023-09-26 19:28:09 
AF 360 050.6  77.3 037.8  17.7 1.73E-06 002.0 198.4  59.6 0.006366 0.001735 0.000407 hargrave 2023-09-26 19:29:29 
AF 380 004.0  75.6 026.5  17.3 1.68E-06 002.4 202.2  49.1 0.007749 0.002466 0.000799 hargrave 2023-09-26 19:30:50 
AF 400 358.2  71.2 022.8  14.3 1.33E-06 002.6 207.2  45.7 0.006279 0.002543 0.000231 hargrave 2023-09-26 19:32:11 
AF 420 014.4  82.4 031.2  22.8 1.71E-06 002.1 192.4  52.3 0.007311 0.001825 0.000394 hargrave 2023-09-26 19:33:35 
AF 440 032.9  77.0 033.7  17.0 1.44E-06 002.1 201.2  56.0 0.005697 0.001749 0.000174 hargrave 2023-09-26 19:34:56 
AF 460 345.5  63.7 014.3  11.2 1.43E-06 002.9 211.2  37.4 0.007570 0.003260 0.000436 hargrave 2023-09-26 19:36:17 
AF 480 027.3  79.1 032.7  19.1 1.62E-06 002.2 197.8  54.5 0.006690 0.001884 0.000575 hargrave 2023-09-26 19:37:38 
AF 500 024.7  72.7 031.2  12.9 1.15E-06 002.3 208.8  53.9 0.004652 0.001725 0.000455 hargrave 2023-09-26 19:38:59 
AF 520 345.6  76.4 023.2  20.6 1.08E-06 002.4 198.2  45.5 0.005495 0.001516 0.000300 hargrave 2023-09-26 19:40:20 
AF 540 046.8  62.5 039.9  03.0 1.16E-06 001.8 228.6  61.8 0.003198 0.002080 0.000149 hargrave 2023-09-26 19:41:41 
AF 560 037.9  64.9 035.7  05.0 1.39E-06 002.1 223.3  58.0 0.004643 0.002447 0.000539 hargrave 2023-09-26 19:43:01 
AF 580 320.5  55.4 359.5  15.8 9.68E-07 002.9 205.2  23.3 0.006034 0.002318 0.000440 hargrave 2023-09-26 19:44:22 
AF 600 052.3  81.3 036.9  21.7 9.86E-07 001.9 191.5  57.7 0.003906 0.000563 0.000468 hargrave 2023-09-26 19:45:43 
AF 650 059.0  76.0 040.2  17.1 1.03E-06 001.9 198.5  61.9 0.003630 0.000920 0.000549 hargrave 2023-09-26 19:47:04 
AF 700 037.3  56.0 035.8 -03.9 6.83E-07 002.3 239.2  55.8 0.001905 0.002077 0.001045 hargrave 2023-09-26 19:48:24 
AF 750 125.7 -10.1 133.6 -03.5 7.40E-07 003.6 031.1  23.1 0.004350 0.002653 0.000577 hargrave 2023-09-26 19:49:45 
AF 800 112.8  40.2 083.8  11.2 7.84E-07 001.5 049.2  73.9 0.001432 0.001292 0.000973 hargrave 2023-09-26 19:51:07 
AF 850 140.6 -33.1 160.4 -03.8 5.34E-07 003.9 035.4 -03.3 0.003339 0.002123 0.000149 hargrave 2023-09-26 19:52:28 
AF 900 134.5  07.4 122.8  12.8 7.10E-07 003.3 048.3  35.8 0.003242 0.002621 0.000432 hargrave 2023-09-26 19:53:49 
AF 950 151.8  06.8 132.4  27.4 4.48E-07 003.3 065.1  26.4 0.001824 0.002058 0.000656 hargrave 2023-09-26 19:55:10 
AF1000 130.0 -09.3 135.0  00.5 4.97E-07 003.8 035.6  22.5 0.002932 0.001993 0.000589 hargrave 2023-09-26 19:56:31 
