MF8- 33a sun compass orientation
   57.9 180.5  30.0 304.0  60.0   1.0
NRM    325.3  68.7 012.8  20.6 7.18E-06 003.7 204.7  44.6 0.045217 0.022269 0.001947 hargrave 2023-09-10 23:24:58 
AF  10 320.7  68.8 012.1  22.1 6.86E-06 003.6 202.6  43.8 0.044131 0.020653 0.001551 hargrave 2023-09-10 23:26:18 
AF  20 317.6  68.9 011.6  23.2 6.59E-06 003.7 201.2  43.2 0.041893 0.023240 0.001479 hargrave 2023-09-10 23:27:42 
AF  30 314.0  69.1 011.3  24.4 6.25E-06 003.6 199.6  42.8 0.040908 0.018168 0.001358 hargrave 2023-09-10 23:29:02 
AF  40 309.8  69.5 011.2  26.0 5.93E-06 003.5 197.5  42.5 0.040201 0.015943 0.001399 hargrave 2023-09-10 23:30:22 
AF  50 307.8  69.7 011.2  26.7 5.64E-06 003.5 196.5  42.4 0.039024 0.014606 0.001389 hargrave 2023-09-10 23:31:42 
AF  60 304.4  70.2 011.5  27.9 5.42E-06 003.5 194.8  42.4 0.037925 0.013609 0.001376 hargrave 2023-09-10 23:33:02 
AF  70 302.3  71.3 012.6  28.8 5.25E-06 003.5 193.4  43.2 0.036689 0.012400 0.001350 hargrave 2023-09-10 23:34:21 
AF  80 302.2  70.6 011.8  28.7 5.13E-06 003.5 193.7  42.5 0.035301 0.014281 0.001216 hargrave 2023-09-10 23:35:44 
AF  90 300.8  70.0 010.9  29.1 4.81E-06 003.5 193.4  41.7 0.034890 0.011695 0.001206 hargrave 2023-09-10 23:37:04 
AF 100 297.1  70.5 011.4  30.4 4.41E-06 003.5 191.6  41.8 0.032674 0.010030 0.001152 hargrave 2023-09-10 23:38:25 
AF 110 294.7  70.7 011.5  31.2 4.20E-06 003.5 190.5  41.8 0.031352 0.009093 0.001132 hargrave 2023-09-10 23:39:44 
AF 120 295.6  71.7 012.8  31.0 4.07E-06 003.5 190.5  42.8 0.029249 0.009709 0.001343 hargrave 2023-09-10 23:41:07 
AF 130 289.6  73.6 015.0  32.7 3.91E-06 003.5 187.4  44.2 0.028963 0.007548 0.001168 hargrave 2023-09-10 23:42:27 
AF 140 279.5  73.3 015.2  35.6 3.71E-06 003.3 183.5  43.4 0.027397 0.006162 0.001297 hargrave 2023-09-10 23:43:47 
AF 150 284.4  67.8 008.3  35.0 3.39E-06 003.5 186.6  38.2 0.027400 0.007094 0.001193 hargrave 2023-09-10 23:45:07 
AF 160 276.8  73.1 015.3  36.4 3.34E-06 003.3 182.5  43.2 0.025105 0.005211 0.000893 hargrave 2023-09-10 23:46:26 
AF 170 281.9  69.4 010.4  35.6 3.38E-06 003.4 185.2  39.7 0.026697 0.006266 0.001355 hargrave 2023-09-10 23:47:46 
AF 180 262.3  71.5 015.7  41.1 3.19E-06 003.2 176.5  41.6 0.024039 0.004124 0.001303 hargrave 2023-09-10 23:49:06 
AF 190 251.1  68.8 015.7  45.8 2.67E-06 003.0 171.0  39.5 0.020583 0.003580 0.000329 hargrave 2023-09-10 23:50:26 
AF 200 252.5  70.5 017.2  44.2 2.83E-06 003.1 172.1  41.1 0.021277 0.003236 0.001176 hargrave 2023-09-10 23:51:46 
AF 220 257.1  69.1 014.2  43.8 2.95E-06 003.1 173.9  39.4 0.022778 0.003384 0.001500 hargrave 2023-09-10 23:53:06 
AF 240 261.9  62.8 005.2  45.3 2.52E-06 003.1 175.3  32.9 0.021666 0.003281 0.001509 hargrave 2023-09-10 23:54:25 
AF 260 250.3  62.9 009.3  49.8 2.27E-06 003.1 169.1  33.8 0.018859 0.003101 0.001476 hargrave 2023-09-10 23:55:45 
AF 280 247.3  64.6 012.7  49.6 2.00E-06 003.3 168.0  35.9 0.016302 0.002894 0.001851 hargrave 2023-09-10 23:57:05 
AF 300 232.9  54.7 010.7  61.8 2.02E-06 003.3 156.3  28.6 0.015972 0.004465 0.001075 hargrave 2023-09-10 23:58:25 
AF 320 254.1  63.6 008.7  47.9 2.11E-06 003.1 171.3  34.2 0.017780 0.002689 0.001530 hargrave 2023-09-10 23:59:45 
AF 340 219.2  66.1 030.5  53.8 2.04E-06 003.3 154.9  41.7 0.013593 0.004369 0.001082 hargrave 2023-09-11 00:01:05 
AF 360 218.4  64.1 030.6  55.8 1.76E-06 003.4 153.2  40.1 0.011205 0.004753 0.001373 hargrave 2023-09-11 00:02:29 
AF 380 220.2  44.0 016.3  75.1 1.73E-06 004.3 143.4  21.8 0.011640 0.008229 0.001295 hargrave 2023-09-11 00:03:50 
AF 400 221.2  49.5 020.3  69.8 1.76E-06 003.9 146.6  26.5 0.012866 0.006009 0.000904 hargrave 2023-09-11 00:05:10 
AF 420 212.2  45.6 038.7  74.3 1.61E-06 004.0 138.6  25.8 0.009858 0.007070 0.001055 hargrave 2023-09-11 00:06:30 
AF 440 203.0  46.2 058.9  71.7 1.69E-06 003.9 132.7  29.5 0.008779 0.008123 0.000884 hargrave 2023-09-11 00:07:54 
AF 460 205.3  47.5 052.6  71.3 1.38E-06 004.0 135.0  29.8 0.007674 0.006367 0.000802 hargrave 2023-09-11 00:09:15 
AF 480 235.3  48.8 359.3  65.2 1.53E-06 003.4 155.7  22.5 0.012145 0.004067 0.001339 hargrave 2023-09-11 00:10:35 
AF 500 214.8  35.6 027.4  84.4 1.36E-06 004.4 135.7  15.9 0.008208 0.007172 0.001282 hargrave 2023-09-11 00:11:59 
AF 520 231.1  38.9 341.1  73.4 1.49E-06 003.6 149.4  14.1 0.011622 0.004978 0.000528 hargrave 2023-09-11 00:13:19 
AF 540 239.4  58.5 010.0  56.6 1.16E-06 003.1 161.7  31.0 0.009662 0.002182 0.000246 hargrave 2023-09-11 00:14:40 
AF 560 207.5  61.2 040.0  58.5 1.40E-06 003.5 145.7  40.5 0.008208 0.004505 0.000767 hargrave 2023-09-11 00:16:01 
AF 580 217.0  52.8 029.4  67.1 1.58E-06 003.7 145.6  30.7 0.010477 0.005233 0.000591 hargrave 2023-09-11 00:17:21 
AF 600 224.2  61.1 024.7  58.1 1.92E-06 003.3 154.4  36.3 0.013532 0.004901 0.000413 hargrave 2023-09-11 00:18:42 
AF 650 223.1  67.3 028.2  52.3 1.55E-06 003.2 157.6  41.9 0.009941 0.003603 0.000813 hargrave 2023-09-11 00:20:06 
AF 700 222.2  70.7 029.9  49.0 1.32E-06 003.2 159.6  45.0 0.008429 0.002370 0.001341 hargrave 2023-09-11 00:21:27 
AF 750 195.4  46.0 071.0  68.4 1.28E-06 003.7 127.5  32.2 0.005554 0.006714 0.000613 hargrave 2023-09-11 00:22:48 
AF 800 202.4  55.6 048.6  63.1 8.74E-07 003.6 138.6  37.5 0.004140 0.003482 0.001912 hargrave 2023-09-11 00:24:12 
AF 850 216.3  53.1 030.5  66.8 1.05E-06 003.7 145.3  31.2 0.006675 0.003599 0.001280 hargrave 2023-09-11 00:25:37 
AF 900 192.2  20.6 144.5  68.2 7.39E-07 002.8 110.3  12.1 0.001910 0.005065 0.001366 hargrave 2023-09-11 00:26:58 
AF 950 184.7  54.0 066.9  58.0 8.07E-07 003.2 127.0  42.8 0.003061 0.003845 0.000930 hargrave 2023-09-11 00:28:19 
AF1000 189.4  12.7 155.9  61.4 6.57E-07 001.6 104.0  06.6 0.001169 0.005052 0.000657 hargrave 2023-09-11 00:29:41 
