MF8- 58a sun compass orientation
  111.7 242.1  28.0 304.0  60.0   1.0
NRM    323.1  75.9 019.4  24.6 6.05E-06 001.7 176.7  48.0 0.022833 0.006526 0.003618 hargrave 2023-09-25 23:07:19 
AF  10 324.6  75.5 019.1  24.1 5.85E-06 001.7 177.2  47.6 0.022274 0.005397 0.003592 hargrave 2023-09-25 23:08:40 
AF  20 326.1  75.7 019.5  23.8 5.56E-06 001.7 177.8  47.7 0.021534 0.005054 0.003365 hargrave 2023-09-25 23:10:01 
AF  30 329.9  75.8 020.1  23.0 5.24E-06 001.7 179.2  47.8 0.020444 0.004865 0.003248 hargrave 2023-09-25 23:11:22 
AF  40 329.3  76.4 020.6  23.5 4.94E-06 001.8 179.0  48.4 0.019261 0.004540 0.003123 hargrave 2023-09-25 23:12:43 
AF  50 330.7  73.0 017.7  21.4 4.65E-06 001.8 179.4  45.0 0.019568 0.004693 0.002844 hargrave 2023-09-25 23:14:04 
AF  60 330.4  73.2 017.8  21.6 4.36E-06 001.8 179.3  45.2 0.018151 0.004162 0.002392 hargrave 2023-09-25 23:15:25 
AF  70 334.6  75.6 020.7  22.0 3.97E-06 001.9 180.9  47.6 0.016624 0.003588 0.002535 hargrave 2023-09-25 23:16:46 
AF  80 328.7  74.4 018.6  22.6 3.95E-06 001.8 178.7  46.4 0.016279 0.003515 0.002288 hargrave 2023-09-25 23:18:10 
AF  90 320.5  74.5 017.7  24.6 3.73E-06 001.7 175.5  46.8 0.015142 0.002963 0.001908 hargrave 2023-09-25 23:19:31 
AF 100 328.4  72.7 017.0  21.8 3.39E-06 001.8 178.4  44.7 0.014679 0.003273 0.002185 hargrave 2023-09-25 23:20:52 
AF 110 325.0  75.7 019.3  24.0 3.32E-06 001.8 177.4  47.7 0.013675 0.002875 0.001774 hargrave 2023-09-25 23:22:14 
AF 120 324.9  72.2 016.0  22.4 2.99E-06 001.8 176.9  44.2 0.012893 0.002643 0.001647 hargrave 2023-09-25 23:23:35 
AF 130 313.2  72.7 014.9  25.8 2.55E-06 001.7 172.1  45.3 0.010806 0.001642 0.001191 hargrave 2023-09-25 23:24:55 
AF 140 311.3  74.4 016.6  26.9 2.49E-06 001.7 171.9  47.1 0.010238 0.001564 0.001177 hargrave 2023-09-25 23:26:16 
AF 150 301.5  81.9 024.7  30.0 2.12E-06 001.7 172.9  54.8 0.007599 0.001025 0.001090 hargrave 2023-09-25 23:27:37 
AF 160 300.5  83.4 026.4  30.2 1.92E-06 001.8 173.8  56.2 0.006904 0.001129 0.001636 hargrave 2023-09-25 23:28:58 
AF 170 258.3  82.2 027.3  35.4 1.93E-06 001.6 165.4  59.0 0.006238 0.000775 0.000921 hargrave 2023-09-25 23:30:20 
AF 180 275.7  79.7 023.0  34.4 1.58E-06 001.6 164.8  55.3 0.005364 0.000372 0.000969 hargrave 2023-09-25 23:31:41 
AF 190 011.7  88.9 033.5  28.9 1.56E-06 001.7 181.5  61.1 0.004900 0.001107 0.001231 hargrave 2023-09-25 23:33:01 
AF 200 277.6  88.3 032.2  30.8 1.44E-06 001.6 177.1  61.0 0.004565 0.000861 0.000934 hargrave 2023-09-25 23:34:23 
AF 220 198.7  81.2 037.0  38.5 1.45E-06 001.3 163.2  67.2 0.003567 0.000151 0.000515 hargrave 2023-09-25 23:35:44 
AF 240 201.1  84.4 035.5  35.4 1.37E-06 001.5 169.9  65.3 0.003861 0.000465 0.000326 hargrave 2023-09-25 23:37:05 
AF 260 125.4  84.3 040.5  30.0 1.24E-06 001.6 186.5  66.9 0.003638 0.000969 0.000551 hargrave 2023-09-25 23:38:26 
AF 280 118.6  70.2 056.1  26.3 9.33E-07 001.5 224.1  74.4 0.001976 0.001470 0.000383 hargrave 2023-09-25 23:39:47 
AF 300 152.5  73.3 052.4  36.7 9.86E-07 001.2 179.3  78.7 0.002016 0.000735 0.000364 hargrave 2023-09-25 23:41:08 
AF 320 177.1  60.7 061.7  50.8 1.00E-06 001.0 095.0  78.0 0.001361 0.001029 0.000490 hargrave 2023-09-25 23:42:28 
AF 340 169.3  52.5 076.2  50.5 1.01E-06 001.2 052.0  76.8 0.001412 0.001538 0.000438 hargrave 2023-09-25 23:43:49 
AF 360 129.4  65.9 061.8  29.3 1.24E-06 001.1 238.9  79.4 0.001822 0.001487 0.000383 hargrave 2023-09-25 23:45:10 
AF 380 159.0  54.0 076.2  44.1 7.94E-07 001.3 027.3  81.2 0.001463 0.001138 0.001029 hargrave 2023-09-25 23:46:31 
AF 400 144.7  35.2 099.1  32.6 7.55E-07 002.0 346.6  62.8 0.002511 0.001237 0.000587 hargrave 2023-09-25 23:47:53 
AF 420 133.4  63.1 065.3  30.7 1.12E-06 001.3 254.6  81.3 0.002188 0.001471 0.000964 hargrave 2023-09-25 23:49:14 
AF 440 136.5  55.5 074.3  31.2 9.66E-07 001.0 302.1  79.6 0.001204 0.001204 0.000480 hargrave 2023-09-25 23:50:35 
AF 460 083.7  56.6 059.0  06.3 4.11E-07 002.0 247.5  56.3 0.001087 0.001046 0.000618 hargrave 2023-09-25 23:51:56 
AF 480 082.4  41.5 068.2 -05.6 5.45E-07 002.2 263.4  45.0 0.001293 0.002102 0.000330 hargrave 2023-09-25 23:53:17 
AF 500 138.2  53.8 076.4  31.9 1.18E-06 001.1 312.0  79.0 0.001681 0.001619 0.000844 hargrave 2023-09-25 23:54:38 
AF 520 160.0  58.9 069.3  43.7 1.14E-06 001.2 055.2  85.0 0.001829 0.001458 0.000536 hargrave 2023-09-25 23:55:59 
AF 540 150.2  40.9 093.5  38.1 5.95E-07 001.9 356.1  68.9 0.001975 0.000897 0.000343 hargrave 2023-09-25 23:57:23 
AF 560 134.9  58.4 070.7  30.8 1.28E-06 001.2 285.0  80.8 0.001959 0.001864 0.000397 hargrave 2023-09-25 23:58:44 
AF 580 129.4  58.7 069.9  28.0 7.72E-07 001.5 276.5  78.3 0.001365 0.001461 0.000462 hargrave 2023-09-26 00:00:06 
AF 600 126.4  70.5 056.4  28.9 5.45E-07 001.6 219.4  76.8 0.001244 0.000849 0.000257 hargrave 2023-09-26 00:01:26 
AF 650 157.4  40.1 095.4  43.4 9.73E-07 001.8 010.9  67.9 0.002880 0.001739 0.000525 hargrave 2023-09-26 00:02:47 
AF 700 145.0  69.0 058.3  35.3 5.94E-07 001.1 199.8  82.4 0.000914 0.000673 0.000924 hargrave 2023-09-26 00:04:08 
AF 750 153.8  27.4 110.9  37.7 6.82E-07 002.0 002.6  55.4 0.002912 0.001205 0.000696 hargrave 2023-09-26 00:05:28 
AF 800 144.5  20.2 115.2  27.2 2.44E-07 004.1 349.3  47.9 0.001360 0.001396 0.000692 hargrave 2023-09-26 00:06:50 
AF 850 229.9  68.8 025.1  50.1 4.46E-07 002.0 136.4  59.2 0.001261 0.000999 0.000417 hargrave 2023-09-26 00:08:10 
AF 900 206.6  16.9 185.0  75.2 4.89E-07 003.2 065.5  31.2 0.002067 0.002028 0.000692 hargrave 2023-09-26 00:09:32 
AF 950 155.3  55.7 074.3  41.8 7.66E-07 001.5 016.0  83.4 0.001656 0.001190 0.000343 hargrave 2023-09-26 00:10:53 
AF1000 200.6 -00.4 188.8  57.1 4.39E-07 003.8 051.9  17.8 0.002238 0.001652 0.001099 hargrave 2023-09-26 00:12:14 
