MF8- 47a sun compass orientation
     87 276.7  30.0 304.0  60.0   1.0
NRM    331.5  76.6 021.1  23.2 8.08E-06 002.3 168.4  48.4 0.040261 0.009079 0.004896 hargrave 2023-09-19 20:39:40 
AF  10 332.3  76.1 020.8  22.8 7.90E-06 002.3 168.4  47.9 0.039758 0.008277 0.004867 hargrave 2023-09-19 20:41:02 
AF  20 332.9  75.8 020.6  22.5 7.58E-06 002.3 168.4  47.6 0.039001 0.008156 0.004363 hargrave 2023-09-19 20:42:22 
AF  30 334.6  75.5 020.6  22.0 7.27E-06 002.4 168.8  47.1 0.038350 0.007566 0.004388 hargrave 2023-09-19 20:43:43 
AF  40 334.4  75.0 020.1  21.7 6.88E-06 002.4 168.4  46.6 0.037282 0.007269 0.004030 hargrave 2023-09-19 20:45:04 
AF  50 335.1  74.9 020.2  21.5 6.66E-06 002.4 168.6  46.5 0.036783 0.007152 0.003955 hargrave 2023-09-19 20:46:24 
AF  60 335.5  74.4 019.8  21.1 6.39E-06 002.8 168.4  46.0 0.040729 0.005838 0.004006 hargrave 2023-09-19 20:47:48 
AF  70 339.4  74.7 020.7  20.5 6.03E-06 002.5 170.0  45.9 0.034945 0.005570 0.003877 hargrave 2023-09-19 20:49:09 
AF  80 342.1  75.4 021.8  20.5 6.05E-06 002.5 171.3  46.4 0.034895 0.005417 0.003935 hargrave 2023-09-19 20:50:31 
AF  90 333.2  74.9 019.8  21.9 5.69E-06 002.6 167.9  46.7 0.033235 0.005909 0.003982 hargrave 2023-09-19 20:51:51 
AF 100 339.2  75.1 021.0  20.8 5.48E-06 002.6 170.1  46.3 0.032737 0.004984 0.003755 hargrave 2023-09-19 20:53:12 
AF 110 340.3  77.2 022.9  21.9 5.48E-06 002.6 171.5  48.2 0.032104 0.004495 0.003578 hargrave 2023-09-19 20:54:33 
AF 120 329.5  76.1 020.3  23.3 5.08E-06 002.7 167.4  48.1 0.029884 0.005161 0.003504 hargrave 2023-09-19 20:55:53 
AF 130 336.9  77.4 022.5  22.6 5.07E-06 002.6 170.5  48.6 0.030159 0.004114 0.003717 hargrave 2023-09-19 20:57:14 
AF 140 339.9  75.3 021.3  20.7 4.75E-06 002.7 170.4  46.4 0.029477 0.004161 0.003508 hargrave 2023-09-19 20:58:39 
AF 150 336.8  77.0 022.2  22.5 4.58E-06 002.7 170.3  48.3 0.028259 0.003917 0.003241 hargrave 2023-09-19 21:00:00 
AF 160 325.6  75.6 019.4  23.9 4.55E-06 002.8 165.9  48.2 0.027496 0.005285 0.003132 hargrave 2023-09-19 21:01:20 
AF 170 329.5  76.8 021.0  23.7 4.49E-06 002.7 167.9  48.7 0.027185 0.004204 0.003129 hargrave 2023-09-19 21:02:41 
AF 180 338.0  74.2 020.1  20.5 4.04E-06 002.8 169.2  45.6 0.026336 0.003698 0.002627 hargrave 2023-09-19 21:04:02 
AF 190 328.6  76.6 020.7  23.8 3.78E-06 002.9 167.5  48.7 0.023774 0.003718 0.002888 hargrave 2023-09-19 21:05:22 
AF 200 336.6  78.2 023.2  23.2 3.75E-06 002.9 170.9  49.4 0.023840 0.002523 0.002719 hargrave 2023-09-19 21:06:43 
AF 220 340.4  79.4 024.7  23.4 3.48E-06 002.9 172.7  50.3 0.022324 0.002031 0.002404 hargrave 2023-09-19 21:08:03 
AF 240 010.5  78.9 029.3  19.8 3.21E-06 003.0 181.1  49.0 0.021650 0.002486 0.002594 hargrave 2023-09-19 21:09:24 
AF 260 013.8  81.6 030.9  22.1 3.13E-06 003.0 181.7  51.7 0.020366 0.002360 0.001828 hargrave 2023-09-19 21:10:45 
AF 280 005.9  76.9 027.6  18.3 3.15E-06 003.0 179.7  46.9 0.022183 0.002374 0.002318 hargrave 2023-09-19 21:12:06 
AF 300 353.1  79.7 026.7  22.0 3.30E-06 002.9 176.2  49.9 0.021491 0.001395 0.002338 hargrave 2023-09-19 21:13:27 
AF 320 357.3  75.3 024.8  17.9 2.73E-06 003.0 176.6  45.4 0.019794 0.001551 0.002292 hargrave 2023-09-19 21:14:48 
AF 340 357.4  73.5 023.9  16.4 2.47E-06 003.1 176.4  43.7 0.018799 0.001868 0.002247 hargrave 2023-09-19 21:16:09 
AF 360 323.3  67.3 011.1  20.5 2.66E-06 003.3 159.4  41.2 0.018654 0.005752 0.001393 hargrave 2023-09-19 21:17:30 
AF 380 340.3  68.4 016.0  16.1 2.77E-06 003.1 167.7  39.9 0.021075 0.004180 0.001904 hargrave 2023-09-19 21:18:51 
AF 400 340.5  85.1 029.5  27.0 2.75E-06 002.9 176.1  55.5 0.016715 0.000556 0.001482 hargrave 2023-09-19 21:20:12 
AF 420 036.1  79.9 034.4  19.9 2.58E-06 003.2 187.8  50.9 0.017423 0.003275 0.001491 hargrave 2023-09-19 21:21:33 
AF 440 342.5  75.5 022.0  20.5 2.24E-06 003.1 171.5  46.4 0.016192 0.001680 0.001796 hargrave 2023-09-19 21:22:54 
AF 460 314.9  68.5 010.9  23.9 2.29E-06 003.5 156.5  43.9 0.015388 0.005607 0.001383 hargrave 2023-09-19 21:24:15 
AF 480 343.4  75.1 021.8  20.0 2.03E-06 003.2 171.6  46.0 0.014836 0.001928 0.001067 hargrave 2023-09-19 21:25:35 
AF 500 020.4  68.8 029.0  09.3 2.29E-06 003.3 186.3  39.1 0.018973 0.003639 0.002297 hargrave 2023-09-19 21:26:56 
AF 520 346.7  76.9 023.7  20.7 2.31E-06 003.1 173.4  47.5 0.016454 0.001956 0.002387 hargrave 2023-09-19 21:29:05 
AF 540 313.5  71.0 013.2  25.2 2.26E-06 003.4 157.9  46.2 0.014909 0.005074 0.001060 hargrave 2023-09-19 21:30:26 
AF 560 009.3  64.8 023.7  06.7 1.76E-06 003.0 181.3  34.8 0.015124 0.002304 0.001210 hargrave 2023-09-19 21:31:46 
AF 580 038.3  83.2 034.6  23.2 1.62E-06 003.2 186.1  54.0 0.010634 0.001650 0.001486 hargrave 2023-09-19 21:33:07 
AF 600 027.4  79.7 032.7  19.7 1.70E-06 003.4 185.7  50.2 0.012219 0.002216 0.002031 hargrave 2023-09-19 21:34:28 
AF 650 290.4  77.9 020.1  32.1 1.87E-06 003.1 159.1  55.3 0.010855 0.003103 0.001419 hargrave 2023-09-19 21:35:49 
AF 700 304.1  57.7 357.9  25.0 2.03E-06 004.1 143.3  37.5 0.013256 0.008380 0.002027 hargrave 2023-09-19 21:37:10 
AF 750 248.7  79.6 026.5  38.3 2.42E-06 002.5 159.2  63.4 0.011038 0.002800 0.002679 hargrave 2023-09-19 21:38:30 
AF 800 326.4  71.5 015.6  21.7 1.65E-06 003.3 163.3  44.5 0.012045 0.002420 0.002278 hargrave 2023-09-19 21:39:51 
AF 850 266.2  71.0 014.3  40.2 1.60E-06 003.0 142.8  58.1 0.007370 0.004090 0.001613 hargrave 2023-09-19 21:41:12 
AF 900 321.4  45.5 351.2  10.1 1.30E-06 004.4 147.6  21.8 0.010397 0.004975 0.002013 hargrave 2023-09-19 21:42:33 
AF 950 332.0  58.1 005.5  12.1 1.20E-06 003.6 159.4  31.2 0.009962 0.002841 0.001502 hargrave 2023-09-19 21:43:54 
AF1000 299.9  63.6 003.8  28.4 1.63E-06 003.8 145.8  43.5 0.010008 0.005642 0.001076 hargrave 2023-09-19 21:45:16 
