MF8- 48a sun compass orientation
     88 207.2  12.0 304.0  60.0   1.0
NRM    000.3  67.9 021.7  11.1 7.62E-06 002.9 223.0  60.6 0.030946 0.023915 0.004851 hargrave 2023-09-19 21:46:42 
AF  10 359.1  67.5 021.1  10.9 7.34E-06 003.0 222.6  60.0 0.030069 0.023499 0.004703 hargrave 2023-09-19 21:48:02 
AF  20 357.3  66.9 020.2  10.8 7.07E-06 003.0 221.7  59.2 0.029727 0.022632 0.004528 hargrave 2023-09-19 21:49:23 
AF  30 357.6  67.0 020.4  10.8 6.76E-06 003.0 221.8  59.3 0.028650 0.021196 0.004318 hargrave 2023-09-19 21:50:43 
AF  40 000.1  67.5 021.5  10.8 6.44E-06 003.0 223.2  60.2 0.026558 0.020415 0.003778 hargrave 2023-09-19 21:52:03 
AF  50 001.3  67.4 021.8  10.5 6.29E-06 003.0 224.2  60.2 0.025616 0.020176 0.003916 hargrave 2023-09-19 21:53:23 
AF  60 001.4  66.4 021.4  09.6 5.88E-06 003.1 225.0  59.4 0.024762 0.020096 0.003649 hargrave 2023-09-19 21:54:43 
AF  70 002.3  64.9 021.0  08.0 5.60E-06 003.2 226.7  58.0 0.024234 0.019704 0.003470 hargrave 2023-09-19 21:56:03 
AF  80 000.8  65.8 020.8  09.1 5.36E-06 003.2 225.0  58.6 0.023273 0.018375 0.003454 hargrave 2023-09-19 21:57:23 
AF  90 358.0  65.8 019.8  09.7 5.00E-06 003.2 222.8  58.3 0.022669 0.017028 0.003289 hargrave 2023-09-19 21:58:47 
AF 100 357.4  64.0 018.7  08.3 4.85E-06 003.4 223.5  56.5 0.022528 0.017465 0.003287 hargrave 2023-09-19 22:00:07 
AF 110 000.7  61.8 018.9  05.7 4.66E-06 003.5 227.4  54.9 0.021724 0.018098 0.003304 hargrave 2023-09-19 22:01:31 
AF 120 001.2  60.0 018.3  04.0 4.62E-06 003.5 228.7  53.3 0.021678 0.018758 0.003329 hargrave 2023-09-19 22:02:55 
AF 130 358.9  62.9 018.7  07.0 4.29E-06 003.5 225.4  55.7 0.020111 0.016411 0.003140 hargrave 2023-09-19 22:04:18 
AF 140 355.1  62.2 016.8  07.4 4.03E-06 003.6 222.8  54.5 0.019980 0.015225 0.002872 hargrave 2023-09-19 22:05:39 
AF 150 348.2  61.9 014.0  09.0 4.02E-06 003.7 217.7  53.2 0.021621 0.014673 0.002578 hargrave 2023-09-19 22:07:03 
AF 160 346.1  62.1 013.4  09.8 3.86E-06 003.7 216.0  53.2 0.021255 0.013748 0.002861 hargrave 2023-09-19 22:08:23 
AF 170 356.9  67.7 020.5  11.6 3.87E-06 003.2 220.8  59.9 0.017471 0.012952 0.002486 hargrave 2023-09-19 22:09:43 
AF 180 349.1  61.9 014.3  08.7 3.70E-06 003.7 218.4  53.4 0.019928 0.013598 0.002798 hargrave 2023-09-19 22:11:03 
AF 190 346.6  61.2 013.0  09.0 3.56E-06 003.8 216.8  52.4 0.019963 0.013000 0.002664 hargrave 2023-09-19 22:12:23 
AF 200 352.0  62.6 015.8  08.5 3.22E-06 003.7 220.3  54.4 0.016954 0.012082 0.002328 hargrave 2023-09-19 22:13:43 
AF 220 331.3  64.3 010.4  16.2 2.75E-06 003.5 204.3  53.8 0.016638 0.007204 0.002066 hargrave 2023-09-19 22:15:03 
AF 240 336.8  69.5 016.0  17.7 2.83E-06 003.1 206.0  59.3 0.014650 0.006801 0.001758 hargrave 2023-09-19 22:16:27 
AF 260 339.2  65.6 013.6  14.4 2.64E-06 003.5 209.5  55.8 0.014978 0.007631 0.001818 hargrave 2023-09-19 22:17:47 
AF 280 353.4  71.5 021.7  15.4 2.32E-06 002.8 215.5  63.0 0.009547 0.006210 0.001815 hargrave 2023-09-19 22:19:08 
AF 300 354.7  68.7 020.3  12.8 2.19E-06 003.3 218.6  60.5 0.010479 0.006814 0.001666 hargrave 2023-09-19 22:20:28 
AF 320 305.9  71.5 013.0  27.7 2.35E-06 002.9 185.4  59.6 0.013051 0.002199 0.001470 hargrave 2023-09-19 22:21:52 
AF 340 341.6  76.1 022.2  21.0 2.46E-06 002.7 204.5  66.0 0.010666 0.004777 0.001670 hargrave 2023-09-19 22:23:12 
AF 360 357.2  76.7 025.6  19.1 2.35E-06 002.5 212.4  68.1 0.009162 0.004956 0.001047 hargrave 2023-09-19 22:24:32 
AF 380 330.4  77.8 022.0  24.0 2.11E-06 002.6 197.1  66.8 0.009254 0.003378 0.001136 hargrave 2023-09-19 22:25:52 
AF 400 355.5  74.9 024.2  17.8 2.15E-06 002.7 213.5  66.3 0.008951 0.005229 0.001305 hargrave 2023-09-19 22:27:12 
AF 420 315.1  73.6 016.1  25.6 1.66E-06 002.9 190.7  61.9 0.009111 0.001842 0.000562 hargrave 2023-09-19 22:28:33 
AF 440 348.8  75.4 023.1  19.3 1.79E-06 002.7 209.1  66.1 0.007581 0.004078 0.001409 hargrave 2023-09-19 22:29:53 
AF 460 351.7  77.4 025.0  20.4 1.64E-06 002.6 208.5  68.2 0.007014 0.003507 0.000610 hargrave 2023-09-19 22:31:13 
AF 480 321.7  73.6 016.9  23.9 1.77E-06 002.9 194.6  62.2 0.009203 0.003037 0.001183 hargrave 2023-09-19 22:32:33 
AF 500 262.4  75.0 019.6  39.2 1.58E-06 002.6 160.1  64.3 0.007392 0.002216 0.000367 hargrave 2023-09-19 22:33:53 
AF 520 016.7  86.9 033.0  27.0 1.85E-06 001.7 193.9  77.1 0.005228 0.002229 0.000794 hargrave 2023-09-19 22:35:13 
AF 540 351.0  75.1 023.3  18.7 1.84E-06 002.8 210.7  66.0 0.007977 0.004299 0.000833 hargrave 2023-09-19 22:36:33 
AF 560 293.4  72.4 013.6  31.7 1.27E-06 003.0 177.7  60.4 0.007307 0.001270 0.000330 hargrave 2023-09-19 22:37:53 
AF 580 309.7  62.9 004.2  24.0 1.64E-06 003.4 189.0  51.1 0.011516 0.002174 0.000404 hargrave 2023-09-19 22:39:13 
AF 600 333.8  56.7 005.0  10.5 1.45E-06 004.2 208.4  46.5 0.010490 0.005172 0.000346 hargrave 2023-09-19 22:40:37 
AF 650 333.1  79.6 024.0  24.6 1.29E-06 002.4 196.9  68.7 0.005363 0.001889 0.000469 hargrave 2023-09-19 22:41:57 
AF 700 305.3  67.0 008.0  26.9 1.50E-06 003.2 185.5  55.1 0.009953 0.001949 0.000731 hargrave 2023-09-19 22:43:18 
AF 750 248.2  64.8 012.5  49.2 1.20E-06 003.2 145.2  55.8 0.006222 0.003395 0.000558 hargrave 2023-09-19 22:44:38 
AF 800 320.8  56.1 000.2  16.0 1.34E-06 003.9 198.4  44.9 0.010562 0.003662 0.000262 hargrave 2023-09-19 22:45:59 
AF 850 304.4  72.4 013.9  28.3 1.44E-06 003.0 184.4  60.4 0.008381 0.001414 0.000285 hargrave 2023-09-19 22:47:20 
AF 900 300.6  77.2 019.3  29.9 1.12E-06 002.9 181.8  65.3 0.005942 0.001944 0.000265 hargrave 2023-09-19 22:48:40 
AF 950 319.3  60.1 003.5  18.6 1.15E-06 003.6 196.6  48.7 0.008634 0.002397 0.000567 hargrave 2023-09-19 22:50:01 
AF1000 254.4  71.5 017.6  43.1 1.36E-06 002.7 153.1  61.5 0.006025 0.002776 0.000569 hargrave 2023-09-19 22:51:25 
