MF8- 28a mag compass orientation (IGRF corrected)
   39.7 126.1  63.0 304.0  60.0   1.0
NRM    354.5  77.7 025.7  20.2 6.59E-06 003.1 190.0  35.9 0.046506 0.016257 0.002978 hargrave 2023-09-10 17:55:18 
AF  10 354.7  78.8 026.4  21.1 6.45E-06 002.9 189.0  35.1 0.045364 0.014510 0.002916 hargrave 2023-09-10 17:56:39 
AF  20 353.1  79.3 026.5  21.7 6.24E-06 002.9 188.8  34.5 0.044636 0.013985 0.002766 hargrave 2023-09-10 17:57:59 
AF  30 353.4  79.9 026.9  22.1 6.00E-06 002.9 188.3  34.2 0.043470 0.013284 0.002689 hargrave 2023-09-10 17:59:19 
AF  40 357.2  80.4 027.8  22.2 5.78E-06 002.8 187.3  34.3 0.041054 0.011605 0.002525 hargrave 2023-09-10 18:00:40 
AF  50 005.0  81.1 029.4  22.1 5.59E-06 002.8 185.6  34.5 0.041344 0.011092 0.002747 hargrave 2023-09-10 18:02:01 
AF  60 006.1  81.5 029.7  22.4 5.16E-06 002.9 185.2  34.3 0.039050 0.010345 0.002477 hargrave 2023-09-10 18:03:21 
AF  70 009.5  81.7 030.3  22.4 4.91E-06 002.9 184.5  34.4 0.037425 0.009476 0.002359 hargrave 2023-09-10 18:04:41 
AF  80 021.3  81.7 032.1  21.9 4.77E-06 002.8 182.6  35.0 0.036350 0.008315 0.002000 hargrave 2023-09-10 18:06:02 
AF  90 023.5  82.5 032.5  22.7 4.50E-06 002.8 182.0  34.3 0.034854 0.007815 0.001747 hargrave 2023-09-10 18:07:22 
AF 100 048.5  83.3 035.8  23.5 4.32E-06 002.7 178.3  33.5 0.033402 0.006860 0.001598 hargrave 2023-09-10 18:08:42 
AF 110 042.6  82.2 035.3  22.3 4.12E-06 002.7 178.9  34.7 0.032328 0.006562 0.001676 hargrave 2023-09-10 18:10:02 
AF 120 050.0  83.9 035.8  24.1 4.01E-06 002.6 178.2  32.9 0.030909 0.005543 0.001530 hargrave 2023-09-10 18:11:23 
AF 130 054.8  78.6 038.3  19.3 3.83E-06 002.7 175.4  37.7 0.028618 0.005121 0.002069 hargrave 2023-09-10 18:12:43 
AF 140 058.1  77.5 039.3  18.5 3.47E-06 002.8 174.1  38.4 0.026453 0.004384 0.001482 hargrave 2023-09-10 18:14:03 
AF 150 073.4  81.0 040.2  22.9 3.41E-06 002.6 173.4  34.0 0.026782 0.004488 0.001610 hargrave 2023-09-10 18:15:22 
AF 160 063.7  77.9 040.3  19.3 3.08E-06 002.7 173.0  37.5 0.023251 0.004042 0.001867 hargrave 2023-09-10 18:16:42 
AF 170 062.8  78.7 039.8  20.0 2.88E-06 002.7 173.7  37.0 0.022226 0.003947 0.001590 hargrave 2023-09-10 18:18:02 
AF 180 080.1  78.6 042.8  21.8 2.71E-06 002.7 170.4  34.9 0.021296 0.003701 0.001302 hargrave 2023-09-10 18:19:22 
AF 190 069.7  78.6 041.1  20.6 2.74E-06 002.7 172.2  36.3 0.021468 0.003646 0.001654 hargrave 2023-09-10 18:20:41 
AF 200 084.0  75.9 045.5  20.5 2.72E-06 002.7 167.2  35.8 0.020584 0.003665 0.001583 hargrave 2023-09-10 18:22:01 
AF 220 057.5  76.8 039.5  17.8 2.31E-06 002.9 173.9  39.1 0.017641 0.003285 0.001438 hargrave 2023-09-10 18:23:21 
AF 240 086.4  75.8 046.0  20.8 2.25E-06 002.7 166.7  35.4 0.016973 0.003038 0.001067 hargrave 2023-09-10 18:24:40 
AF 260 073.0  71.8 045.7  15.4 2.19E-06 002.8 165.7  40.8 0.015552 0.002814 0.001134 hargrave 2023-09-10 18:26:00 
AF 280 093.3  71.6 050.8  19.5 2.36E-06 002.8 160.9  35.7 0.016986 0.003898 0.001058 hargrave 2023-09-10 18:27:21 
AF 300 066.9  72.3 043.8  14.8 1.83E-06 002.8 168.0  41.7 0.012905 0.002189 0.001058 hargrave 2023-09-10 18:28:41 
AF 320 067.9  63.8 048.4  07.6 2.06E-06 002.9 159.8  47.8 0.012533 0.002742 0.001290 hargrave 2023-09-10 18:30:01 
AF 340 082.6  60.2 056.1  08.6 1.62E-06 002.9 149.7  44.4 0.009220 0.003296 0.000513 hargrave 2023-09-10 18:31:21 
AF 360 097.9  57.4 063.7  12.5 1.58E-06 003.2 143.2  37.5 0.008919 0.004501 0.000747 hargrave 2023-09-10 18:32:40 
AF 380 071.0  63.3 049.8  07.8 1.40E-06 002.9 157.7  47.2 0.008468 0.002066 0.000882 hargrave 2023-09-10 18:33:59 
AF 400 079.9  51.0 060.8  00.5 1.40E-06 002.7 138.2  49.3 0.005843 0.003631 0.001213 hargrave 2023-09-10 18:35:19 
AF 420 054.5  60.3 044.0  01.9 1.42E-06 002.7 164.4  54.4 0.007789 0.001592 0.001514 hargrave 2023-09-10 18:36:39 
AF 440 064.8  53.3 051.8 -02.5 1.13E-06 002.5 149.0  56.2 0.005219 0.001830 0.000963 hargrave 2023-09-10 18:37:59 
AF 460 061.0  62.3 046.2  04.8 1.16E-06 002.8 161.9  51.1 0.006707 0.001332 0.001271 hargrave 2023-09-10 18:39:18 
AF 480 081.5  57.8 057.3  06.4 1.47E-06 002.9 147.0  45.9 0.007934 0.003111 0.001035 hargrave 2023-09-10 18:40:38 
AF 500 067.6  78.9 040.6  20.6 1.18E-06 002.7 172.8  36.3 0.009068 0.001377 0.000905 hargrave 2023-09-10 18:41:57 
AF 520 103.9  54.1 068.5  13.4 1.03E-06 003.3 138.9  34.4 0.005391 0.003313 0.000648 hargrave 2023-09-10 18:43:17 
AF 540 087.2  66.1 053.6  14.3 8.85E-07 002.9 155.7  39.9 0.005459 0.001606 0.000530 hargrave 2023-09-10 18:44:36 
AF 560 060.0  62.2 045.8  04.5 1.26E-06 002.8 162.3  51.4 0.007337 0.001215 0.000351 hargrave 2023-09-10 18:45:56 
AF 580 076.0  66.7 049.7  11.8 9.02E-07 002.8 159.6  43.4 0.005725 0.001234 0.000580 hargrave 2023-09-10 18:47:16 
AF 600 132.4  54.8 074.6  28.8 8.26E-07 003.5 142.9  18.3 0.005149 0.002517 0.000716 hargrave 2023-09-10 18:48:36 
AF 650 086.9  52.0 063.5  04.1 9.21E-07 002.9 137.7  44.8 0.004125 0.002453 0.000721 hargrave 2023-09-10 18:49:55 
AF 700 111.0  48.5 075.7  14.2 7.72E-07 003.5 132.7  29.6 0.003703 0.003246 0.000448 hargrave 2023-09-10 18:51:15 
AF 750 027.4  32.7 027.8 -27.0 5.14E-07 002.0 230.9  80.6 0.001330 0.001206 0.000321 hargrave 2023-09-10 18:52:34 
AF 800 065.2  42.0 057.2 -12.5 9.19E-07 002.0 129.8  61.9 0.002343 0.002047 0.000874 hargrave 2023-09-10 18:53:55 
AF 850 088.6  62.7 056.5  12.3 8.50E-07 003.1 151.3  40.7 0.005194 0.001617 0.000853 hargrave 2023-09-10 18:55:14 
AF 900 004.4  28.5 005.4 -25.0 3.24E-07 002.1 259.5  62.0 0.000667 0.001119 0.000520 hargrave 2023-09-10 18:56:34 
AF 950 057.7  35.6 054.5 -20.7 5.33E-07 001.6 120.5  69.6 0.000867 0.001167 0.000458 hargrave 2023-09-10 18:57:55 
AF1000 056.8  68.4 042.3  09.9 5.94E-07 003.1 169.1  46.7 0.003880 0.000721 0.000541 hargrave 2023-09-10 18:59:15 
