MF8- 69a sun compass orientation
   18.8 100.1  49.0 304.0  60.0   1.0
NRM    332.1  70.4 015.7  19.5 5.51E-06 003.4 201.0  54.8 0.030563 0.015496 0.006424 hargrave 2024-03-23 11:29:32 
AF  10 332.0  71.1 016.3  19.9 5.31E-06 003.2 200.1  54.4 0.028494 0.011837 0.006524 hargrave 2024-03-23 11:30:57 
AF  20 332.5  71.6 016.8  20.1 5.05E-06 003.2 199.3  54.2 0.027056 0.011238 0.006319 hargrave 2024-03-23 11:32:20 
AF  30 332.1  71.7 016.8  20.3 4.76E-06 003.3 199.3  54.1 0.026366 0.010840 0.006179 hargrave 2024-03-23 11:33:45 
AF  40 332.6  71.1 016.4  19.8 4.46E-06 003.2 199.8  54.5 0.024270 0.010276 0.005411 hargrave 2024-03-23 11:35:07 
AF  50 333.1  72.1 017.4  20.3 4.36E-06 003.2 198.4  54.1 0.023534 0.009593 0.005979 hargrave 2024-03-23 11:36:30 
AF  60 332.3  70.6 015.9  19.6 4.10E-06 003.3 200.7  54.8 0.021866 0.009530 0.005627 hargrave 2024-03-23 12:09:34 
AF  70 334.6  70.6 016.4  19.0 3.92E-06 003.2 199.8  55.4 0.020491 0.009005 0.005293 hargrave 2024-03-23 12:10:55 
AF  80 334.4  72.3 017.8  20.1 3.87E-06 003.2 197.7  54.2 0.020759 0.008105 0.005521 hargrave 2024-03-23 12:12:15 
AF  90 330.9  73.7 018.3  21.7 3.59E-06 003.2 197.0  52.6 0.019999 0.007481 0.005167 hargrave 2024-03-23 12:13:36 
AF 100 332.1  72.2 017.3  20.6 3.46E-06 003.2 198.5  53.7 0.018354 0.007163 0.005024 hargrave 2024-03-23 12:14:57 
AF 110 329.1  75.3 019.5  23.0 3.14E-06 003.3 195.4  51.2 0.017464 0.006307 0.005407 hargrave 2024-03-23 12:16:17 
AF 120 326.4  73.9 017.9  22.9 2.94E-06 003.2 197.9  51.4 0.016089 0.006005 0.005028 hargrave 2024-03-23 12:17:38 
AF 130 320.3  75.1 018.2  24.9 2.84E-06 003.4 197.6  49.4 0.016259 0.006223 0.005272 hargrave 2024-03-23 12:18:59 
AF 140 322.2  75.2 018.6  24.5 2.71E-06 003.4 197.0  49.8 0.015472 0.005973 0.004736 hargrave 2024-03-23 12:20:19 
AF 150 320.4  76.2 019.3  25.3 2.49E-06 003.3 196.1  48.9 0.014305 0.005345 0.004378 hargrave 2024-03-23 12:21:40 
AF 160 325.0  76.4 020.0  24.4 2.48E-06 003.3 195.0  49.7 0.014028 0.005154 0.004090 hargrave 2024-03-23 12:23:01 
AF 170 331.2  75.7 020.2  22.8 2.36E-06 003.2 194.4  51.3 0.012850 0.004685 0.003828 hargrave 2024-03-23 12:24:22 
AF 180 324.6  76.9 020.5  24.7 2.18E-06 003.3 194.4  49.3 0.011786 0.004832 0.004082 hargrave 2024-03-23 12:25:47 
AF 190 336.4  75.1 020.5  21.3 2.02E-06 003.2 193.7  52.7 0.010918 0.003936 0.003515 hargrave 2024-03-23 12:27:07 
AF 200 332.9  78.1 022.6  23.8 2.01E-06 003.2 191.2  50.0 0.011200 0.003751 0.003610 hargrave 2024-03-23 12:28:28 
AF 220 319.3  84.0 027.4  28.2 1.67E-06 003.1 186.6  44.6 0.009898 0.002834 0.003163 hargrave 2024-03-23 12:29:49 
AF 240 325.1  80.8 024.4  26.3 1.66E-06 003.1 189.6  47.1 0.009361 0.003278 0.002855 hargrave 2024-03-23 12:31:13 
AF 260 279.2  84.4 028.0  32.2 1.62E-06 003.2 187.4  40.7 0.010380 0.002754 0.003174 hargrave 2024-03-23 12:32:34 
AF 280 299.8  75.9 017.7  30.0 1.26E-06 003.4 198.7  44.3 0.007509 0.002776 0.002584 hargrave 2024-03-23 12:33:54 
AF 300 279.7  83.3 026.7  32.6 1.23E-06 003.2 188.9  40.6 0.007927 0.002244 0.002365 hargrave 2024-03-23 12:35:15 
AF 320 297.1  79.2 021.5  30.7 1.12E-06 003.5 194.2  43.3 0.007176 0.002599 0.002249 hargrave 2024-03-23 12:36:36 
AF 340 303.0  61.0 001.2  26.4 1.07E-06 003.7 219.8  45.7 0.005415 0.003541 0.002441 hargrave 2024-03-23 12:37:57 
AF 360 290.8  72.4 013.6  32.4 1.31E-06 003.6 203.5  41.9 0.007890 0.003543 0.002595 hargrave 2024-03-23 12:39:17 
AF 380 294.3  83.4 026.5  30.9 1.16E-06 003.1 188.6  42.3 0.007300 0.002047 0.001873 hargrave 2024-03-23 12:40:38 
AF 400 209.1  80.7 035.0  39.3 9.68E-07 003.0 183.6  32.1 0.006608 0.001519 0.002102 hargrave 2024-03-23 12:41:58 
AF 420 218.6  74.2 032.2  45.7 9.55E-07 003.0 188.4  26.8 0.006485 0.001791 0.002197 hargrave 2024-03-23 12:43:19 
AF 440 239.8  81.2 029.1  37.9 9.10E-07 003.1 188.2  35.0 0.005941 0.001922 0.001723 hargrave 2024-03-23 12:44:40 
AF 460 229.9  64.3 022.3  54.2 6.53E-07 003.5 197.1  19.9 0.004647 0.001525 0.001962 hargrave 2024-03-23 12:46:00 
AF 480 257.1  76.2 021.8  39.5 7.93E-07 003.4 195.4  34.5 0.005091 0.001973 0.001918 hargrave 2024-03-23 12:47:24 
AF 500 303.8  83.5 026.5  29.8 7.88E-07 003.0 188.2  43.3 0.004565 0.001032 0.001485 hargrave 2024-03-23 12:48:45 
AF 520 007.0  79.7 029.0  20.7 7.37E-07 003.0 180.9  51.3 0.003874 0.001415 0.001278 hargrave 2024-03-23 12:50:06 
AF 540 238.6  78.4 027.7  40.4 6.51E-07 003.3 190.3  32.8 0.004236 0.001351 0.001665 hargrave 2024-03-23 12:51:28 
AF 560 288.1  69.7 010.4  33.5 6.13E-07 003.4 207.0  40.6 0.003234 0.001473 0.001552 hargrave 2024-03-23 12:52:49 
AF 580 349.0  62.3 014.5  09.1 5.83E-07 003.2 203.6  65.3 0.002566 0.001809 0.001048 hargrave 2024-03-23 12:54:09 
AF 600 088.9  72.7 048.9  19.2 5.89E-07 003.0 156.8  42.1 0.003424 0.001003 0.001069 hargrave 2024-03-23 12:55:30 
