MF8- 62a sun compass orientation
  124.7 199.8  46.0 304.0  60.0   1.0
NRM    307.6  85.6 029.0  29.6 7.66E-06 001.7 181.7  39.8 0.029712 0.010319 0.003377 hargrave 2023-09-26 19:57:55 
AF  10 304.7  84.8 028.0  29.8 7.28E-06 001.6 181.7  38.9 0.028570 0.009481 0.003374 hargrave 2023-09-26 19:59:16 
AF  20 305.3  85.0 028.3  29.8 6.84E-06 001.7 181.7  39.2 0.027384 0.009030 0.003327 hargrave 2023-09-26 20:00:37 
AF  30 299.8  84.9 028.1  30.2 6.47E-06 001.7 181.1  38.9 0.026147 0.008330 0.003152 hargrave 2023-09-26 20:01:58 
AF  40 306.6  85.3 028.6  29.7 6.05E-06 001.7 181.8  39.5 0.025269 0.007788 0.003244 hargrave 2023-09-26 20:03:18 
AF  50 321.8  84.6 028.2  28.2 5.82E-06 001.7 183.7  39.4 0.024438 0.007507 0.003140 hargrave 2023-09-26 20:04:40 
AF  60 299.8  84.9 028.1  30.2 5.67E-06 001.7 181.1  39.0 0.024076 0.007169 0.002765 hargrave 2023-09-26 20:06:00 
AF  70 307.8  84.0 027.2  29.4 5.17E-06 001.8 182.3  38.3 0.023109 0.006494 0.002418 hargrave 2023-09-26 20:07:21 
AF  80 289.9  87.1 030.7  30.7 5.04E-06 001.8 180.0  41.0 0.021412 0.006050 0.002413 hargrave 2023-09-26 20:08:42 
AF  90 243.9  88.9 033.4  30.9 4.76E-06 001.8 178.9  43.2 0.019922 0.005240 0.002127 hargrave 2023-09-26 20:10:03 
AF 100 301.2  86.4 029.9  30.1 4.48E-06 001.7 180.9  40.5 0.018988 0.005015 0.002080 hargrave 2023-09-26 20:11:23 
AF 110 282.2  86.9 030.6  31.1 4.17E-06 001.7 179.5  40.9 0.017958 0.004670 0.002132 hargrave 2023-09-26 20:12:47 
AF 120 241.4  87.4 032.6  32.3 3.97E-06 001.7 177.4  42.2 0.017270 0.004063 0.001961 hargrave 2023-09-26 20:14:08 
AF 130 224.6  87.0 033.3  33.0 3.76E-06 001.7 176.3  42.7 0.015985 0.004026 0.001721 hargrave 2023-09-26 20:15:28 
AF 140 190.7  81.5 038.2  37.7 3.40E-06 001.7 168.1  44.7 0.013789 0.003335 0.001581 hargrave 2023-09-26 20:16:49 
AF 150 244.8  86.5 031.9  33.0 3.20E-06 001.7 176.7  41.5 0.014053 0.003110 0.001240 hargrave 2023-09-26 20:18:10 
AF 160 155.5  86.1 037.9  32.0 3.20E-06 001.7 175.9  46.6 0.012919 0.002604 0.001583 hargrave 2023-09-26 20:19:31 
AF 170 137.5  81.3 043.9  31.7 3.04E-06 001.7 173.5  51.5 0.011155 0.002372 0.001450 hargrave 2023-09-26 20:20:51 
AF 180 145.3  79.8 045.4  33.2 3.00E-06 001.6 170.4  52.0 0.010343 0.002224 0.001126 hargrave 2023-09-26 20:22:12 
AF 190 154.8  78.4 046.2  35.4 2.97E-06 001.6 166.8  51.5 0.010535 0.002047 0.001416 hargrave 2023-09-26 20:23:33 
AF 200 169.5  85.0 038.2  33.5 2.98E-06 001.7 173.8  46.3 0.012035 0.002542 0.001456 hargrave 2023-09-26 20:24:53 
AF 220 155.6  77.1 047.6  36.1 2.74E-06 001.6 164.8  52.1 0.009351 0.002256 0.001432 hargrave 2023-09-26 20:26:14 
AF 240 142.0  72.8 053.8  33.8 2.29E-06 001.5 162.9  57.5 0.007006 0.001530 0.001090 hargrave 2023-09-26 20:27:34 
AF 260 153.3  70.3 055.8  37.8 2.33E-06 001.6 155.4  56.1 0.006787 0.002659 0.000828 hargrave 2023-09-26 20:28:55 
AF 280 121.6  69.4 057.3  27.1 2.03E-06 001.4 170.6  63.9 0.005387 0.000667 0.000823 hargrave 2023-09-26 20:30:16 
AF 300 131.1  63.0 065.2  29.6 1.63E-06 001.1 154.6  67.4 0.003218 0.001259 0.000765 hargrave 2023-09-26 20:31:36 
AF 320 143.3  70.6 056.4  34.5 1.41E-06 001.4 159.3  58.7 0.003893 0.001081 0.000925 hargrave 2023-09-26 20:32:57 
AF 340 105.7  66.1 058.2  20.3 1.36E-06 001.3 184.4  67.8 0.003189 0.001034 0.000441 hargrave 2023-09-26 20:34:17 
AF 360 144.9  72.7 053.7  34.7 1.51E-06 001.6 161.7  56.9 0.004745 0.000872 0.000531 hargrave 2023-09-26 20:35:38 
AF 380 130.0  73.3 053.3  30.3 1.49E-06 001.5 168.8  59.2 0.004532 0.000615 0.000471 hargrave 2023-09-26 20:36:58 
AF 400 160.4  68.2 057.3  40.9 1.13E-06 001.7 150.3  54.5 0.003181 0.001403 0.000443 hargrave 2023-09-26 20:38:19 
AF 420 150.8  54.2 076.5  39.4 9.84E-07 001.3 125.8  61.7 0.001628 0.001615 0.000670 hargrave 2023-09-26 20:39:40 
AF 440 145.2  61.9 066.9  36.1 1.54E-06 001.3 143.4  62.7 0.003012 0.001825 0.000699 hargrave 2023-09-26 20:41:00 
AF 460 150.8  59.2 070.0  39.0 1.68E-06 001.3 136.2  61.0 0.003094 0.002381 0.000711 hargrave 2023-09-26 20:42:21 
AF 480 184.6  60.1 058.7  54.1 1.39E-06 002.0 137.9  44.1 0.004065 0.002833 0.001101 hargrave 2023-09-26 20:43:42 
AF 500 201.5  69.6 040.7  49.8 1.26E-06 001.9 152.9  40.1 0.004661 0.001661 0.000181 hargrave 2023-09-26 20:45:03 
AF 520 199.2  65.4 044.3  53.5 1.08E-06 002.2 147.4  39.4 0.003851 0.002041 0.000570 hargrave 2023-09-26 20:46:24 
AF 540 205.3  65.9 040.0  53.7 1.21E-06 002.0 149.3  37.3 0.004449 0.001787 0.000298 hargrave 2023-09-26 20:47:48 
AF 560 239.3  71.1 022.3  46.6 8.47E-07 001.7 163.1  30.6 0.004109 0.000890 0.000472 hargrave 2023-09-26 20:49:08 
AF 580 156.4  69.4 056.5  39.1 1.07E-06 001.6 153.2  55.5 0.003234 0.000916 0.000486 hargrave 2023-09-26 20:50:29 
AF 600 140.5  75.8 050.3  33.0 6.55E-07 001.7 167.2  55.6 0.002367 0.000438 0.000608 hargrave 2023-09-26 20:51:50 
AF 650 151.4  74.8 050.8  36.0 2.73E-07 002.1 162.6  54.2 0.001045 0.000585 0.000368 hargrave 2023-09-26 20:53:10 
AF 700 171.6  62.8 061.2  47.5 4.09E-07 002.0 140.5  50.6 0.001242 0.000681 0.000892 hargrave 2023-09-26 20:54:31 
AF 750 137.6  46.3 085.0  30.1 7.20E-07 001.2 106.4  70.4 0.000733 0.001280 0.001164 hargrave 2023-09-26 20:55:52 
AF 800 144.5  44.1 088.7  34.4 6.12E-07 001.4 102.4  65.2 0.000575 0.001548 0.000666 hargrave 2023-09-26 20:57:13 
AF 850 161.1 -00.4 145.1  31.3 8.77E-07 002.9 060.7  26.4 0.002945 0.003662 0.001195 hargrave 2023-09-26 20:58:34 
AF 900 196.5  18.3 156.4  70.3 3.16E-07 002.8 101.3  14.9 0.000453 0.001716 0.001357 hargrave 2023-09-26 20:59:55 
AF 950 181.9  14.3 144.9  56.5 1.02E-06 001.5 088.2  22.7 0.001400 0.004186 0.001773 hargrave 2023-09-26 21:01:16 
AF1000 152.4  22.5 116.2  34.9 1.21E-06 002.0 072.5  49.0 0.002550 0.003728 0.001217 hargrave 2023-09-26 21:02:38 
