MF8- 19a mag compass orientation (IGRF corrected)
     25 161.1  35.0 304.0  60.0   1.0
NRM    346.4  70.3 019.0  15.9 7.85E-06 003.3 213.1  52.1 0.040836 0.023741 0.003548 hargrave 2023-09-09 00:03:01 
AF  10 343.7  69.9 018.0  16.2 7.54E-06 003.4 213.2  51.1 0.039775 0.023278 0.003226 hargrave 2023-09-09 00:04:21 
AF  20 343.7  69.7 017.9  16.1 7.18E-06 003.4 213.4  51.0 0.038346 0.022950 0.002963 hargrave 2023-09-09 00:05:41 
AF  30 344.4  69.4 017.9  15.7 6.79E-06 003.5 214.0  51.1 0.036780 0.022049 0.002863 hargrave 2023-09-09 00:07:01 
AF  40 344.1  70.3 018.4  16.4 6.48E-06 003.5 212.7  51.4 0.035670 0.020992 0.002524 hargrave 2023-09-09 00:08:22 
AF  50 341.2  69.4 017.0  16.5 6.14E-06 003.6 213.2  50.1 0.034537 0.020728 0.002373 hargrave 2023-09-09 00:09:43 
AF  60 341.2  69.7 017.2  16.7 5.82E-06 003.7 212.8  50.2 0.033448 0.019715 0.002111 hargrave 2023-09-09 00:11:03 
AF  70 343.0  68.8 017.1  15.6 5.65E-06 003.7 214.5  50.4 0.031924 0.019775 0.002178 hargrave 2023-09-09 00:12:24 
AF  80 342.9  69.2 017.3  15.9 5.35E-06 003.7 214.0  50.5 0.030497 0.018640 0.002042 hargrave 2023-09-09 00:13:44 
AF  90 342.5  69.0 017.1  15.9 4.88E-06 003.8 214.1  50.3 0.028244 0.017250 0.001949 hargrave 2023-09-09 00:15:04 
AF 100 338.2  68.6 015.7  16.8 4.81E-06 003.8 213.5  48.8 0.028894 0.017116 0.001722 hargrave 2023-09-09 00:16:24 
AF 110 335.1  68.1 014.5  17.3 4.63E-06 003.9 213.3  47.5 0.028258 0.017121 0.001940 hargrave 2023-09-09 00:17:45 
AF 120 340.8  68.3 016.1  15.8 4.46E-06 003.9 214.7  49.5 0.026621 0.016370 0.001765 hargrave 2023-09-09 00:19:05 
AF 130 334.3  66.3 012.8  16.4 4.19E-06 004.1 215.3  46.3 0.026483 0.016648 0.001351 hargrave 2023-09-09 00:20:25 
AF 140 330.1  71.5 016.3  20.7 4.02E-06 003.9 207.6  47.9 0.026076 0.013543 0.001096 hargrave 2023-09-09 00:21:46 
AF 150 325.0  71.5 015.4  22.1 3.61E-06 004.0 206.3  46.6 0.024244 0.012189 0.001127 hargrave 2023-09-09 00:23:07 
AF 160 333.7  72.2 017.5  20.2 3.61E-06 003.9 207.7  49.2 0.023301 0.012035 0.001113 hargrave 2023-09-09 00:24:27 
AF 170 336.4  72.8 018.6  19.9 3.28E-06 003.8 207.5  50.2 0.020815 0.010714 0.000973 hargrave 2023-09-09 00:25:47 
AF 180 335.7  71.3 017.2  19.1 3.35E-06 004.0 209.4  49.3 0.021322 0.011964 0.001636 hargrave 2023-09-09 00:27:08 
AF 190 341.6  71.0 018.3  17.5 3.11E-06 003.9 211.1  50.9 0.019091 0.010825 0.001377 hargrave 2023-09-09 00:28:28 
AF 200 331.2  69.2 014.5  19.1 2.88E-06 004.1 210.8  47.0 0.019132 0.010692 0.001246 hargrave 2023-09-09 00:29:48 
AF 220 329.6  66.9 012.1  18.2 2.68E-06 004.3 213.1  45.1 0.018146 0.010756 0.001086 hargrave 2023-09-09 00:31:08 
AF 240 335.5  63.5 010.9  14.2 2.69E-06 004.4 219.0  45.0 0.017536 0.011688 0.001031 hargrave 2023-09-09 00:32:28 
AF 260 327.9  68.6 013.3  19.7 2.27E-06 004.2 210.5  45.6 0.015604 0.008781 0.001059 hargrave 2023-09-09 00:33:48 
AF 280 336.2  68.9 015.4  17.5 2.38E-06 004.0 212.6  48.3 0.015096 0.008743 0.001292 hargrave 2023-09-09 00:35:08 
AF 300 337.9  70.3 016.9  17.9 1.91E-06 004.0 211.2  49.5 0.012019 0.006917 0.000915 hargrave 2023-09-09 00:36:29 
AF 320 337.3  71.5 017.7  18.8 2.03E-06 004.0 209.5  49.9 0.012748 0.007312 0.001385 hargrave 2023-09-09 00:37:49 
AF 340 350.0  56.5 011.4  04.2 1.74E-06 004.1 233.2  47.1 0.008757 0.009157 0.001194 hargrave 2023-09-09 00:39:09 
AF 360 354.4  74.9 024.0  18.0 1.72E-06 003.6 206.6  55.6 0.009752 0.005121 0.001398 hargrave 2023-09-09 00:40:29 
AF 380 337.4  60.8 009.4  11.8 1.58E-06 004.6 222.7  44.2 0.010278 0.007637 0.000678 hargrave 2023-09-09 00:41:50 
AF 400 333.2  61.7 008.8  13.9 1.56E-06 004.7 220.1  43.1 0.010347 0.007717 0.001265 hargrave 2023-09-09 00:43:10 
AF 420 329.5  49.6 357.8  08.0 1.33E-06 005.2 229.4  33.3 0.008865 0.008408 0.001239 hargrave 2023-09-09 00:44:30 
AF 440 331.5  59.1 006.2  13.0 1.02E-06 004.8 222.0  40.8 0.006700 0.005222 0.001419 hargrave 2023-09-09 00:45:50 
AF 460 291.9  54.8 353.0  30.9 8.05E-07 004.6 204.5  24.8 0.007053 0.003503 0.000677 hargrave 2023-09-09 00:47:10 
AF 480 310.5  76.0 018.3  27.5 1.05E-06 004.0 197.6  46.4 0.007496 0.003177 0.001151 hargrave 2023-09-09 00:48:30 
AF 500 344.5  62.5 013.0  10.6 6.17E-07 004.2 223.5  47.9 0.003408 0.002768 0.001313 hargrave 2023-09-09 00:49:52 
AF 520 338.4  53.7 004.5  06.5 8.00E-07 005.0 230.6  40.1 0.005017 0.004872 0.000945 hargrave 2023-09-09 00:51:12 
AF 540 030.2  71.9 032.8  11.9 9.65E-07 002.7 209.9  66.0 0.003733 0.002549 0.000904 hargrave 2023-09-09 00:52:32 
AF 560 007.0  67.1 023.7  09.2 9.60E-07 003.3 222.0  58.4 0.004139 0.003467 0.001138 hargrave 2023-09-09 00:53:53 
AF 580 020.1  67.8 028.7  08.4 7.93E-07 003.1 221.0  63.5 0.003137 0.002811 0.000982 hargrave 2023-09-09 00:55:13 
AF 600 074.3  66.1 049.5  10.9 1.29E-06 001.4 173.2  78.8 0.002596 0.001569 0.002008 hargrave 2023-09-09 00:56:33 
AF 650 059.2  71.6 041.9  13.1 9.64E-07 001.9 192.5  72.6 0.002492 0.001471 0.002177 hargrave 2023-09-09 00:57:53 
AF 700 025.9  67.4 030.9  07.6 1.09E-06 002.7 221.5  65.7 0.003865 0.003177 0.000887 hargrave 2023-09-09 00:59:14 
AF 750 065.6  68.2 045.5  10.9 1.18E-06 001.4 188.8  76.6 0.002710 0.001157 0.000896 hargrave 2023-09-09 01:00:34 
AF 800 006.7  71.2 025.3  13.0 8.96E-07 003.3 214.2  58.8 0.004320 0.002765 0.000858 hargrave 2023-09-09 01:01:54 
AF 850 112.6  54.2 071.0  17.8 1.02E-06 001.6 105.4  66.3 0.000452 0.003083 0.000970 hargrave 2023-09-09 01:03:16 
AF 900 059.9  70.8 042.5  12.5 5.72E-07 001.8 193.0  73.5 0.001259 0.000979 0.001582 hargrave 2023-09-09 01:04:37 
AF 950 035.1  46.3 034.8 -13.7 8.39E-07 002.5 276.2  65.9 0.001386 0.003431 0.001583 hargrave 2023-09-09 01:05:57 
AF1000 074.2  66.1 049.5  10.9 9.82E-07 001.4 173.4  78.8 0.001698 0.001505 0.001746 hargrave 2023-09-09 01:07:18 
