MF8- 14a mag compass orientation (IGRF corrected)
     16 196.1  64.0 304.0  60.0   1.0
NRM    335.0  75.2 020.4  21.7 1.05E-05 002.4 191.5  15.8 0.062905 0.026674 0.007404 hargrave 2023-09-08 18:31:54 
AF  10 333.0  74.4 019.4  21.7 1.02E-05 002.4 191.7  14.9 0.060399 0.027472 0.005947 hargrave 2023-09-08 18:33:15 
AF  20 332.8  73.4 018.4  21.1 9.68E-06 002.5 192.4  14.1 0.059881 0.025993 0.005615 hargrave 2023-09-08 18:34:35 
AF  30 337.5  73.4 019.3  20.0 9.20E-06 002.6 193.4  15.1 0.058703 0.025657 0.005406 hargrave 2023-09-08 18:35:56 
AF  40 335.9  73.5 019.0  20.4 8.69E-06 002.6 193.0  14.8 0.055864 0.024159 0.005303 hargrave 2023-09-08 18:37:16 
AF  50 334.3  73.3 018.6  20.7 8.29E-06 002.7 192.8  14.3 0.055347 0.023418 0.005070 hargrave 2023-09-08 18:38:36 
AF  60 338.4  72.8 019.0  19.5 7.87E-06 002.9 194.0  14.8 0.053639 0.025463 0.005299 hargrave 2023-09-08 18:40:00 
AF  70 333.4  71.7 017.1  20.0 7.46E-06 002.8 193.7  13.0 0.052364 0.021834 0.005061 hargrave 2023-09-08 18:41:20 
AF  80 338.2  71.7 018.1  18.8 7.05E-06 003.0 194.8  14.1 0.049870 0.023822 0.005162 hargrave 2023-09-08 18:42:43 
AF  90 335.0  72.6 018.2  20.1 6.64E-06 002.8 193.4  14.0 0.047659 0.019254 0.004852 hargrave 2023-09-08 18:44:04 
AF 100 333.1  73.7 018.8  21.2 6.48E-06 002.7 192.2  14.4 0.047030 0.018265 0.004901 hargrave 2023-09-08 18:45:24 
AF 110 331.4  73.0 017.8  21.2 6.28E-06 002.7 192.4  13.6 0.046099 0.017493 0.004451 hargrave 2023-09-08 18:46:45 
AF 120 336.0  74.9 020.3  21.3 6.32E-06 002.8 192.0  15.8 0.047830 0.018542 0.004761 hargrave 2023-09-08 18:48:06 
AF 130 336.4  72.5 018.3  19.7 5.81E-06 002.9 193.8  14.2 0.044429 0.016633 0.004726 hargrave 2023-09-08 18:49:26 
AF 140 338.4  76.0 021.6  21.5 5.61E-06 002.8 191.6  17.0 0.043374 0.014989 0.004800 hargrave 2023-09-08 18:50:46 
AF 150 345.6  75.8 022.8  20.1 5.29E-06 002.9 192.8  18.3 0.041131 0.014286 0.004746 hargrave 2023-09-08 18:52:06 
AF 160 346.2  76.4 023.3  20.4 5.21E-06 002.9 192.4  18.7 0.041124 0.013750 0.004534 hargrave 2023-09-08 18:53:25 
AF 170 329.9  76.8 021.1  23.6 4.88E-06 002.6 189.5  16.2 0.038511 0.012383 0.003831 hargrave 2023-09-08 18:54:45 
AF 180 342.6  77.4 023.4  21.7 4.76E-06 002.8 191.1  18.6 0.038500 0.012198 0.004010 hargrave 2023-09-08 18:56:05 
AF 190 337.9  74.9 020.7  20.9 4.36E-06 002.9 192.3  16.2 0.036002 0.012038 0.003821 hargrave 2023-09-08 18:57:25 
AF 200 323.3  72.9 016.5  23.2 4.04E-06 002.7 190.4  12.1 0.034360 0.010555 0.003970 hargrave 2023-09-08 18:58:45 
AF 220 351.2  71.9 021.3  16.1 3.67E-06 003.4 197.2  17.4 0.029802 0.011142 0.003359 hargrave 2023-09-08 19:00:05 
AF 240 009.9  73.3 027.0  14.6 3.14E-06 003.6 198.1  23.1 0.025811 0.009749 0.003092 hargrave 2023-09-08 19:01:26 
AF 260 350.9  73.5 022.3  17.4 3.54E-06 003.4 195.7  18.2 0.030450 0.010775 0.003715 hargrave 2023-09-08 19:02:45 
AF 280 326.8  78.0 021.8  24.8 2.77E-06 002.6 188.2  16.6 0.024597 0.006601 0.003362 hargrave 2023-09-08 19:04:05 
AF 300 343.2  72.8 020.0  18.4 3.07E-06 003.3 195.0  15.9 0.027043 0.009062 0.003424 hargrave 2023-09-08 19:05:25 
AF 320 359.7  72.1 023.6  14.8 2.81E-06 003.7 198.3  19.8 0.024849 0.009114 0.002756 hargrave 2023-09-08 19:06:45 
AF 340 010.9  68.5 025.6  09.9 2.84E-06 004.1 203.3  22.2 0.023874 0.010409 0.003063 hargrave 2023-09-08 19:08:04 
AF 360 357.3  73.5 023.8  16.4 2.41E-06 003.6 196.6  19.7 0.021083 0.007651 0.002971 hargrave 2023-09-08 19:09:24 
AF 380 049.3  76.9 037.6  17.3 2.64E-06 003.3 193.1  32.6 0.021260 0.006525 0.002638 hargrave 2023-09-08 19:10:44 
AF 400 019.6  70.3 029.1  10.9 2.99E-06 003.9 201.9  25.5 0.024798 0.010004 0.002901 hargrave 2023-09-08 19:12:03 
AF 420 024.8  69.7 030.8  10.0 2.30E-06 004.0 202.7  27.3 0.018706 0.008031 0.003258 hargrave 2023-09-08 19:13:27 
AF 440 002.6  71.6 024.2  13.9 1.95E-06 003.7 199.2  20.5 0.016821 0.006555 0.002504 hargrave 2023-09-08 19:14:47 
AF 460 294.9  77.2 019.2  31.2 1.72E-06 001.8 182.0  13.4 0.015666 0.003350 0.002721 hargrave 2023-09-08 19:16:06 
AF 480 345.7  67.7 017.0  14.1 1.92E-06 003.8 199.7  13.5 0.017273 0.006663 0.002990 hargrave 2023-09-08 19:17:30 
AF 500 009.8  78.0 028.8  18.9 1.67E-06 003.2 193.1  24.1 0.014182 0.004407 0.002766 hargrave 2023-09-08 19:18:50 
AF 520 320.9  47.8 353.0  11.6 1.67E-06 004.2 202.9 -09.9 0.014338 0.006433 0.002900 hargrave 2023-09-08 19:20:10 
AF 540 053.1  67.9 041.2  08.9 1.41E-06 003.7 202.3  37.6 0.010306 0.004220 0.002349 hargrave 2023-09-08 19:21:30 
AF 560 335.1  78.3 023.1  23.5 1.55E-06 002.6 189.3  18.1 0.014059 0.003676 0.002270 hargrave 2023-09-08 19:22:49 
AF 580 010.9  61.2 023.1  03.1 1.59E-06 004.7 210.8  20.2 0.012762 0.007189 0.003019 hargrave 2023-09-08 19:24:09 
AF 600 353.2  67.6 019.2  12.2 1.35E-06 003.9 201.4  15.8 0.012138 0.004764 0.002455 hargrave 2023-09-08 19:25:29 
AF 650 062.5  54.7 050.0 -01.8 1.06E-06 003.6 216.0  47.2 0.005819 0.003912 0.002158 hargrave 2023-09-08 19:26:52 
AF 700 076.4  51.8 058.6 -00.2 1.40E-06 003.2 213.1  55.8 0.007177 0.004038 0.002028 hargrave 2023-09-08 19:28:12 
AF 750 042.9  34.7 042.1 -24.7 1.84E-06 003.9 244.5  35.7 0.008223 0.010869 0.002475 hargrave 2023-09-08 19:29:32 
AF 800 049.3  40.6 046.2 -18.0 1.58E-06 004.1 237.6  41.2 0.007654 0.008512 0.002731 hargrave 2023-09-08 19:30:55 
AF 850 059.5  44.9 052.1 -11.6 1.19E-06 003.7 230.8  48.3 0.005611 0.005323 0.002177 hargrave 2023-09-08 19:32:15 
AF 900 032.0  42.8 032.4 -17.2 9.62E-07 004.7 233.5  28.6 0.005133 0.005776 0.002996 hargrave 2023-09-08 19:33:43 
AF 950 061.4  39.2 055.8 -16.2 1.86E-06 003.3 239.0  50.5 0.006884 0.008404 0.003118 hargrave 2023-09-08 19:35:03 
AF1000 092.8  54.3 064.3  08.3 1.06E-06 002.6 195.6  60.0 0.004997 0.001939 0.002769 hargrave 2023-09-08 19:36:23 
