MF8- 73a sun compass orientation
  19.48  85.6  48.0 304.0  60.0   1.0
NRM    318.7  64.5 007.6  20.9 5.66E-06 002.7 210.3  59.3 0.021644 0.014584 0.008556 hargrave 2024-03-23 16:03:30 
AF  10 318.5  65.3 008.2  21.3 5.43E-06 003.2 209.2  58.8 0.026675 0.013226 0.008316 hargrave 2024-03-23 16:14:47 
AF  20 318.6  64.9 007.9  21.1 5.14E-06 003.2 209.8  59.1 0.025033 0.012557 0.008201 hargrave 2024-03-23 16:16:07 
AF  30 318.2  65.0 007.9  21.3 4.87E-06 003.1 209.7  58.8 0.023335 0.011940 0.007919 hargrave 2024-03-23 16:17:27 
AF  40 317.7  64.5 007.3  21.3 4.56E-06 003.1 210.8  58.9 0.021581 0.011097 0.007597 hargrave 2024-03-23 16:18:47 
AF  50 314.6  64.9 007.1  22.6 4.24E-06 003.2 211.2  57.6 0.020429 0.010637 0.007369 hargrave 2024-03-23 16:20:07 
AF  60 313.8  64.1 006.2  22.7 4.04E-06 003.2 212.9  57.5 0.019031 0.010491 0.007201 hargrave 2024-03-23 16:21:27 
AF  70 315.1  64.3 006.6  22.2 3.72E-06 003.2 212.2  58.0 0.017464 0.009434 0.006963 hargrave 2024-03-23 16:22:48 
AF  80 314.5  63.2 005.4  22.0 3.66E-06 003.1 214.2  58.2 0.016464 0.009567 0.007156 hargrave 2024-03-23 16:24:08 
AF  90 316.4  62.1 004.8  20.8 3.37E-06 003.0 215.5  59.4 0.014073 0.008650 0.006315 hargrave 2024-03-23 16:25:29 
AF 100 312.8  62.6 004.5  22.5 3.10E-06 003.0 215.8  57.7 0.013002 0.008177 0.006151 hargrave 2024-03-23 16:26:50 
AF 110 308.4  61.6 002.7  24.1 3.17E-06 003.2 218.6  56.0 0.013979 0.008961 0.006283 hargrave 2024-03-23 16:28:11 
AF 120 306.5  60.4 001.1  24.6 2.98E-06 003.3 221.0  55.3 0.013246 0.008977 0.006219 hargrave 2024-03-23 16:29:31 
AF 130 311.0  60.5 002.0  22.5 2.82E-06 003.2 220.1  57.5 0.012262 0.008202 0.005599 hargrave 2024-03-23 16:30:52 
AF 140 306.3  59.1 359.7  24.3 2.38E-06 003.3 223.3  55.4 0.010231 0.007229 0.005582 hargrave 2024-03-23 16:32:13 
AF 150 299.4  55.7 355.0  26.9 2.09E-06 003.5 229.2  51.8 0.009203 0.007140 0.005575 hargrave 2024-03-23 16:33:34 
AF 160 300.1  57.1 356.5  26.9 2.13E-06 003.5 227.0  52.2 0.009381 0.007256 0.005563 hargrave 2024-03-23 16:34:55 
AF 170 303.8  52.9 352.8  23.6 2.15E-06 003.3 234.1  54.2 0.008517 0.007518 0.004521 hargrave 2024-03-23 16:36:17 
AF 180 301.2  56.4 356.0  26.1 2.14E-06 003.5 228.1  52.8 0.009509 0.007435 0.004998 hargrave 2024-03-23 16:37:38 
AF 190 291.5  49.6 346.9  30.1 1.88E-06 003.6 237.2  46.1 0.007929 0.007623 0.004868 hargrave 2024-03-23 16:38:59 
AF 200 282.8  54.8 352.3  36.1 1.92E-06 004.0 228.2  42.3 0.009913 0.007517 0.005174 hargrave 2024-03-23 16:40:20 
AF 220 289.9  60.1 359.0  32.6 1.44E-06 003.7 221.8  47.1 0.007096 0.004475 0.004558 hargrave 2024-03-23 16:41:41 
AF 240 281.0  58.4 356.8  37.1 1.51E-06 004.0 223.1  42.4 0.008026 0.005805 0.003987 hargrave 2024-03-23 16:43:02 
AF 260 278.9  53.5 350.6  38.3 1.30E-06 004.2 228.9  39.8 0.006695 0.005206 0.004308 hargrave 2024-03-23 16:44:23 
AF 280 282.4  47.8 343.7  35.7 1.50E-06 004.1 236.8  39.8 0.007270 0.006744 0.004515 hargrave 2024-03-23 16:45:44 
AF 300 280.4  53.1 350.1  37.5 1.42E-06 003.9 229.8  40.4 0.006756 0.005290 0.004534 hargrave 2024-03-23 16:47:04 
AF 320 275.2  61.1 000.5  39.8 1.38E-06 003.9 218.7  40.2 0.007466 0.004574 0.004083 hargrave 2024-03-23 16:48:25 
AF 340 287.1  42.5 338.1  31.6 1.42E-06 003.8 244.9  40.7 0.005703 0.006148 0.004869 hargrave 2024-03-23 16:49:47 
AF 360 277.3  58.7 357.3  39.0 1.39E-06 004.0 222.0  40.5 0.007352 0.004527 0.004644 hargrave 2024-03-23 16:51:07 
AF 380 268.8  34.7 324.8  44.0 1.27E-06 003.9 244.5  24.5 0.005326 0.006506 0.004431 hargrave 2024-03-23 16:52:28 
AF 400 267.9  53.1 350.7  44.9 1.04E-06 004.4 226.1  33.6 0.005540 0.004449 0.003745 hargrave 2024-03-23 16:53:49 
AF 420 242.6  26.9 304.1  64.7 1.07E-06 004.1 235.2  02.5 0.005317 0.005479 0.002820 hargrave 2024-03-23 16:55:10 
AF 440 266.1  28.5 315.6  44.9 1.36E-06 003.7 248.3  18.9 0.005457 0.007879 0.003816 hargrave 2024-03-23 16:56:31 
AF 460 240.1  22.0 291.3  65.3 1.01E-06 004.0 236.9 -02.6 0.004723 0.005328 0.003062 hargrave 2024-03-23 16:57:51 
AF 480 260.7 -04.7 274.3  33.5 9.62E-07 001.9 270.2 -06.8 0.001874 0.005443 0.003045 hargrave 2024-03-23 16:59:12 
AF 500 255.4  13.7 290.0  48.6 1.27E-06 003.0 253.1  01.7 0.004504 0.007458 0.003349 hargrave 2024-03-23 17:00:33 
AF 520 245.0  12.5 279.4  56.4 9.23E-07 003.7 246.9 -06.3 0.004033 0.004367 0.003300 hargrave 2024-03-23 17:01:54 
AF 540 246.9 -08.5 258.7  40.2 9.58E-07 002.0 263.8 -19.5 0.001870 0.004526 0.003136 hargrave 2024-03-23 17:03:15 
AF 560 235.9  12.9 268.5  63.5 1.41E-06 003.9 240.0 -12.1 0.006540 0.006810 0.004193 hargrave 2024-03-23 17:04:36 
AF 580 232.2  07.4 254.7  61.7 1.06E-06 003.7 240.9 -18.7 0.004322 0.005259 0.003942 hargrave 2024-03-23 17:05:57 
AF 600 250.3  02.5 272.3  46.0 8.70E-07 002.8 257.8 -09.6 0.002264 0.004947 0.003602 hargrave 2024-03-23 17:07:17 
