MF8- 8a mag compass orientation (IGRF corrected)
    2.9 200.1  52.0 304.0  60.0   1.0
NRM    359.1  75.9 025.6  18.2 8.84E-06 003.0 195.5  31.9 0.050900 0.028873 0.006254 hargrave 2023-09-08 11:39:07 
AF  10 352.9  75.5 024.0  18.7 8.56E-06 002.9 194.9  30.4 0.051053 0.025753 0.005625 hargrave 2023-09-08 11:40:29 
AF  20 348.9  76.1 023.6  19.8 8.14E-06 002.9 193.7  30.0 0.049432 0.023142 0.005471 hargrave 2023-09-08 11:41:50 
AF  30 348.3  76.6 023.8  20.3 7.74E-06 002.9 193.2  30.2 0.048097 0.021493 0.005100 hargrave 2023-09-08 11:43:11 
AF  40 348.9  77.5 024.5  20.8 7.25E-06 002.9 192.5  30.8 0.046377 0.019182 0.004417 hargrave 2023-09-08 11:44:31 
AF  50 346.7  77.2 024.0  21.0 6.98E-06 003.0 192.4  30.3 0.046455 0.018949 0.004268 hargrave 2023-09-08 11:45:51 
AF  60 348.5  77.3 024.3  20.8 6.52E-06 003.0 192.6  30.6 0.044619 0.017570 0.003823 hargrave 2023-09-08 11:47:12 
AF  70 348.4  78.4 025.1  21.6 6.03E-06 003.0 191.6  31.3 0.042650 0.015675 0.003839 hargrave 2023-09-08 11:48:34 
AF  80 358.0  77.7 026.3  19.8 5.67E-06 003.2 193.5  32.6 0.040137 0.015740 0.003326 hargrave 2023-09-08 11:49:55 
AF  90 347.7  78.0 024.7  21.4 5.33E-06 003.2 191.8  31.0 0.039896 0.014096 0.003598 hargrave 2023-09-08 11:51:15 
AF 100 332.3  76.3 020.9  22.8 5.27E-06 003.0 190.3  27.4 0.040311 0.013615 0.003339 hargrave 2023-09-08 11:52:36 
AF 110 323.4  81.7 025.2  26.9 5.08E-06 002.7 185.3  30.9 0.038409 0.010078 0.003134 hargrave 2023-09-08 11:53:57 
AF 120 325.9  84.7 028.5  27.9 4.96E-06 002.7 183.7  33.7 0.037085 0.008702 0.003193 hargrave 2023-09-08 11:55:17 
AF 130 345.8  85.4 030.2  26.9 4.75E-06 002.9 184.6  35.3 0.035774 0.008507 0.002810 hargrave 2023-09-08 11:56:38 
AF 140 051.1  87.6 034.8  27.7 4.67E-06 002.9 182.7  39.2 0.034081 0.007231 0.002400 hargrave 2023-09-08 11:57:59 
AF 150 203.4  88.4 034.4  31.6 4.46E-06 002.7 177.9  37.9 0.033049 0.005370 0.002475 hargrave 2023-09-08 11:59:20 
AF 160 150.7  85.5 038.8  32.0 4.04E-06 002.9 176.1  41.4 0.029704 0.004061 0.001993 hargrave 2023-09-08 12:00:40 
AF 170 016.6  88.6 033.5  28.7 3.88E-06 003.0 181.7  37.9 0.030079 0.005637 0.002051 hargrave 2023-09-08 12:02:02 
AF 180 215.0  88.0 034.0  32.0 3.66E-06 002.9 177.6  37.5 0.028775 0.004192 0.002007 hargrave 2023-09-08 12:03:23 
AF 190 223.3  86.0 033.2  34.0 3.67E-06 002.8 175.4  36.3 0.028299 0.003882 0.001841 hargrave 2023-09-08 12:04:45 
AF 200 213.0  83.8 034.1  36.2 3.64E-06 002.8 172.5  36.4 0.028576 0.003960 0.001801 hargrave 2023-09-08 12:06:06 
AF 220 230.5  76.3 028.7  43.1 3.27E-06 002.8 166.3  30.2 0.026727 0.004930 0.001563 hargrave 2023-09-08 12:07:27 
AF 240 226.0  81.0 031.6  38.8 3.21E-06 002.9 170.2  33.6 0.026409 0.003858 0.001977 hargrave 2023-09-08 12:08:48 
AF 260 138.8  82.8 042.2  31.6 3.02E-06 003.1 175.2  44.2 0.022566 0.002806 0.002111 hargrave 2023-09-08 12:10:09 
AF 280 170.3  76.9 045.6  39.0 2.84E-06 003.2 164.3  43.5 0.020405 0.003547 0.002042 hargrave 2023-09-08 12:11:30 
AF 300 173.8  84.5 038.3  34.2 2.69E-06 003.1 173.5  40.3 0.021244 0.002582 0.002610 hargrave 2023-09-08 12:12:51 
AF 320 089.6  78.6 044.2  23.2 2.60E-06 003.4 186.0  48.5 0.018745 0.004034 0.001899 hargrave 2023-09-08 12:14:12 
AF 340 158.4  81.6 042.4  34.5 2.55E-06 003.2 171.4  43.3 0.019327 0.002311 0.002082 hargrave 2023-09-08 12:15:34 
AF 360 118.4  66.5 060.0  25.1 2.26E-06 002.7 173.1  61.1 0.011864 0.001019 0.002112 hargrave 2023-09-08 12:16:55 
AF 380 129.7  73.0 053.7  30.2 1.60E-06 003.1 170.5  53.7 0.010015 0.000583 0.002430 hargrave 2023-09-08 12:18:16 
AF 400 098.7  48.9 070.9  07.7 2.03E-06 001.8 213.4  76.4 0.005276 0.003179 0.001675 hargrave 2023-09-08 12:19:37 
AF 420 127.4  68.8 058.4  29.0 1.59E-06 002.9 168.4  57.8 0.009007 0.000889 0.001725 hargrave 2023-09-08 12:20:59 
AF 440 111.1  46.0 078.0  13.0 1.84E-06 001.1 175.0  81.9 0.003288 0.001074 0.001317 hargrave 2023-09-08 12:22:20 
AF 460 096.1  69.3 053.3  18.9 2.11E-06 003.2 189.2  57.8 0.012652 0.002781 0.001975 hargrave 2023-09-08 12:23:41 
AF 480 086.6  58.4 058.9  08.6 1.97E-06 003.0 209.1  64.6 0.008953 0.005075 0.002699 hargrave 2023-09-08 12:25:02 
AF 500 115.1  52.1 073.7  18.2 2.31E-06 001.6 167.8  75.4 0.006602 0.000334 0.001372 hargrave 2023-09-08 12:26:23 
AF 520 113.5  47.1 077.9  15.0 2.11E-06 001.3 165.6  80.5 0.004623 0.000604 0.001167 hargrave 2023-09-08 12:27:44 
AF 540 139.5  64.4 063.9  33.4 2.15E-06 002.8 156.2  58.4 0.011173 0.003077 0.000699 hargrave 2023-09-08 12:29:06 
AF 560 123.6  58.1 069.7  24.9 1.50E-06 002.3 160.6  68.1 0.006136 0.000804 0.001543 hargrave 2023-09-08 12:30:27 
AF 580 127.0  55.0 073.5  25.8 1.80E-06 002.1 151.6  69.5 0.006300 0.001897 0.000951 hargrave 2023-09-08 12:31:48 
AF 600 110.4  35.1 087.2  06.9 1.97E-06 001.0 004.2  87.1 0.003229 0.001583 0.001079 hargrave 2023-09-08 12:33:09 
AF 650 105.8  46.8 075.4  10.3 2.95E-06 001.3 198.4  80.7 0.006305 0.002248 0.000568 hargrave 2023-09-08 12:34:30 
AF 700 125.6  44.5 084.1  21.6 1.75E-06 001.2 124.1  76.7 0.002811 0.002491 0.000742 hargrave 2023-09-08 12:35:51 
AF 750 109.9  34.0 087.9  06.0 1.79E-06 000.7 358.0  86.0 0.002082 0.000814 0.000657 hargrave 2023-09-08 12:37:12 
AF 800 151.8  42.6 091.5  39.5 1.95E-06 002.3 111.7  58.2 0.003755 0.007449 0.000978 hargrave 2023-09-08 12:38:33 
AF 850 120.0  37.0 089.4  14.7 1.62E-06 001.1 085.9  82.1 0.002395 0.002033 0.001120 hargrave 2023-09-08 12:39:54 
AF 900 133.2  18.1 112.3  16.7 2.02E-06 002.6 051.8  61.7 0.006627 0.006591 0.000533 hargrave 2023-09-08 12:41:16 
AF 950 133.0  11.2 118.6  13.3 2.10E-06 003.1 043.4  56.3 0.009166 0.007165 0.001778 hargrave 2023-09-08 12:42:39 
AF1000 119.7  30.6 095.2  11.4 2.58E-06 001.1 049.7  79.2 0.003931 0.003097 0.000760 hargrave 2023-09-08 12:44:01 
