MF8- 27a sun compass orientation
   38.9 168.9  61.0 304.0  60.0   1.0
NRM    010.5  71.5 026.6  12.9 6.14E-06 003.8 200.9  34.2 0.044121 0.019991 0.001622 hargrave 2023-09-10 16:49:08 
AF  10 010.5  71.8 026.7  13.1 5.99E-06 003.6 200.5  34.1 0.041010 0.019086 0.000487 hargrave 2023-09-10 16:50:30 
AF  20 010.9  72.3 027.0  13.6 5.79E-06 003.7 199.9  34.2 0.042203 0.018292 0.000560 hargrave 2023-09-10 16:51:50 
AF  30 010.9  71.5 026.7  12.7 5.52E-06 003.8 200.9  34.3 0.040048 0.018217 0.000682 hargrave 2023-09-10 16:53:11 
AF  40 014.4  71.8 027.8  12.7 5.27E-06 003.7 200.2  35.3 0.037948 0.016470 0.000507 hargrave 2023-09-10 16:54:32 
AF  50 015.3  72.6 028.3  13.4 4.92E-06 003.8 199.2  35.4 0.037170 0.014910 0.000588 hargrave 2023-09-10 16:55:53 
AF  60 020.0  73.5 029.9  14.0 4.52E-06 003.6 197.5  36.4 0.033744 0.012990 0.000428 hargrave 2023-09-10 16:57:14 
AF  70 017.1  74.9 029.5  15.5 4.25E-06 003.6 196.3  35.1 0.031890 0.011751 0.000853 hargrave 2023-09-10 16:58:35 
AF  80 015.4  73.2 028.5  13.9 4.38E-06 003.6 198.5  35.2 0.032338 0.012739 0.000191 hargrave 2023-09-10 16:59:57 
AF  90 014.1  72.5 028.0  13.4 4.11E-06 003.7 199.4  35.1 0.031022 0.012557 0.000622 hargrave 2023-09-10 17:01:18 
AF 100 012.6  72.0 027.3  13.1 3.82E-06 003.9 200.2  34.7 0.029644 0.011966 0.000573 hargrave 2023-09-10 17:02:39 
AF 110 012.0  71.2 026.9  12.4 3.70E-06 003.9 201.2  34.7 0.028699 0.011705 0.000953 hargrave 2023-09-10 17:03:59 
AF 120 013.6  72.8 027.9  13.8 3.44E-06 003.8 199.1  34.8 0.026715 0.010259 0.000654 hargrave 2023-09-10 17:05:20 
AF 130 020.4  73.4 030.0  13.8 3.41E-06 003.8 197.6  36.5 0.026826 0.009649 0.000688 hargrave 2023-09-10 17:06:40 
AF 140 017.0  73.6 029.1  14.3 3.27E-06 003.7 197.8  35.5 0.025408 0.009390 0.000573 hargrave 2023-09-10 17:08:01 
AF 150 025.4  75.5 031.8  15.7 3.06E-06 003.6 194.5  36.8 0.024211 0.007906 0.000525 hargrave 2023-09-10 17:09:22 
AF 160 006.6  78.4 028.4  19.6 2.91E-06 003.5 193.1  31.9 0.024310 0.007575 0.000478 hargrave 2023-09-10 17:10:43 
AF 170 006.3  82.1 030.0  23.0 2.64E-06 003.2 188.8  31.1 0.022390 0.005987 0.000296 hargrave 2023-09-10 17:12:03 
AF 180 007.6  79.7 029.1  20.7 2.34E-06 003.3 191.5  31.8 0.018960 0.005583 0.000620 hargrave 2023-09-10 17:13:24 
AF 190 009.4  79.9 029.5  20.8 2.33E-06 003.4 191.1  32.1 0.019106 0.005523 0.000790 hargrave 2023-09-10 17:14:44 
AF 200 329.4  77.6 021.7  24.1 2.18E-06 003.3 192.9  24.2 0.018877 0.005623 0.000279 hargrave 2023-09-10 17:16:05 
AF 220 030.1  82.6 033.5  22.6 2.19E-06 003.2 186.7  33.7 0.017401 0.004332 0.001669 hargrave 2023-09-10 17:17:25 
AF 240 267.3  78.7 022.8  36.3 1.93E-06 002.2 181.7  17.9 0.017619 0.003755 0.000645 hargrave 2023-09-10 17:18:46 
AF 260 265.2  70.5 013.9  40.7 1.81E-06 001.8 182.1  09.6 0.017539 0.003896 0.000339 hargrave 2023-09-10 17:20:06 
AF 280 295.8  68.1 008.6  30.7 1.71E-06 003.1 193.2  10.9 0.015596 0.004926 0.000848 hargrave 2023-09-10 17:21:30 
AF 300 274.9  75.0 017.7  36.3 1.69E-06 002.2 184.2  14.5 0.016112 0.003613 0.000339 hargrave 2023-09-10 17:22:51 
AF 320 286.1  74.3 016.0  33.6 1.49E-06 002.5 187.4  14.9 0.014085 0.003450 0.000392 hargrave 2023-09-10 17:24:11 
AF 340 254.5  71.0 017.0  43.4 1.15E-06 001.5 178.5  10.0 0.010594 0.002069 0.000530 hargrave 2023-09-10 17:25:31 
AF 360 277.4  68.2 009.3  37.5 1.29E-06 002.3 186.8  08.2 0.012332 0.003042 0.000687 hargrave 2023-09-10 17:26:52 
AF 380 272.3  54.0 351.6  42.2 1.27E-06 002.4 187.9 -06.1 0.012514 0.003242 0.000349 hargrave 2023-09-10 17:28:12 
AF 400 250.0  63.9 010.7  49.2 1.44E-06 000.9 176.1  03.2 0.013747 0.002483 0.000776 hargrave 2023-09-10 17:29:32 
AF 420 270.3  31.3 320.6  42.1 1.44E-06 003.3 191.1 -28.7 0.012507 0.003802 0.000450 hargrave 2023-09-10 17:30:53 
AF 440 269.2  67.1 009.0  40.8 1.07E-06 001.7 184.0  06.4 0.010473 0.002146 0.000215 hargrave 2023-09-10 17:32:13 
AF 460 256.7  51.7 351.0  51.9 8.00E-07 001.2 178.6 -09.3 0.007292 0.001296 0.000673 hargrave 2023-09-10 17:33:33 
AF 480 245.5  51.4 355.6  58.3 8.51E-07 001.1 171.6 -08.7 0.007464 0.001183 0.000733 hargrave 2023-09-10 17:34:54 
AF 500 254.8  29.9 314.3  54.8 1.10E-06 002.4 175.9 -31.0 0.008742 0.001430 0.000248 hargrave 2023-09-10 17:36:15 
AF 520 224.2  34.5 334.1  80.3 1.11E-06 003.2 150.3 -18.6 0.008094 0.003196 0.000413 hargrave 2023-09-10 17:37:35 
AF 540 267.2  29.2 317.0  44.1 9.34E-07 002.9 188.5 -31.2 0.007389 0.002031 0.000639 hargrave 2023-09-10 17:38:55 
AF 560 219.7  49.1 022.8  70.4 9.38E-07 002.7 155.5 -04.4 0.007410 0.002262 0.000407 hargrave 2023-09-10 17:40:15 
AF 580 234.4  48.3 359.3  65.9 8.24E-07 002.0 163.8 -09.6 0.007172 0.001262 0.000245 hargrave 2023-09-10 17:41:36 
AF 600 255.2  23.0 303.3  52.7 1.47E-06 002.6 175.6 -37.8 0.010856 0.001548 0.000796 hargrave 2023-09-10 17:42:56 
AF 650 221.6  20.7 252.2  78.4 6.93E-07 003.4 139.8 -28.7 0.003444 0.002686 0.000883 hargrave 2023-09-10 17:44:16 
AF 700 244.9  13.0 279.9  56.8 1.42E-06 002.7 160.2 -45.9 0.008301 0.002121 0.000873 hargrave 2023-09-10 17:45:36 
AF 750 237.3  19.9 283.8  66.7 1.35E-06 003.0 154.4 -36.8 0.008736 0.002433 0.000392 hargrave 2023-09-10 17:47:00 
AF 800 204.2  30.9 115.5  81.5 6.62E-07 004.0 134.6 -10.7 0.003571 0.003117 0.000541 hargrave 2023-09-10 17:48:21 
AF 850 191.1  81.1 038.4  38.1 2.22E-07 003.6 170.9  25.3 0.001625 0.000669 0.001077 hargrave 2023-09-10 17:49:42 
AF 900 330.9  52.6 000.8  09.2 5.85E-07 005.4 216.3  12.8 0.005309 0.002992 0.000866 hargrave 2023-09-10 17:51:03 
AF 950 212.6  60.8 035.4  59.2 6.98E-07 002.6 159.1  07.4 0.005630 0.001364 0.000841 hargrave 2023-09-10 17:52:23 
AF1000 090.0  61.4 057.9  11.9 4.65E-07 002.7 170.3  56.8 0.002132 0.000668 0.001147 hargrave 2023-09-10 17:53:45 
