MF8- 72b sun compass orientation
  19.31 108.5  47.0 304.0  60.0   1.0
NRM    309.4  67.8 009.4  25.6 6.41E-06 002.3 211.1  46.9 0.023006 0.011077 0.008765 hargrave 2024-04-12 19:10:52 
TT  55 300.8  75.5 017.3  29.8 6.17E-06 002.3 200.0  44.4 0.025175 0.009951 0.006210 hargrave 2024-04-15 10:05:26 
TT 100 291.4  72.0 013.1  32.3 4.02E-06 002.6 204.3  41.3 0.018600 0.008180 0.003912 hargrave 2024-04-15 12:31:32 
TT 125 287.3  69.6 010.3  33.7 2.85E-06 002.6 206.8  39.3 0.013050 0.005048 0.003471 hargrave 2024-04-15 15:14:45 
TT 150 271.2  60.8 000.6  41.7 2.36E-06 002.8 212.3  29.3 0.012873 0.005191 0.002168 hargrave 2024-04-15 18:34:02 
TT 200 266.1  55.3 354.1  45.5 1.97E-06 002.7 215.1  23.7 0.010189 0.003361 0.002778 hargrave 2024-04-16 10:05:55 
TT 250 277.8  33.9 326.0  36.6 1.45E-06 003.3 237.8  15.5 0.008228 0.004019 0.002958 hargrave 2024-04-16 12:21:19 
TT 300 312.1  13.5 319.7 -00.1 1.68E-06 001.7 276.1  26.3 0.003670 0.001079 0.003886 hargrave 2024-04-16 15:21:00 
TT 325 289.3 -09.0 288.7  07.9 1.43E-06 002.1 277.2 -05.6 0.003679 0.002081 0.003750 hargrave 2024-04-16 18:24:31 
TT 350 278.2  07.9 297.8  26.3 2.06E-06 001.8 257.2 -02.1 0.005061 0.002464 0.003324 hargrave 2024-04-17 10:48:12 
TT 375 216.1  65.5 032.5  54.5 1.63E-06 001.6 187.6  19.4 0.003478 0.003537 0.002380 hargrave 2024-04-17 13:58:24 
TT 400 226.8  59.4 021.2  59.4 1.33E-06 001.0 194.5  15.0 0.003470 0.001501 0.000340 hargrave 2024-04-18 11:01:28 
TT 420 147.4  40.0 094.1  35.8 7.07E-07 003.3 143.3  05.0 0.003314 0.002000 0.001955 hargrave 2024-04-18 14:51:22 
TT 430 173.5  04.1 150.1  43.9 1.07E-06 001.7 147.8 -37.7 0.001362 0.002401 0.001811 hargrave 2024-04-19 09:23:15 
