MF8- 10a mag compass orientation (IGRF corrected)
    6.4 132.1  60.0 304.0  60.0   1.0
NRM    098.1  82.0 042.0  26.3 5.74E-06 002.5 172.0  34.2 0.038588 0.010312 0.002783 hargrave 2023-09-08 13:52:12 
AF  10 117.3  83.0 041.9  29.0 5.44E-06 002.5 172.1  31.5 0.038167 0.009134 0.002735 hargrave 2023-09-08 13:53:33 
AF  20 125.4  83.1 041.9  29.9 5.15E-06 002.4 172.1  30.6 0.035995 0.008902 0.002626 hargrave 2023-09-08 13:54:53 
AF  30 133.9  83.0 042.1  31.0 4.76E-06 002.4 171.9  29.5 0.034254 0.008421 0.002433 hargrave 2023-09-08 13:56:14 
AF  40 142.8  82.0 043.0  32.3 4.57E-06 002.4 171.1  28.2 0.033981 0.008119 0.002678 hargrave 2023-09-08 13:57:34 
AF  50 161.9  82.6 041.1  34.4 4.18E-06 002.3 172.8  26.1 0.030680 0.007235 0.002683 hargrave 2023-09-08 13:58:55 
AF  60 164.5  79.5 043.9  36.4 3.89E-06 002.2 170.3  24.0 0.029243 0.007380 0.002273 hargrave 2023-09-08 14:00:16 
AF  70 179.1  80.6 040.8  37.6 3.69E-06 002.2 173.0  22.9 0.029246 0.006790 0.002316 hargrave 2023-09-08 14:01:36 
AF  80 171.0  80.6 042.0  36.6 3.54E-06 002.3 172.0  23.9 0.030524 0.005170 0.001822 hargrave 2023-09-08 14:03:00 
AF  90 165.1  79.8 043.5  36.3 3.43E-06 002.3 170.7  24.1 0.027176 0.006422 0.001891 hargrave 2023-09-08 14:04:21 
AF 100 158.7  76.0 048.4  37.2 3.19E-06 002.3 166.4  23.1 0.023684 0.006029 0.002218 hargrave 2023-09-08 14:05:48 
AF 110 161.8  73.6 050.7  39.0 2.75E-06 002.4 164.8  21.0 0.021909 0.005614 0.001946 hargrave 2023-09-08 14:07:09 
AF 120 150.8  75.4 050.1  35.6 2.69E-06 002.5 164.8  24.4 0.020617 0.005263 0.001950 hargrave 2023-09-08 14:08:29 
AF 130 154.2  72.7 052.8  37.4 2.50E-06 002.6 162.7  22.4 0.019135 0.005722 0.001820 hargrave 2023-09-08 14:09:53 
AF 140 165.7  74.4 049.1  39.5 2.35E-06 002.3 166.2  20.7 0.018625 0.005066 0.001501 hargrave 2023-09-08 14:11:17 
AF 150 157.6  69.6 056.1  39.5 2.24E-06 002.7 160.5  19.8 0.016846 0.006008 0.001579 hargrave 2023-09-08 14:12:37 
AF 160 159.9  66.5 059.5  41.4 2.05E-06 002.8 158.3  17.3 0.015465 0.005908 0.001713 hargrave 2023-09-08 14:13:59 
AF 170 178.7  69.2 051.1  45.9 1.90E-06 002.2 165.5  14.2 0.015903 0.004476 0.001303 hargrave 2023-09-08 14:15:19 
AF 180 148.2  77.2 048.2  34.5 1.84E-06 002.5 166.3  25.7 0.014596 0.003910 0.001731 hargrave 2023-09-08 14:16:39 
AF 190 230.9  70.4 025.5  48.5 1.71E-06 002.0 183.0  10.6 0.015172 0.003845 0.001482 hargrave 2023-09-08 14:18:03 
AF 200 207.4  76.0 036.2  43.8 1.92E-06 001.9 176.3  16.5 0.018052 0.003170 0.001427 hargrave 2023-09-08 14:19:27 
AF 220 165.3  65.2 059.9  43.9 1.51E-06 002.8 158.7  14.8 0.011643 0.004384 0.001551 hargrave 2023-09-08 14:20:47 
AF 240 228.6  85.5 032.6  34.4 1.35E-06 002.7 180.6  25.5 0.010722 0.003147 0.001835 hargrave 2023-09-08 14:22:07 
AF 260 194.7  73.6 041.6  45.2 1.20E-06 002.1 172.3  15.3 0.009643 0.002814 0.001618 hargrave 2023-09-08 14:23:28 
AF 280 289.6  63.7 003.2  32.9 1.03E-06 004.3 205.4  17.5 0.008097 0.004037 0.001849 hargrave 2023-09-08 14:24:48 
AF 300 209.8  47.3 043.4  72.4 8.39E-07 001.8 171.5 -11.9 0.006983 0.001846 0.001642 hargrave 2023-09-08 14:26:09 
AF 320 165.4  63.6 061.9  44.6 4.72E-07 002.8 157.5  13.7 0.003491 0.001198 0.001069 hargrave 2023-09-08 14:27:29 
AF 340 230.9  46.2 359.6  69.1 6.07E-07 002.6 186.2 -13.4 0.004966 0.001767 0.001792 hargrave 2023-09-08 14:28:49 
AF 360 184.0  18.4 140.1  60.4 5.93E-07 003.4 137.8 -29.2 0.002954 0.002288 0.001633 hargrave 2023-09-08 14:30:10 
AF 380 249.8  17.7 291.5  55.2 1.06E-06 004.0 212.9 -35.4 0.006626 0.004121 0.001526 hargrave 2023-09-08 14:31:30 
AF 400 216.1  38.2 022.3  81.6 8.63E-07 002.2 175.0 -21.6 0.006674 0.002129 0.001466 hargrave 2023-09-08 14:32:50 
AF 420 237.6  37.9 332.4  68.9 5.26E-07 003.6 193.0 -20.5 0.004136 0.001899 0.001516 hargrave 2023-09-08 14:34:10 
AF 440 270.1 -42.4 251.8  01.1 4.16E-07 003.2 301.6 -49.9 0.001382 0.001819 0.001203 hargrave 2023-09-08 14:35:31 
AF 460 263.5  13.7 295.5  41.7 5.00E-07 005.1 228.4 -30.9 0.003145 0.002894 0.001613 hargrave 2023-09-08 14:36:54 
AF 480 253.0  22.2 300.7  54.3 7.13E-07 004.6 213.3 -30.0 0.004584 0.003354 0.002379 hargrave 2023-09-08 14:38:15 
AF 500 250.7  42.1 336.6  58.2 1.08E-06 003.8 201.4 -13.2 0.009696 0.003524 0.001354 hargrave 2023-09-08 14:39:38 
AF 520 192.4  54.4 060.3  61.1 5.99E-07 002.2 163.2 -01.8 0.005054 0.001702 0.000903 hargrave 2023-09-08 14:40:58 
AF 540 231.3  11.1 258.1  65.1 9.05E-07 003.3 193.6 -48.0 0.005967 0.001966 0.002205 hargrave 2023-09-08 14:42:22 
AF 560 208.1 -06.0 204.1  53.6 9.26E-07 001.8 148.5 -62.6 0.002921 0.001214 0.001431 hargrave 2023-09-08 14:43:43 
AF 580 305.8 -60.0 247.9 -26.5 4.96E-07 004.9 325.5 -28.7 0.003346 0.002652 0.001809 hargrave 2023-09-08 14:45:03 
AF 600 202.1 -40.7 204.5  18.5 8.19E-07 001.8 051.3 -70.6 0.002058 0.001401 0.000914 hargrave 2023-09-08 14:46:23 
AF 650 250.6  29.5 312.5  58.4 1.09E-06 004.0 207.2 -24.6 0.008054 0.004018 0.001487 hargrave 2023-09-08 14:47:43 
AF 700 257.4  08.9 285.7  44.3 3.50E-07 004.7 226.8 -38.4 0.002525 0.001987 0.000637 hargrave 2023-09-08 14:49:03 
AF 750 260.3  32.9 320.6  50.7 1.46E-06 004.6 213.0 -17.4 0.011881 0.005988 0.000700 hargrave 2023-09-08 14:50:23 
AF 800 280.2  40.6 334.6  36.2 6.61E-07 005.0 220.1 -01.2 0.005021 0.003373 0.001185 hargrave 2023-09-08 14:51:43 
AF 850 269.6  19.8 306.1  39.1 9.83E-07 004.8 228.6 -22.4 0.007064 0.005099 0.000980 hargrave 2023-09-08 14:53:04 
AF 900 186.5 -01.0 168.8  49.4 3.38E-07 005.1 123.9 -45.4 0.002361 0.001484 0.001374 hargrave 2023-09-08 14:54:25 
AF 950 216.4 -00.6 218.8  59.4 7.02E-07 002.7 168.6 -60.1 0.003501 0.000626 0.001127 hargrave 2023-09-08 14:55:46 
AF1000 154.8  05.2 135.7  29.1 1.21E-06 002.1 106.4 -16.7 0.002531 0.007377 0.000689 hargrave 2023-09-08 14:57:07 
