MF8- 23a mag compass orientation (IGRF corrected)
   29.3 201.1  42.0 304.0  60.0   1.0
NRM    279.5  72.1 013.8  35.9 6.76E-06 001.9 175.9  30.3 0.043296 0.010403 0.003903 hargrave 2023-09-09 04:30:59 
AF  10 279.3  71.0 012.5  36.2 6.58E-06 001.9 175.6  29.3 0.042408 0.009421 0.002683 hargrave 2023-09-09 04:32:19 
AF  20 277.1  70.9 012.5  36.9 6.26E-06 002.0 174.8  29.3 0.041236 0.009607 0.002719 hargrave 2023-09-09 04:33:40 
AF  30 276.3  70.6 012.4  37.2 5.96E-06 001.9 174.4  29.1 0.039483 0.008482 0.002208 hargrave 2023-09-09 04:35:01 
AF  40 275.6  71.3 013.2  37.3 5.72E-06 002.0 174.3  29.8 0.038363 0.008993 0.002640 hargrave 2023-09-09 04:36:22 
AF  50 279.7  71.3 012.9  36.0 5.41E-06 002.1 175.8  29.6 0.037694 0.008181 0.002136 hargrave 2023-09-09 04:37:43 
AF  60 277.1  71.5 013.4  36.8 5.16E-06 002.2 174.9  29.9 0.036744 0.008099 0.002110 hargrave 2023-09-09 04:39:04 
AF  70 277.1  73.0 015.1  36.3 4.97E-06 002.2 175.3  31.4 0.035383 0.007647 0.002113 hargrave 2023-09-09 04:40:25 
AF  80 272.7  72.5 015.0  37.7 4.66E-06 002.3 173.6  31.2 0.033924 0.007071 0.001662 hargrave 2023-09-09 04:41:46 
AF  90 271.3  73.3 016.2  37.8 4.35E-06 002.3 173.4  32.1 0.031128 0.006494 0.001316 hargrave 2023-09-09 04:43:06 
AF 100 271.8  74.3 017.3  37.3 4.16E-06 002.4 173.9  33.0 0.030990 0.006388 0.001608 hargrave 2023-09-09 04:44:27 
AF 110 264.9  75.6 019.7  38.3 3.85E-06 002.5 172.3  34.7 0.028068 0.005594 0.001249 hargrave 2023-09-09 04:45:48 
AF 120 270.9  73.4 016.4  37.9 3.82E-06 002.5 173.3  32.2 0.029144 0.005960 0.002013 hargrave 2023-09-09 04:47:09 
AF 130 280.6  74.2 016.2  35.1 3.64E-06 002.5 176.6  32.4 0.027895 0.005809 0.001740 hargrave 2023-09-09 04:48:31 
AF 140 285.7  74.0 015.7  33.8 3.50E-06 002.5 178.2  32.1 0.027356 0.005585 0.001584 hargrave 2023-09-09 04:49:51 
AF 150 288.0  71.7 012.8  33.4 3.34E-06 002.5 178.9  29.7 0.026810 0.005626 0.001151 hargrave 2023-09-09 04:51:12 
AF 160 283.3  73.2 014.8  34.6 3.22E-06 002.5 177.4  31.3 0.025403 0.005148 0.002079 hargrave 2023-09-09 04:52:33 
AF 170 281.3  71.1 012.4  35.5 3.06E-06 002.4 176.4  29.3 0.024843 0.005070 0.001618 hargrave 2023-09-09 04:53:54 
AF 180 268.9  77.3 021.1  36.7 3.04E-06 002.7 174.1  36.1 0.023192 0.004295 0.001102 hargrave 2023-09-09 04:55:14 
AF 190 282.5  80.0 022.9  33.2 3.00E-06 002.8 178.1  38.1 0.022689 0.004417 0.001514 hargrave 2023-09-09 04:56:35 
AF 200 282.8  78.0 020.5  33.7 3.06E-06 002.7 177.9  36.1 0.023437 0.004779 0.001232 hargrave 2023-09-09 04:57:56 
AF 220 262.6  79.7 024.4  36.5 2.70E-06 002.8 173.7  38.8 0.020614 0.003665 0.000992 hargrave 2023-09-09 04:59:16 
AF 240 264.6  76.4 020.7  38.0 2.44E-06 002.8 172.6  35.6 0.019617 0.003611 0.000724 hargrave 2023-09-09 05:00:38 
AF 260 281.1  83.1 026.5  32.5 2.38E-06 003.1 178.4  41.2 0.018659 0.003468 0.000559 hargrave 2023-09-09 05:01:58 
AF 280 266.6  72.3 015.8  39.5 2.37E-06 002.6 171.5  31.5 0.019902 0.003691 0.001086 hargrave 2023-09-09 05:03:18 
AF 300 293.9  79.7 022.2  31.3 2.17E-06 003.1 180.6  37.7 0.018080 0.003675 0.000950 hargrave 2023-09-09 05:04:38 
AF 320 305.2  78.4 020.7  29.1 2.04E-06 003.2 183.5  36.7 0.017300 0.003948 0.000650 hargrave 2023-09-09 05:05:59 
AF 340 317.1  75.3 018.1  25.7 2.00E-06 003.4 187.8  34.5 0.017297 0.004631 0.001362 hargrave 2023-09-09 05:07:19 
AF 360 309.8  73.0 014.9  26.9 1.71E-06 003.3 186.3  31.7 0.015478 0.003942 0.001591 hargrave 2023-09-09 05:08:39 
AF 380 328.7  75.8 019.9  23.3 1.87E-06 003.7 190.7  36.2 0.016049 0.005013 0.001183 hargrave 2023-09-09 05:09:59 
AF 400 339.4  69.5 016.6  17.0 2.02E-06 004.1 198.1  32.7 0.017512 0.006754 0.000816 hargrave 2023-09-09 05:11:20 
AF 420 292.0  75.3 017.0  32.0 1.69E-06 003.0 180.3  33.3 0.015086 0.002924 0.001070 hargrave 2023-09-09 05:12:40 
AF 440 296.8  73.7 015.1  30.7 1.51E-06 002.6 181.9  31.7 0.012698 0.002348 0.001442 hargrave 2023-09-09 05:14:02 
AF 460 350.7  72.2 021.4  16.5 1.26E-06 004.3 199.3  37.2 0.011023 0.004248 0.001282 hargrave 2023-09-09 05:15:22 
AF 480 313.3  69.1 011.2  24.7 1.10E-06 003.4 188.8  28.3 0.010579 0.002799 0.000777 hargrave 2023-09-09 05:16:42 
AF 500 355.8  55.7 013.6  01.7 1.37E-06 005.5 214.9  26.9 0.012037 0.007556 0.001665 hargrave 2023-09-09 05:18:03 
AF 520 347.8  59.5 012.4  07.3 1.23E-06 005.0 208.4  27.0 0.011240 0.005708 0.000652 hargrave 2023-09-09 05:19:23 
AF 540 298.7  76.3 018.1  30.3 1.47E-06 003.2 182.2  34.4 0.013248 0.002674 0.001015 hargrave 2023-09-09 05:20:43 
AF 560 328.6  55.8 002.5  12.2 1.27E-06 004.6 201.1  18.5 0.012633 0.005417 0.000310 hargrave 2023-09-09 05:22:04 
AF 580 338.9  65.2 013.2  14.3 1.40E-06 004.5 200.8  29.1 0.013000 0.005513 0.000207 hargrave 2023-09-09 05:23:24 
AF 600 354.8  78.0 025.9  20.4 1.35E-06 003.8 194.5  41.7 0.011008 0.003623 0.000653 hargrave 2023-09-09 05:24:44 
AF 650 053.6  70.6 040.5  11.6 1.57E-06 003.8 209.3  55.1 0.009657 0.005003 0.000672 hargrave 2023-09-09 05:26:04 
AF 700 338.7  66.9 014.4  15.4 1.53E-06 004.8 199.7  30.4 0.015264 0.006280 0.000979 hargrave 2023-09-09 05:27:26 
AF 750 011.8  81.7 030.6  22.3 1.01E-06 003.8 191.8  46.0 0.008105 0.002227 0.000757 hargrave 2023-09-09 05:28:46 
AF 800 032.3  69.5 033.4  09.5 1.52E-06 004.2 210.8  47.9 0.010546 0.005749 0.001160 hargrave 2023-09-09 05:30:06 
AF 850 322.6  68.9 012.5  21.6 9.66E-07 003.7 192.4  29.2 0.009324 0.002567 0.000808 hargrave 2023-09-09 05:31:27 
AF 900 014.9  70.7 027.7  11.6 1.10E-06 004.5 206.6  42.7 0.008732 0.004298 0.000833 hargrave 2023-09-09 05:32:48 
AF 950 167.2  79.3 043.8  37.0 9.01E-07 002.9 165.1  53.1 0.005562 0.000358 0.001578 hargrave 2023-09-09 05:34:12 
AF1000 087.4  57.4 059.9  08.3 7.49E-07 002.2 227.6  73.0 0.002275 0.001900 0.000842 hargrave 2023-09-09 05:35:33 
