MF8- 71a sun compass orientation
  19.08  70.3  49.0 304.0  60.0   1.0
NRM    313.4  62.1 004.1  22.1 8.49E-06 002.9 208.3  63.5 0.036478 0.020115 0.011760 hargrave 2024-03-23 13:52:04 
AF  10 311.7  62.2 003.9  22.9 8.15E-06 003.0 209.2  62.8 0.035951 0.019378 0.012203 hargrave 2024-03-23 13:53:24 
AF  20 310.7  61.8 003.3  23.1 7.96E-06 003.0 210.6  62.7 0.034746 0.019119 0.012146 hargrave 2024-03-23 13:54:44 
AF  30 309.1  61.7 002.9  23.8 7.72E-06 003.0 211.7  62.1 0.033129 0.021198 0.012172 hargrave 2024-03-23 13:56:08 
AF  40 304.4  62.4 003.0  26.1 7.41E-06 003.1 212.7  59.8 0.033470 0.019642 0.012473 hargrave 2024-03-23 13:57:28 
AF  50 301.3  61.4 001.4  27.3 7.13E-06 003.2 215.8  58.9 0.032183 0.019951 0.012652 hargrave 2024-03-23 13:58:49 
AF  60 302.7  61.1 001.3  26.6 6.96E-06 003.1 215.7  59.7 0.030726 0.018806 0.012020 hargrave 2024-03-23 14:00:09 
AF  70 300.0  59.7 359.4  27.6 6.63E-06 003.2 219.2  58.9 0.028921 0.019037 0.012109 hargrave 2024-03-23 14:01:29 
AF  80 303.5  57.9 358.0  25.3 6.57E-06 003.0 221.5  61.3 0.026650 0.018647 0.012729 hargrave 2024-03-23 14:02:49 
AF  90 301.6  58.4 358.2  26.4 6.21E-06 003.0 221.2  60.2 0.024782 0.017757 0.012061 hargrave 2024-03-23 14:04:10 
AF 100 303.3  55.3 355.3  24.7 6.16E-06 002.9 226.7  61.9 0.022463 0.018819 0.012059 hargrave 2024-03-23 14:05:30 
AF 110 303.7  59.7 360.0  25.7 6.25E-06 003.1 217.9  60.7 0.026198 0.017060 0.012235 hargrave 2024-03-23 14:06:50 
AF 120 307.7  59.3 000.2  23.7 5.82E-06 002.9 216.8  62.7 0.023532 0.014641 0.011725 hargrave 2024-03-23 14:08:10 
AF 130 301.2  57.7 357.4  26.4 6.17E-06 003.0 222.6  60.2 0.023943 0.018750 0.012699 hargrave 2024-03-23 14:09:31 
AF 140 304.8  55.6 355.8  23.9 5.90E-06 002.9 225.7  62.7 0.021733 0.017372 0.011627 hargrave 2024-03-23 14:10:51 
AF 150 305.6  58.1 358.6  24.3 5.72E-06 002.9 220.2  62.2 0.022337 0.015218 0.010749 hargrave 2024-03-23 14:12:12 
AF 160 298.9  55.5 354.7  27.1 5.14E-06 003.0 227.4  59.4 0.019454 0.015858 0.011086 hargrave 2024-03-23 14:13:32 
AF 170 297.5  52.9 351.6  27.3 4.98E-06 003.0 232.7  59.0 0.018237 0.015959 0.011366 hargrave 2024-03-23 14:14:52 
AF 180 298.4  57.0 356.2  27.7 4.99E-06 003.1 224.7  58.9 0.019654 0.014486 0.012297 hargrave 2024-03-23 14:16:12 
AF 190 297.9  53.6 352.4  27.2 4.84E-06 002.9 231.4  59.2 0.017343 0.014694 0.010026 hargrave 2024-03-23 14:17:33 
AF 200 302.6  54.8 354.6  24.9 4.52E-06 002.8 227.9  61.7 0.015783 0.012699 0.010395 hargrave 2024-03-23 14:18:53 
AF 220 294.3  50.5 348.5  28.6 4.37E-06 003.0 237.3  57.1 0.014783 0.015266 0.010527 hargrave 2024-03-23 14:20:13 
AF 240 296.3  51.8 350.2  27.7 4.78E-06 003.0 234.9  58.3 0.016509 0.016006 0.010531 hargrave 2024-03-23 14:21:34 
AF 260 296.0  57.8 356.9  29.2 4.58E-06 003.1 223.7  57.5 0.018350 0.013614 0.010053 hargrave 2024-03-23 14:22:54 
AF 280 307.7  58.0 358.9  23.3 4.38E-06 002.7 219.4  63.3 0.015843 0.010587 0.008489 hargrave 2024-03-23 14:24:14 
AF 300 289.9  57.0 355.3  32.3 4.29E-06 003.3 226.0  54.3 0.018414 0.013339 0.010206 hargrave 2024-03-23 14:25:34 
AF 320 297.4  60.7 000.2  29.0 4.16E-06 003.1 218.3  57.5 0.017824 0.011057 0.009562 hargrave 2024-03-23 14:26:55 
AF 340 298.3  54.7 353.7  27.2 4.22E-06 002.9 229.1  59.3 0.015248 0.012266 0.009983 hargrave 2024-03-23 14:28:15 
AF 360 294.6  56.3 355.0  29.6 3.54E-06 003.0 226.7  57.0 0.013178 0.010057 0.009469 hargrave 2024-03-23 14:29:35 
AF 380 299.7  57.8 357.3  27.3 3.37E-06 002.8 222.9  59.4 0.011899 0.008601 0.008819 hargrave 2024-03-23 14:30:55 
AF 400 294.3  51.3 349.4  28.8 3.65E-06 002.9 235.9  57.1 0.012131 0.011755 0.008309 hargrave 2024-03-23 14:32:15 
AF 420 286.9  62.2 001.4  34.1 2.96E-06 003.3 217.7  52.2 0.013777 0.007770 0.006665 hargrave 2024-03-23 14:33:35 
AF 440 283.9  52.5 349.5  35.3 2.77E-06 003.1 233.4  50.8 0.010598 0.009402 0.006060 hargrave 2024-03-23 14:34:55 
AF 460 303.8  60.5 000.8  25.9 2.68E-06 002.6 216.4  60.4 0.009604 0.006869 0.002939 hargrave 2024-03-23 14:36:17 
AF 480 322.6  63.3 007.3  18.8 1.76E-06 002.4 199.1  65.4 0.006627 0.003619 0.001852 hargrave 2024-03-23 14:37:37 
AF 500 319.4  48.6 353.2  12.9 3.49E-06 002.2 235.6  73.4 0.009888 0.007692 0.006555 hargrave 2024-03-23 14:38:57 
AF 520 316.4  78.1 021.0  26.8 1.82E-06 002.8 187.7  51.6 0.009241 0.003546 0.002241 hargrave 2024-03-23 14:40:17 
AF 540 317.8  60.0 003.1  19.3 2.38E-06 002.1 208.6  66.4 0.007323 0.003960 0.003162 hargrave 2024-03-23 14:41:38 
AF 560 329.2  66.7 011.8  18.2 1.64E-06 002.4 189.9  63.6 0.006575 0.002586 0.001742 hargrave 2024-03-23 14:42:58 
AF 580 121.6  20.6 104.9  08.2 4.85E-07 006.8 141.8 -18.7 0.003909 0.002622 0.003963 hargrave 2024-03-23 14:44:18 
AF 600 289.9  43.1 339.4  29.7 2.48E-06 002.6 249.5  53.1 0.006525 0.009417 0.005054 hargrave 2024-03-23 14:45:38 
