MF8- 66a sun compass orientation
  153.7 175.2  26.0 304.0  60.0   1.0
NRM    158.9  68.6 057.1  40.3 5.09E-06 001.0 132.0  61.8 0.007519 0.005993 0.001678 hargrave 2023-09-29 17:27:34 
AF  10 162.0  67.3 058.1  41.8 4.65E-06 001.1 130.9  60.2 0.007151 0.005906 0.002062 hargrave 2023-09-29 17:28:55 
AF  20 162.6  65.7 060.0  42.7 4.36E-06 001.1 128.4  59.1 0.006523 0.006055 0.002211 hargrave 2023-09-29 17:30:15 
AF  30 163.5  64.5 061.3  43.5 3.97E-06 001.1 126.9  58.1 0.006434 0.004465 0.001447 hargrave 2023-09-29 17:31:40 
AF  40 163.4  62.8 063.5  44.1 3.67E-06 001.1 124.4  57.2 0.005340 0.005443 0.001887 hargrave 2023-09-29 17:33:00 
AF  50 167.6  62.0 063.5  46.2 3.47E-06 001.1 125.4  55.2 0.005287 0.005132 0.001728 hargrave 2023-09-29 17:34:21 
AF  60 167.6  58.9 067.5  47.4 3.36E-06 001.2 121.6  53.1 0.004645 0.005974 0.002081 hargrave 2023-09-29 17:35:42 
AF  70 165.6  56.7 071.2  47.2 2.99E-06 001.1 117.7  52.3 0.003873 0.005428 0.002096 hargrave 2023-09-29 17:37:03 
AF  80 168.2  54.1 074.3  49.4 3.01E-06 001.2 116.5  49.4 0.003862 0.005900 0.002142 hargrave 2023-09-29 17:38:23 
AF  90 180.2  53.6 070.2  56.0 3.15E-06 001.4 124.1  44.5 0.005366 0.006289 0.001855 hargrave 2023-09-29 17:39:44 
AF 100 169.5  60.2 065.2  47.8 2.92E-06 001.2 124.2  53.3 0.004220 0.005222 0.001623 hargrave 2023-09-29 17:41:05 
AF 110 172.9  55.9 070.1  51.2 2.41E-06 001.2 121.5  49.0 0.003670 0.004712 0.001746 hargrave 2023-09-29 17:42:25 
AF 120 175.2  54.4 071.3  53.1 2.48E-06 001.3 121.5  47.0 0.004054 0.005057 0.001731 hargrave 2023-09-29 17:43:50 
AF 130 176.2  48.7 080.1  55.8 2.11E-06 001.2 117.2  42.1 0.002880 0.004766 0.001471 hargrave 2023-09-29 17:45:10 
AF 140 176.6  38.2 098.8  58.2 1.91E-06 001.3 110.2  33.2 0.002163 0.005301 0.002138 hargrave 2023-09-29 17:46:31 
AF 150 174.1  45.9 085.5  55.2 1.90E-06 001.2 113.5  40.6 0.002258 0.004737 0.001729 hargrave 2023-09-29 17:47:52 
AF 160 156.9  50.8 080.7  43.2 1.97E-06 001.0 105.1  51.6 0.001253 0.004212 0.001923 hargrave 2023-09-29 17:49:12 
AF 170 164.5  38.4 098.6  48.7 1.72E-06 000.9 100.4  38.4 0.001106 0.003528 0.001464 hargrave 2023-09-29 17:50:37 
AF 180 179.0  32.7 109.7  60.1 1.33E-06 001.3 108.8  27.4 0.001649 0.004171 0.001382 hargrave 2023-09-29 17:51:58 
AF 190 149.5  33.2 102.7  35.8 1.44E-06 001.1 083.5  40.7 0.001082 0.004151 0.001494 hargrave 2023-09-29 17:53:18 
AF 200 174.8  45.4 086.2  55.8 1.29E-06 001.3 113.7  39.9 0.001528 0.003529 0.001172 hargrave 2023-09-29 17:54:39 
AF 220 163.5  46.6 086.3  47.9 1.07E-06 001.2 106.0  45.5 0.000922 0.003152 0.001239 hargrave 2023-09-29 17:56:00 
AF 240 143.1  42.7 090.0  33.2 1.16E-06 001.1 085.1  51.4 0.000623 0.002948 0.000577 hargrave 2023-09-29 17:57:21 
AF 260 130.8  41.2 088.9  24.0 1.56E-06 001.3 071.0  55.3 0.002144 0.003311 0.000679 hargrave 2023-09-29 17:58:41 
AF 280 116.7  12.6 109.5  00.1 9.33E-07 002.4 038.0  34.1 0.003007 0.002494 0.001344 hargrave 2023-09-29 18:00:02 
AF 300 114.1  15.1 106.0 -00.8 5.39E-07 002.9 035.8  37.2 0.001220 0.001939 0.002071 hargrave 2023-09-29 18:01:23 
AF 320 120.6 -25.4 144.9 -15.1 7.00E-07 002.8 031.6 -03.6 0.002656 0.002156 0.001331 hargrave 2023-09-29 18:02:44 
AF 340 136.9 -26.0 152.8 -02.6 6.30E-07 002.8 045.5 -08.7 0.002245 0.002086 0.000979 hargrave 2023-09-29 18:04:05 
AF 360 070.8  47.6 058.0 -05.7 5.22E-07 001.6 327.6  71.8 0.000868 0.001254 0.000422 hargrave 2023-09-29 18:05:26 
AF 380 129.3  14.3 114.1  11.6 1.09E-06 002.3 052.6  31.8 0.003080 0.003026 0.000605 hargrave 2023-09-29 18:06:48 
AF 400 082.7 -42.4 155.5 -49.4 2.23E-07 004.0 358.0 -16.4 0.000703 0.001425 0.000671 hargrave 2023-09-29 18:08:09 
AF 420 120.2  15.9 108.4  04.7 4.49E-07 002.7 043.2  36.2 0.000965 0.002242 0.000570 hargrave 2023-09-29 18:09:30 
AF 440 152.1 -11.3 148.8  17.6 8.35E-07 002.3 064.4 -00.4 0.001736 0.003284 0.001435 hargrave 2023-09-29 18:10:51 
AF 460 170.6 -03.1 154.9  37.0 1.68E-06 001.0 084.5 -00.8 0.001606 0.004114 0.002135 hargrave 2023-09-29 18:12:16 
AF 480 170.2 -05.0 156.3  35.4 1.54E-06 001.4 083.3 -02.3 0.002479 0.005373 0.002330 hargrave 2023-09-29 18:13:37 
AF 500 159.0 -05.7 148.5  26.4 1.39E-06 001.9 072.9  01.9 0.003118 0.004653 0.001874 hargrave 2023-09-29 18:14:58 
AF 520 143.8 -03.3 137.1  15.3 8.81E-07 002.6 059.9  10.1 0.002283 0.003309 0.001864 hargrave 2023-09-29 18:16:20 
AF 540 137.6  18.6 113.9  20.6 1.92E-06 002.1 063.2  32.7 0.004637 0.005484 0.002138 hargrave 2023-09-29 18:17:41 
AF 560 172.7 -01.8 155.4  39.4 1.71E-06 001.2 087.0 -00.6 0.002124 0.005765 0.002848 hargrave 2023-09-29 18:19:03 
AF 580 157.4 -10.5 151.5  22.2 1.72E-06 002.0 069.5 -01.8 0.003983 0.005550 0.002251 hargrave 2023-09-29 18:20:24 
AF 600 142.1  31.3 102.7  29.3 1.71E-06 001.5 075.0  42.2 0.002632 0.004445 0.001818 hargrave 2023-09-29 18:21:45 
AF 650 159.5 -11.0 153.4  23.5 1.91E-06 001.8 071.2 -03.2 0.004580 0.004671 0.002473 hargrave 2023-09-29 18:23:09 
AF 700 175.8 -10.4 165.8  35.4 1.71E-06 001.1 085.9 -09.6 0.001795 0.005289 0.002079 hargrave 2023-09-29 18:24:30 
AF 750 154.2 -25.5 161.5  10.3 1.60E-06 002.4 060.4 -14.2 0.005290 0.003878 0.002666 hargrave 2023-09-29 18:25:55 
AF 800 172.9 -10.6 163.3  33.3 1.09E-06 001.1 083.2 -08.5 0.001127 0.003365 0.001593 hargrave 2023-09-29 18:27:16 
AF 850 153.6 -24.7 160.6  10.3 1.86E-06 002.2 060.2 -13.3 0.005208 0.005608 0.001811 hargrave 2023-09-29 18:28:37 
AF 900 176.3 -45.1 188.2  07.4 2.10E-06 001.4 067.0 -40.0 0.004023 0.004132 0.001650 hargrave 2023-09-29 18:30:02 
AF 950 197.9 -26.6 197.1  31.3 1.68E-06 001.1 097.8 -33.6 0.001426 0.004205 0.001419 hargrave 2023-09-29 18:31:23 
AF1000 161.8 -35.0 173.1  08.5 2.36E-06 002.0 062.1 -25.6 0.006249 0.005629 0.001490 hargrave 2023-09-29 18:32:50 
