MF9- 4a sun compass orientation
   12.6 171.7  53.0 310.0  69.0   1.0
NRM    309.5  80.6 029.9  20.8 5.99E-06 001.5 188.1  30.4 0.022095 0.008450 0.002299 hargrave 2023-09-30 19:41:47 
AF  10 306.6  79.7 029.0  21.2 5.86E-06 001.4 188.3  29.4 0.021125 0.006551 0.002078 hargrave 2023-09-30 19:43:08 
AF  20 302.0  79.2 028.4  22.1 5.55E-06 001.4 187.9  28.5 0.020172 0.006566 0.002100 hargrave 2023-09-30 19:44:30 
AF  30 302.6  77.6 026.7  22.1 5.30E-06 001.4 189.1  27.3 0.019817 0.005896 0.001945 hargrave 2023-09-30 19:45:51 
AF  40 300.2  77.9 027.1  22.6 4.97E-06 001.4 188.5  27.2 0.018314 0.005475 0.001994 hargrave 2023-09-30 19:47:12 
AF  50 300.1  78.9 028.1  22.5 4.78E-06 001.4 187.8  28.0 0.017563 0.005139 0.001688 hargrave 2023-09-30 19:48:34 
AF  60 298.7  79.1 028.4  22.7 4.66E-06 001.4 187.4  28.1 0.017427 0.005073 0.001786 hargrave 2023-09-30 19:49:55 
AF  70 303.5  79.0 028.2  21.8 4.52E-06 001.4 188.3  28.5 0.016807 0.005017 0.001688 hargrave 2023-09-30 19:51:16 
AF  80 303.6  77.3 026.4  21.9 4.30E-06 001.4 189.5  27.1 0.016451 0.004957 0.001764 hargrave 2023-09-30 19:52:38 
AF  90 298.0  76.8 025.9  23.2 4.00E-06 001.4 188.7  26.0 0.015367 0.004528 0.001518 hargrave 2023-09-30 19:54:00 
AF 100 310.9  80.2 029.5  20.5 3.82E-06 001.4 188.6  30.3 0.014310 0.003807 0.001039 hargrave 2023-09-30 19:55:21 
AF 110 324.0  79.9 029.7  18.3 3.75E-06 001.5 190.5  31.8 0.013801 0.003887 0.001099 hargrave 2023-09-30 19:56:43 
AF 120 324.3  80.8 030.6  18.5 3.64E-06 001.5 189.7  32.4 0.013475 0.003596 0.001335 hargrave 2023-09-30 19:58:04 
AF 130 334.7  83.6 033.9  18.2 3.40E-06 001.5 187.4  34.9 0.012388 0.003237 0.001124 hargrave 2023-09-30 19:59:25 
AF 140 333.3  83.5 033.7  18.3 3.30E-06 001.5 187.5  34.7 0.011897 0.003147 0.001174 hargrave 2023-09-30 20:00:46 
AF 150 336.4  81.5 032.1  17.1 3.03E-06 001.5 189.9  34.3 0.011300 0.002763 0.000953 hargrave 2023-09-30 20:02:07 
AF 160 329.3  75.0 025.3  15.4 2.89E-06 001.6 196.0  30.2 0.011097 0.003339 0.001049 hargrave 2023-09-30 20:03:29 
AF 170 344.1  81.2 032.4  15.9 2.65E-06 001.5 190.7  35.3 0.009548 0.002443 0.000916 hargrave 2023-09-30 20:04:50 
AF 180 340.0  74.5 026.3  12.7 2.58E-06 001.7 198.0  32.5 0.009735 0.002864 0.000939 hargrave 2023-09-30 20:06:13 
AF 190 328.3  77.4 027.5  16.6 2.53E-06 001.6 193.5  31.2 0.009606 0.002676 0.001175 hargrave 2023-09-30 20:07:34 
AF 200 000.1  81.3 034.3  14.3 2.15E-06 001.5 190.9  37.8 0.007584 0.001832 0.000915 hargrave 2023-09-30 20:08:56 
AF 220 342.4  78.4 029.9  14.5 2.06E-06 001.6 193.9  34.3 0.007691 0.002258 0.000728 hargrave 2023-09-30 20:10:17 
AF 240 339.4  74.9 026.5  13.1 1.92E-06 001.6 197.6  32.4 0.007235 0.002033 0.000709 hargrave 2023-09-30 20:11:38 
AF 260 333.5  70.1 021.4  12.2 1.73E-06 001.7 201.6  28.8 0.006715 0.002197 0.000619 hargrave 2023-09-30 20:12:59 
AF 280 354.8  76.6 030.3  11.3 1.71E-06 001.6 196.8  36.5 0.006206 0.001684 0.000407 hargrave 2023-09-30 20:14:21 
AF 300 327.4  76.4 026.5  16.4 1.46E-06 001.5 194.4  30.5 0.005596 0.001344 0.000380 hargrave 2023-09-30 20:15:42 
AF 320 017.6  70.3 032.6  02.7 1.46E-06 001.8 204.5  43.2 0.005055 0.001804 0.000612 hargrave 2023-09-30 20:17:03 
AF 340 003.2  68.0 027.0  03.0 1.66E-06 001.8 207.8  38.2 0.005906 0.002100 0.000767 hargrave 2023-09-30 20:18:24 
AF 360 339.9  67.3 020.2  08.7 1.57E-06 002.2 205.8  29.5 0.006947 0.002538 0.000686 hargrave 2023-09-30 20:19:47 
AF 380 024.6  71.5 035.1  03.1 1.32E-06 001.7 202.2  45.1 0.004464 0.001464 0.000555 hargrave 2023-09-30 20:21:08 
AF 400 347.4  61.3 017.6  02.4 1.64E-06 001.9 213.5  29.9 0.006112 0.002472 0.000761 hargrave 2023-09-30 20:22:29 
AF 420 341.4  57.3 012.5  02.2 1.13E-06 002.0 216.1  25.4 0.004564 0.001931 0.000396 hargrave 2023-09-30 20:23:50 
AF 440 327.0  61.7 012.5  10.7 1.09E-06 001.8 207.6  21.8 0.004542 0.001732 0.000320 hargrave 2023-09-30 20:25:12 
AF 460 319.8  66.4 015.9  15.4 8.91E-07 001.7 201.6  22.5 0.003733 0.001266 0.000609 hargrave 2023-09-30 20:26:33 
AF 480 309.0  58.9 007.0  18.4 8.18E-07 001.7 203.0  13.6 0.003601 0.001224 0.000610 hargrave 2023-09-30 20:27:54 
AF 500 333.1  69.3 020.6  11.9 1.05E-06 001.8 202.3  28.2 0.004121 0.001243 0.000871 hargrave 2023-09-30 20:29:16 
AF 520 285.2  65.8 014.8  29.2 9.60E-07 001.1 189.7  14.4 0.004165 0.000890 0.000356 hargrave 2023-09-30 20:30:37 
AF 540 341.6  67.3 020.6  08.2 1.32E-06 001.9 206.0  30.1 0.005208 0.001803 0.000662 hargrave 2023-09-30 20:31:58 
AF 560 271.9  55.0 004.7  38.6 6.95E-07 000.9 185.8  02.4 0.002947 0.000710 0.000399 hargrave 2023-09-30 20:33:19 
AF 580 167.9  65.1 063.8  34.5 5.35E-07 001.5 149.3  34.6 0.001672 0.000387 0.000160 hargrave 2023-09-30 20:34:40 
AF 600 026.2  69.2 035.2  00.8 5.89E-07 002.1 205.0  46.3 0.002205 0.001175 0.000206 hargrave 2023-09-30 20:36:01 
AF 650 195.5  50.6 067.1  54.7 3.79E-07 002.0 143.0  15.1 0.001462 0.000599 0.000678 hargrave 2023-09-30 20:37:22 
AF 700 046.3  60.0 043.2 -08.8 7.33E-07 001.8 212.9  57.8 0.002014 0.001232 0.000503 hargrave 2023-09-30 20:38:43 
AF 750 293.4  76.3 025.6  24.3 8.62E-07 001.4 187.9  25.1 0.003385 0.000863 0.000609 hargrave 2023-09-30 20:40:04 
AF 800 009.2  71.2 030.5  04.6 5.71E-07 001.9 203.8  40.3 0.002003 0.000930 0.000413 hargrave 2023-09-30 20:41:26 
AF 850 021.4  75.4 035.3  07.1 3.33E-07 001.9 197.5  43.0 0.001259 0.000668 0.000159 hargrave 2023-09-30 20:42:48 
AF 900 000.9  55.8 019.1 -06.3 7.89E-07 002.0 222.4  34.7 0.002888 0.001599 0.000378 hargrave 2023-09-30 20:44:09 
AF 950 063.3  83.9 042.5  15.4 6.24E-07 001.6 182.6  42.8 0.001933 0.000716 0.000446 hargrave 2023-09-30 20:45:30 
AF1000 062.1  54.3 053.0 -12.4 5.13E-07 001.9 211.7  68.1 0.001357 0.001010 0.000358 hargrave 2023-09-30 20:46:53 
