MF9- 1a sun compass orientation
      0 146.4  43.0 310.0  69.0   1.0
NRM    263.0  72.4 025.7  33.2 8.51E-06 002.0 189.1  30.8 0.027259 0.005871 0.027332 hargrave 2023-09-29 20:48:51 
AF  10 265.8  75.3 027.8  30.8 8.61E-06 001.3 188.6  33.8 0.029222 0.008916 0.007569 hargrave 2023-09-29 20:50:58 
AF  20 257.8  70.3 025.2  35.9 7.83E-06 001.3 188.0  28.3 0.027607 0.007675 0.003961 hargrave 2023-09-29 20:52:18 
AF  30 254.4  69.3 025.4  37.4 7.38E-06 001.3 187.1  27.0 0.026851 0.007494 0.003901 hargrave 2023-09-29 20:53:38 
AF  40 256.6  68.8 024.3  37.3 6.86E-06 001.3 188.0  26.7 0.025203 0.006960 0.003204 hargrave 2023-09-29 20:54:59 
AF  50 254.9  67.7 023.9  38.5 6.54E-06 001.3 187.7  25.6 0.024325 0.006650 0.003233 hargrave 2023-09-29 20:56:19 
AF  60 253.3  67.7 024.5  38.9 6.21E-06 001.3 187.0  25.4 0.023530 0.006913 0.002836 hargrave 2023-09-29 20:57:39 
AF  70 253.9  67.3 023.9  39.0 6.07E-06 001.3 187.4  25.1 0.023470 0.006521 0.003180 hargrave 2023-09-29 20:59:00 
AF  80 255.4  65.7 021.9  39.8 5.68E-06 001.3 188.4  23.6 0.022173 0.005958 0.002891 hargrave 2023-09-29 21:00:20 
AF  90 254.7  66.8 023.2  39.2 5.30E-06 001.3 187.8  24.7 0.020989 0.005693 0.002936 hargrave 2023-09-29 21:01:40 
AF 100 250.2  67.1 025.2  40.1 5.34E-06 001.3 185.9  24.6 0.020421 0.005674 0.002819 hargrave 2023-09-29 21:03:01 
AF 110 251.2  65.1 023.1  41.4 5.21E-06 001.3 186.7  22.7 0.020787 0.005828 0.002677 hargrave 2023-09-29 21:04:23 
AF 120 255.2  64.4 020.8  40.8 4.90E-06 001.3 188.7  22.4 0.019828 0.005279 0.003584 hargrave 2023-09-29 21:05:44 
AF 130 255.2  62.3 018.8  42.3 4.46E-06 001.4 189.2  20.3 0.018152 0.005582 0.002741 hargrave 2023-09-29 21:07:04 
AF 140 249.3  61.6 020.9  44.6 4.38E-06 001.2 186.5  19.1 0.018021 0.005051 0.002743 hargrave 2023-09-29 21:08:25 
AF 150 258.0  64.5 019.9  39.8 4.37E-06 001.4 189.9  22.8 0.017690 0.005307 0.002637 hargrave 2023-09-29 21:09:46 
AF 160 258.5  62.6 017.7  40.9 4.43E-06 001.4 190.7  21.0 0.018065 0.005312 0.002568 hargrave 2023-09-29 21:11:07 
AF 170 260.5  60.5 014.8  41.4 4.14E-06 001.5 192.3  19.3 0.017387 0.005129 0.002347 hargrave 2023-09-29 21:12:28 
AF 180 255.3  61.1 017.6  43.0 4.34E-06 001.8 189.5  19.2 0.017864 0.005588 0.005700 hargrave 2023-09-29 21:13:48 
AF 190 251.6  60.0 018.2  45.1 3.87E-06 001.4 187.9  17.7 0.016054 0.005347 0.005251 hargrave 2023-09-29 21:15:09 
AF 200 258.2  61.0 016.2  42.0 3.77E-06 001.5 191.0  19.4 0.015853 0.004820 0.001675 hargrave 2023-09-29 21:16:31 
AF 220 254.3  68.1 024.5  38.3 3.77E-06 003.5 187.3  25.9 0.014467 0.004680 0.020048 hargrave 2023-09-29 21:18:39 
AF 240 239.4  61.2 026.3  47.6 3.47E-06 001.1 181.5  18.2 0.013880 0.004260 0.001888 hargrave 2023-09-29 21:20:00 
AF 260 245.4  58.8 020.6  48.0 3.17E-06 001.2 184.8  16.0 0.013271 0.004013 0.002262 hargrave 2023-09-29 21:21:21 
AF 280 248.5  53.1 012.8  51.2 3.16E-06 001.2 187.4  10.6 0.012230 0.004251 0.001966 hargrave 2023-09-29 21:22:42 
AF 300 226.5  55.1 033.4  55.5 2.70E-06 000.8 174.2  12.5 0.010539 0.003129 0.002103 hargrave 2023-09-29 21:24:03 
AF 320 239.4  60.7 025.9  48.0 2.80E-06 001.1 181.6  17.8 0.011287 0.003601 0.001634 hargrave 2023-09-29 21:25:23 
AF 340 244.2  61.0 023.1  46.6 2.80E-06 001.2 184.0  18.1 0.011694 0.003418 0.001063 hargrave 2023-09-29 21:26:44 
AF 360 250.4  54.2 012.8  49.6 2.62E-06 001.3 188.3  11.9 0.011254 0.003585 0.001667 hargrave 2023-09-29 21:28:04 
AF 380 241.9  57.7 021.9  50.0 2.49E-06 001.4 183.0  14.8 0.011937 0.004089 0.001409 hargrave 2023-09-29 21:29:26 
AF 400 254.3  58.8 015.6  44.9 2.19E-06 003.6 189.6  16.8 0.008250 0.003771 0.012234 hargrave 2023-09-29 21:30:47 
AF 420 248.6  50.2 009.3  53.1 2.46E-06 001.6 187.9  07.8 0.010450 0.004903 0.002055 hargrave 2023-09-29 21:32:07 
AF 440 211.8  59.0 046.8  51.6 2.17E-06 000.8 166.9  17.9 0.008296 0.002167 0.001790 hargrave 2023-09-29 21:33:28 
AF 460 243.3  68.3 028.9  40.6 2.24E-06 002.5 182.8  25.4 0.009292 0.003032 0.006780 hargrave 2023-09-29 21:34:49 
AF 480 226.1  66.0 036.5  44.8 1.85E-06 003.1 175.5  23.3 0.002917 0.009131 0.003897 hargrave 2023-09-29 21:36:10 
AF 500 228.2  66.4 035.4  44.3 1.81E-06 003.0 176.4  23.6 0.006497 0.002384 0.012156 hargrave 2023-09-29 21:37:30 
AF 520 203.8  76.4 044.6  34.0 1.86E-06 001.7 171.1  35.2 0.008377 0.001910 0.001105 hargrave 2023-09-29 21:38:51 
AF 540 243.5  69.1 029.3  39.8 2.28E-06 001.9 182.8  26.2 0.009532 0.004289 0.007019 hargrave 2023-09-29 21:40:12 
AF 560 251.1  49.3 006.4  52.5 2.38E-06 001.2 189.6  07.1 0.008643 0.002400 0.003673 hargrave 2023-09-29 21:41:33 
AF 580 263.7  60.5 013.6  40.1 1.68E-06 002.3 193.9  19.7 0.007384 0.004691 0.000904 hargrave 2023-09-29 21:42:54 
AF 600 245.7  68.6 028.1  39.9 1.52E-06 002.1 183.7  25.8 0.005904 0.003298 0.004515 hargrave 2023-09-29 21:44:15 
AF 650 273.7  72.1 023.2  30.7 2.06E-06 001.6 192.7  31.9 0.004402 0.005074 0.000379 hargrave 2023-09-29 21:45:36 
AF 700 251.6  68.1 025.5  39.0 2.01E-06 002.4 186.2  25.7 0.008319 0.005109 0.005057 hargrave 2023-09-29 21:46:56 
AF 750 259.4  65.9 020.7  38.4 2.10E-06 003.8 190.1  24.3 0.013660 0.009459 0.004997 hargrave 2023-09-29 21:48:17 
AF 800 260.1  47.6 359.2  48.2 1.45E-06 005.8 195.9  06.8 0.007930 0.003323 0.013564 hargrave 2023-09-29 21:49:38 
AF 850 273.3  56.1 005.7  37.5 1.48E-06 002.5 200.6  17.6 0.009878 0.002267 0.004524 hargrave 2023-09-29 21:51:00 
AF 900 302.7  52.1 359.3  20.8 1.10E-06 006.2 218.0  24.1 0.013592 0.002922 0.003672 hargrave 2023-09-29 21:52:21 
AF 950 217.5  60.3 042.0  50.7 1.36E-06 001.8 170.3  18.4 0.005351 0.004061 0.003512 hargrave 2023-09-29 21:53:42 
AF1000 327.6  65.8 016.4  12.2 1.11E-06 005.3 213.6  42.3 0.006327 0.007493 0.004482 hargrave 2023-09-29 21:55:53 
