MF9- 2a sun compass orientation
    2.7 162.8  38.0 310.0  69.0   1.0
NRM    287.7  71.8 021.2  26.8 9.99E-06 001.6 192.8  36.3 0.031979 0.014047 0.011688 hargrave 2023-09-29 21:57:19 
AF  10 286.2  71.6 021.1  27.3 9.62E-06 001.3 192.4  35.9 0.029093 0.009746 0.002156 hargrave 2023-09-29 21:58:40 
AF  20 283.9  72.1 021.8  27.9 9.16E-06 001.4 191.3  36.0 0.029637 0.008487 0.002352 hargrave 2023-09-29 22:00:01 
AF  30 281.4  72.3 022.3  28.5 8.74E-06 001.4 190.4  35.9 0.028498 0.008251 0.002428 hargrave 2023-09-29 22:01:22 
AF  40 281.8  72.9 022.9  28.2 8.43E-06 001.4 190.2  36.5 0.027335 0.007270 0.002360 hargrave 2023-09-29 22:02:43 
AF  50 282.2  74.1 024.1  27.6 8.24E-06 001.4 189.8  37.6 0.026539 0.007364 0.002180 hargrave 2023-09-29 22:04:04 
AF  60 280.3  74.2 024.4  28.1 7.85E-06 001.4 189.1  37.6 0.025394 0.006575 0.002123 hargrave 2023-09-29 22:05:25 
AF  70 285.4  75.1 024.8  26.5 7.54E-06 001.4 190.3  38.9 0.024330 0.006430 0.002052 hargrave 2023-09-29 22:06:46 
AF  80 284.6  74.1 023.8  27.0 7.48E-06 001.4 190.6  37.9 0.024715 0.006149 0.001595 hargrave 2023-09-29 22:08:08 
AF  90 283.9  73.8 023.7  27.3 7.09E-06 001.4 190.5  37.6 0.023253 0.005732 0.002021 hargrave 2023-09-29 22:09:29 
AF 100 290.2  75.4 024.8  25.3 6.82E-06 001.5 191.5  39.8 0.021962 0.005489 0.002076 hargrave 2023-09-29 22:10:50 
AF 110 286.2  74.4 024.0  26.5 6.70E-06 001.4 190.9  38.3 0.021924 0.005435 0.001882 hargrave 2023-09-29 22:12:11 
AF 120 293.3  76.7 026.1  24.2 6.42E-06 001.5 191.4  41.3 0.020448 0.005097 0.002026 hargrave 2023-09-29 22:13:32 
AF 130 280.6  74.0 024.2  28.1 6.22E-06 001.4 189.3  37.4 0.020740 0.005094 0.001915 hargrave 2023-09-29 22:14:53 
AF 140 290.0  73.1 022.3  25.8 6.01E-06 001.5 192.8  37.7 0.020103 0.005387 0.001936 hargrave 2023-09-29 22:16:14 
AF 150 289.6  74.6 024.0  25.6 5.86E-06 001.5 191.8  38.9 0.019259 0.004960 0.001944 hargrave 2023-09-29 22:17:35 
AF 160 286.4  75.2 024.9  26.2 5.33E-06 001.5 190.5  39.1 0.017643 0.004229 0.001715 hargrave 2023-09-29 22:18:56 
AF 170 298.9  72.4 021.1  23.3 5.26E-06 001.5 196.2  38.4 0.017360 0.004606 0.001954 hargrave 2023-09-29 22:20:17 
AF 180 278.3  71.2 021.6  29.8 5.07E-06 001.4 189.7  34.5 0.017718 0.004344 0.001427 hargrave 2023-09-29 22:21:38 
AF 190 285.5  71.0 020.4  27.7 4.97E-06 001.5 192.5  35.2 0.017203 0.004408 0.001547 hargrave 2023-09-29 22:22:59 
AF 200 277.1  70.9 021.4  30.3 4.85E-06 001.4 189.4  34.1 0.016955 0.004222 0.001348 hargrave 2023-09-29 22:24:20 
AF 220 281.0  70.5 020.4  29.3 4.49E-06 001.4 191.0  34.1 0.015544 0.003491 0.001230 hargrave 2023-09-29 22:25:42 
AF 240 272.2  73.2 024.7  30.5 4.29E-06 001.4 186.8  36.0 0.014469 0.003359 0.000974 hargrave 2023-09-29 22:27:03 
AF 260 269.1  71.3 023.4  32.3 3.69E-06 001.4 186.2  33.9 0.012662 0.002981 0.001114 hargrave 2023-09-29 22:28:24 
AF 280 278.3  68.8 019.1  30.8 3.82E-06 001.4 190.6  32.3 0.013480 0.003381 0.001213 hargrave 2023-09-29 22:29:45 
AF 300 271.3  68.8 020.3  33.1 3.33E-06 001.4 187.7  31.5 0.012095 0.002703 0.001003 hargrave 2023-09-29 22:31:06 
AF 320 247.2  70.4 028.8  38.1 2.99E-06 001.2 177.8  32.4 0.010282 0.002266 0.000853 hargrave 2023-09-29 22:32:27 
AF 340 241.9  63.0 026.0  45.4 3.08E-06 001.1 174.6  25.3 0.011374 0.002654 0.000717 hargrave 2023-09-29 22:33:48 
AF 360 243.1  65.6 027.2  43.0 2.98E-06 001.1 175.5  27.8 0.010471 0.002398 0.001138 hargrave 2023-09-29 22:35:09 
AF 380 242.4  63.9 026.4  44.6 2.98E-06 001.1 174.9  26.2 0.010567 0.002741 0.000908 hargrave 2023-09-29 22:36:30 
AF 400 233.8  72.6 034.8  37.8 2.42E-06 001.2 173.1  35.3 0.007823 0.001193 0.000693 hargrave 2023-09-29 22:37:52 
AF 420 182.1  75.7 050.3  32.0 2.75E-06 001.2 160.5  45.5 0.007122 0.001445 0.000524 hargrave 2023-09-29 22:39:13 
AF 440 243.7  75.9 033.3  33.7 2.39E-06 001.3 177.2  38.1 0.007725 0.001579 0.000881 hargrave 2023-09-29 22:40:34 
AF 460 184.7  75.1 050.2  32.8 2.80E-06 001.3 160.4  44.6 0.007522 0.001597 0.000734 hargrave 2023-09-29 22:41:55 
AF 480 184.5  69.1 055.1  37.3 2.20E-06 001.2 154.0  40.9 0.005520 0.001486 0.000519 hargrave 2023-09-29 22:43:16 
AF 500 162.0  74.0 055.5  28.7 2.65E-06 001.2 154.9  49.4 0.005952 0.001418 0.000739 hargrave 2023-09-29 22:44:37 
AF 520 170.5  68.3 059.8  33.9 1.96E-06 001.2 149.0  44.6 0.004334 0.001265 0.000991 hargrave 2023-09-29 22:45:59 
AF 540 174.1  64.4 062.9  37.1 2.31E-06 001.2 145.7  41.2 0.005383 0.002018 0.000457 hargrave 2023-09-29 22:47:20 
AF 560 192.8  73.2 049.3  35.7 2.19E-06 001.2 160.4  41.7 0.005842 0.001291 0.000597 hargrave 2023-09-29 22:48:41 
AF 580 236.4  68.5 032.1  41.4 2.08E-06 001.2 173.1  31.2 0.007057 0.000908 0.000921 hargrave 2023-09-29 22:50:02 
AF 600 194.7  86.3 041.7  24.4 2.55E-06 001.3 175.1  49.9 0.006881 0.001079 0.000958 hargrave 2023-09-29 22:51:23 
AF 650 168.5  63.3 065.6  35.5 2.01E-06 001.2 142.6  42.6 0.004152 0.001628 0.000776 hargrave 2023-09-29 22:52:44 
AF 700 280.2  64.6 014.1  31.5 1.48E-06 001.4 193.0  28.5 0.005171 0.001423 0.000722 hargrave 2023-09-29 22:54:05 
AF 750 253.3  43.5 357.0  54.4 1.20E-06 000.8 180.3  05.5 0.004468 0.000746 0.001144 hargrave 2023-09-29 22:55:27 
AF 800 229.0  52.5 029.7  57.8 1.91E-06 000.8 165.2  16.4 0.006722 0.001209 0.000642 hargrave 2023-09-29 22:56:47 
AF 850 298.7  63.1 011.0  23.7 1.43E-06 001.7 202.2  30.6 0.004846 0.001622 0.001451 hargrave 2023-09-29 22:58:09 
AF 900 207.4  59.0 050.2  50.9 1.31E-06 001.2 155.8  27.0 0.003881 0.000858 0.000452 hargrave 2023-09-29 22:59:30 
AF 950 275.0  30.6 332.9  40.1 1.45E-06 001.2 199.0 -05.2 0.005451 0.001377 0.001000 hargrave 2023-09-29 23:00:52 
AF1000 186.1  23.9 118.1  58.6 1.14E-06 001.2 122.5  05.6 0.001828 0.001748 0.000383 hargrave 2023-09-29 23:02:13 
