MF9- 5a sun compass orientation
   14.4 175.5  32.0 310.0  69.0   1.0
NRM    308.0  59.3 007.3  18.9 8.55E-06 001.9 204.0  31.9 0.031332 0.013315 0.003961 hargrave 2023-09-30 20:48:18 
AF  10 307.7  59.9 008.0  19.2 8.63E-06 001.7 203.5  32.5 0.030001 0.011209 0.004476 hargrave 2023-09-30 20:49:39 
AF  20 306.8  59.8 007.8  19.6 8.32E-06 001.7 203.1  32.2 0.029203 0.010706 0.004310 hargrave 2023-09-30 20:51:00 
AF  30 307.1  60.4 008.5  19.6 7.92E-06 001.6 203.0  32.8 0.027107 0.010092 0.004120 hargrave 2023-09-30 20:52:21 
AF  40 307.3  60.9 008.9  19.5 7.67E-06 001.7 202.8  33.3 0.026197 0.010460 0.003942 hargrave 2023-09-30 20:53:42 
AF  50 307.6  60.6 008.7  19.4 7.30E-06 001.7 203.1  33.1 0.025316 0.009901 0.004071 hargrave 2023-09-30 20:55:04 
AF  60 308.3  60.2 008.3  19.0 7.02E-06 001.7 203.7  32.9 0.024786 0.009689 0.003788 hargrave 2023-09-30 20:56:25 
AF  70 306.7  60.4 008.4  19.7 6.60E-06 001.7 202.8  32.7 0.023209 0.008897 0.003595 hargrave 2023-09-30 20:57:46 
AF  80 306.0  59.4 007.3  20.0 6.40E-06 001.7 202.9  31.7 0.022374 0.008932 0.003600 hargrave 2023-09-30 20:59:09 
AF  90 307.5  58.3 006.3  19.0 6.20E-06 001.7 204.2  31.0 0.022192 0.008559 0.003566 hargrave 2023-09-30 21:00:30 
AF 100 308.7  59.1 007.2  18.6 5.86E-06 001.8 204.5  32.0 0.021029 0.007926 0.003631 hargrave 2023-09-30 21:01:51 
AF 110 312.0  57.9 006.3  16.6 5.59E-06 001.8 206.9  31.6 0.019986 0.008094 0.003403 hargrave 2023-09-30 21:03:13 
AF 120 310.7  58.2 006.5  17.4 5.41E-06 001.7 206.0  31.6 0.018920 0.007508 0.002856 hargrave 2023-09-30 21:04:34 
AF 130 310.7  55.0 003.2  16.7 5.18E-06 001.9 207.6  28.7 0.019202 0.007363 0.003287 hargrave 2023-09-30 21:05:56 
AF 140 315.2  57.1 006.0  14.8 5.08E-06 001.8 209.2  31.7 0.018109 0.007523 0.003231 hargrave 2023-09-30 21:07:17 
AF 150 313.7  57.9 006.6  15.7 4.65E-06 001.9 207.9  32.1 0.017321 0.006378 0.002713 hargrave 2023-09-30 21:08:38 
AF 160 313.4  58.3 007.0  16.0 4.51E-06 001.8 207.5  32.4 0.016229 0.005833 0.002928 hargrave 2023-09-30 21:10:00 
AF 170 313.6  57.0 005.7  15.6 4.57E-06 001.8 208.3  31.3 0.016618 0.006141 0.002831 hargrave 2023-09-30 21:11:22 
AF 180 313.1  57.2 005.8  15.9 4.14E-06 001.8 207.9  31.3 0.015237 0.005675 0.002664 hargrave 2023-09-30 21:12:44 
AF 190 310.8  58.6 006.9  17.4 4.16E-06 001.8 205.9  31.9 0.015121 0.005406 0.002370 hargrave 2023-09-30 21:14:05 
AF 200 320.6  61.6 011.2  13.5 4.11E-06 001.8 209.3  37.0 0.013864 0.005334 0.002773 hargrave 2023-09-30 21:15:27 
AF 220 316.4  59.3 008.3  14.8 3.65E-06 001.8 208.5  33.9 0.012802 0.005082 0.002570 hargrave 2023-09-30 21:16:48 
AF 240 327.1  57.7 008.8  09.0 3.09E-06 001.9 215.3  35.6 0.010568 0.004467 0.002275 hargrave 2023-09-30 21:18:09 
AF 260 316.6  57.9 007.0  14.3 3.03E-06 001.8 209.5  32.8 0.010883 0.004222 0.002616 hargrave 2023-09-30 21:19:30 
AF 280 326.7  54.6 005.9  07.9 3.17E-06 001.9 217.2  32.9 0.010954 0.004666 0.002548 hargrave 2023-09-30 21:20:51 
AF 300 317.0  49.9 359.3  11.6 2.83E-06 002.0 214.1  25.9 0.011826 0.003708 0.002441 hargrave 2023-09-30 21:22:15 
AF 320 317.0  63.9 013.0  15.8 2.79E-06 001.7 205.9  38.1 0.009502 0.003486 0.001998 hargrave 2023-09-30 21:23:37 
AF 340 344.1  74.7 027.1  12.0 2.55E-06 001.5 204.9  52.2 0.006869 0.002408 0.001344 hargrave 2023-09-30 21:24:59 
AF 360 329.2  60.7 012.1  09.4 2.35E-06 001.8 214.2  38.7 0.007675 0.003299 0.001816 hargrave 2023-09-30 21:26:20 
AF 380 325.3  60.7 011.2  11.0 2.49E-06 001.8 212.3  37.5 0.008439 0.003308 0.001627 hargrave 2023-09-30 21:27:41 
AF 400 330.7  61.6 013.3  09.1 2.19E-06 001.9 214.2  39.9 0.007377 0.002921 0.001910 hargrave 2023-09-30 21:29:02 
AF 420 321.8  65.2 014.9  14.2 2.16E-06 001.7 207.2  40.3 0.007230 0.002435 0.001034 hargrave 2023-09-30 21:30:23 
AF 440 315.8  48.1 357.2  11.7 2.17E-06 002.0 214.2  23.9 0.008432 0.003344 0.001932 hargrave 2023-09-30 21:31:44 
AF 460 316.9  49.8 359.2  11.6 2.12E-06 002.0 214.0  25.7 0.008067 0.003217 0.001961 hargrave 2023-09-30 21:33:05 
AF 480 342.1  65.5 019.3  06.9 1.99E-06 001.8 215.6  46.1 0.006067 0.002368 0.001768 hargrave 2023-09-30 21:34:27 
AF 500 318.4  45.5 355.4  09.2 9.85E-07 002.4 217.2  22.4 0.004317 0.001835 0.001172 hargrave 2023-09-30 21:35:48 
AF 520 341.8  43.5 001.7 -06.3 1.72E-06 002.0 234.1  29.5 0.005482 0.003349 0.001721 hargrave 2023-09-30 21:37:09 
AF 540 343.9  57.5 013.5  01.3 1.55E-06 002.0 224.3  41.1 0.005001 0.002642 0.001195 hargrave 2023-09-30 21:38:31 
AF 560 335.4  68.4 020.2  10.7 1.79E-06 001.7 209.9  46.2 0.005655 0.001984 0.001096 hargrave 2023-09-30 21:39:52 
AF 580 315.5  51.9 000.9  13.1 1.68E-06 001.9 212.1  27.2 0.006571 0.002186 0.000857 hargrave 2023-09-30 21:41:13 
AF 600 339.2  38.1 356.1 -07.9 1.57E-06 002.1 235.7  23.9 0.005968 0.002907 0.001067 hargrave 2023-09-30 21:42:34 
AF 650 331.7  39.2 353.9 -02.3 1.51E-06 002.1 229.7  21.7 0.005598 0.002702 0.001329 hargrave 2023-09-30 21:43:55 
AF 700 337.8  32.7 350.9 -09.9 1.17E-06 002.4 237.9  18.8 0.005036 0.002667 0.001446 hargrave 2023-09-30 21:45:16 
AF 750 313.9  16.3 326.6  02.2 1.75E-06 002.1 226.2 -05.7 0.007058 0.003096 0.001623 hargrave 2023-09-30 21:46:37 
AF 800 319.4  19.4 331.5 -01.4 1.45E-06 002.1 229.6 -00.7 0.005552 0.003034 0.001917 hargrave 2023-09-30 21:47:58 
AF 850 294.3  45.3 351.3  25.6 1.10E-06 001.7 200.6  16.0 0.004904 0.001367 0.000518 hargrave 2023-09-30 21:49:23 
AF 900 310.7  22.5 331.3  07.3 1.58E-06 002.1 221.0 -01.2 0.006451 0.002424 0.001540 hargrave 2023-09-30 21:50:45 
AF 950 328.3  86.0 036.0  19.7 8.33E-07 001.7 186.4  56.0 0.002309 0.000910 0.000852 hargrave 2023-09-30 21:52:06 
AF1000 326.8  12.8 328.2 -10.6 2.21E-06 001.8 239.0 -03.5 0.007204 0.003547 0.001190 hargrave 2023-09-30 21:53:27 
