MF9- 3a sun compass orientation
    8.5 168.3  44.0 310.0  69.0   1.0
NRM    313.3  72.6 021.6  19.0 1.07E-05 001.5 197.3  34.6 0.030756 0.015310 0.005034 hargrave 2023-09-30 18:35:10 
AF  10 308.5  71.7 020.4  20.4 1.04E-05 001.7 196.7  32.9 0.034556 0.015441 0.004883 hargrave 2023-09-30 18:36:31 
AF  20 306.6  71.2 019.8  20.9 9.84E-06 001.7 196.5  32.1 0.033271 0.014627 0.004753 hargrave 2023-09-30 18:37:52 
AF  30 306.1  70.4 019.0  21.0 9.34E-06 001.7 197.0  31.4 0.031851 0.014472 0.004371 hargrave 2023-09-30 18:39:14 
AF  40 305.7  70.0 018.6  21.1 8.87E-06 001.6 197.1  31.0 0.030631 0.011917 0.004224 hargrave 2023-09-30 18:40:35 
AF  50 303.4  69.2 017.7  21.9 8.58E-06 001.7 196.8  29.9 0.029999 0.012628 0.004442 hargrave 2023-09-30 18:41:56 
AF  60 305.7  68.1 016.5  21.0 8.05E-06 001.7 198.4  29.5 0.028437 0.011106 0.004232 hargrave 2023-09-30 18:43:17 
AF  70 307.9  68.4 016.9  20.2 7.96E-06 001.7 198.9  30.2 0.028206 0.010792 0.004177 hargrave 2023-09-30 18:44:39 
AF  80 306.6  68.5 017.0  20.7 7.46E-06 001.7 198.4  30.0 0.026393 0.011385 0.003994 hargrave 2023-09-30 18:46:00 
AF  90 305.8  67.0 015.4  20.9 7.10E-06 001.7 199.1  28.6 0.025937 0.010048 0.003883 hargrave 2023-09-30 18:47:21 
AF 100 306.3  66.6 015.0  20.7 6.69E-06 001.8 199.6  28.4 0.024601 0.010242 0.003755 hargrave 2023-09-30 18:48:42 
AF 110 308.2  66.0 014.4  19.9 6.52E-06 001.8 200.7  28.4 0.024238 0.009353 0.003748 hargrave 2023-09-30 18:50:03 
AF 120 303.8  64.2 012.3  21.5 6.22E-06 001.8 200.2  25.8 0.023641 0.010221 0.003737 hargrave 2023-09-30 18:51:24 
AF 130 301.2  62.1 010.0  22.6 6.16E-06 001.9 200.3  23.5 0.023863 0.010431 0.003882 hargrave 2023-09-30 18:52:45 
AF 140 299.1  61.7 009.5  23.5 5.90E-06 001.8 199.6  22.6 0.023492 0.009285 0.003897 hargrave 2023-09-30 18:54:06 
AF 150 302.7  61.2 009.0  21.8 6.04E-06 001.9 201.5  23.0 0.023866 0.010015 0.003594 hargrave 2023-09-30 18:55:27 
AF 160 305.4  61.9 010.0  20.6 5.52E-06 001.9 202.2  24.4 0.021394 0.009618 0.003527 hargrave 2023-09-30 18:56:48 
AF 170 306.9  62.3 010.4  19.9 5.36E-06 001.9 202.7  25.1 0.020845 0.009333 0.003534 hargrave 2023-09-30 18:58:09 
AF 180 309.2  59.6 007.7  18.4 5.25E-06 002.0 205.4  23.5 0.020618 0.009197 0.003459 hargrave 2023-09-30 18:59:30 
AF 190 307.2  58.9 006.9  19.3 4.96E-06 002.0 204.9  22.3 0.019999 0.008589 0.002806 hargrave 2023-09-30 19:00:52 
AF 200 308.2  58.1 006.1  18.6 5.15E-06 002.0 205.9  21.9 0.020544 0.009029 0.002811 hargrave 2023-09-30 19:02:13 
AF 220 302.0  59.2 006.8  22.0 4.65E-06 001.9 202.3  21.1 0.019128 0.007686 0.002914 hargrave 2023-09-30 19:03:35 
AF 240 303.4  57.2 004.8  21.1 4.08E-06 002.0 204.1  19.8 0.016926 0.007469 0.002638 hargrave 2023-09-30 19:04:56 
AF 260 304.0  58.4 006.1  20.9 4.43E-06 002.0 203.6  21.0 0.018175 0.008152 0.002426 hargrave 2023-09-30 19:06:17 
AF 280 303.1  57.9 005.5  21.3 3.96E-06 002.0 203.5  20.3 0.016404 0.006903 0.002683 hargrave 2023-09-30 19:07:38 
AF 300 297.7  48.8 355.4  23.7 3.25E-06 002.1 205.1  10.8 0.013873 0.006363 0.002266 hargrave 2023-09-30 19:08:59 
AF 320 307.7  50.1 357.8  17.4 3.19E-06 002.2 210.4  15.2 0.013391 0.006804 0.002666 hargrave 2023-09-30 19:10:21 
AF 340 310.7  47.5 355.7  14.9 3.07E-06 002.3 213.5  14.1 0.012867 0.006756 0.002248 hargrave 2023-09-30 19:11:42 
AF 360 297.6  51.1 357.9  23.9 2.92E-06 002.1 204.1  12.9 0.012739 0.005668 0.002307 hargrave 2023-09-30 19:13:03 
AF 380 286.9  53.6 000.7  30.4 3.46E-06 001.7 196.9  12.5 0.015045 0.005629 0.002395 hargrave 2023-09-30 19:14:25 
AF 400 290.5  52.2 359.0  28.3 2.94E-06 001.9 199.5  12.0 0.012742 0.004908 0.002417 hargrave 2023-09-30 19:15:46 
AF 420 298.0  60.3 007.9  24.0 2.96E-06 001.9 199.9  21.1 0.012288 0.004770 0.001783 hargrave 2023-09-30 19:17:08 
AF 440 320.2  43.8 354.3  07.4 2.42E-06 002.4 221.3  15.2 0.009553 0.005468 0.002393 hargrave 2023-09-30 19:18:29 
AF 460 317.6  53.1 002.5  12.2 2.55E-06 002.3 213.6  21.3 0.010680 0.005215 0.001974 hargrave 2023-09-30 19:19:50 
AF 480 292.6  55.6 002.7  27.0 2.13E-06 001.9 199.3  15.6 0.008971 0.003630 0.001776 hargrave 2023-09-30 19:21:12 
AF 500 293.1  48.0 354.3  26.6 2.46E-06 001.9 202.7  08.8 0.010754 0.004337 0.001518 hargrave 2023-09-30 19:22:34 
AF 520 301.7  59.3 007.0  22.1 1.84E-06 002.1 202.1  21.2 0.007709 0.003151 0.001854 hargrave 2023-09-30 19:23:55 
AF 540 285.5  66.6 015.7  28.9 2.16E-06 001.7 191.5  24.5 0.008870 0.003008 0.001434 hargrave 2023-09-30 19:25:17 
AF 560 297.3  59.2 006.8  24.4 1.94E-06 001.9 200.0  20.0 0.008125 0.003245 0.001747 hargrave 2023-09-30 19:26:38 
AF 580 298.5  57.0 004.3  23.7 1.67E-06 002.1 201.8  18.3 0.007426 0.003292 0.001600 hargrave 2023-09-30 19:28:01 
AF 600 308.9  54.5 002.5  17.6 2.14E-06 002.2 208.4  19.3 0.009154 0.004251 0.001967 hargrave 2023-09-30 19:29:22 
AF 650 323.8  50.8 001.7  07.8 1.91E-06 002.4 218.4  22.0 0.007460 0.004202 0.002012 hargrave 2023-09-30 19:30:44 
AF 700 314.9  36.4 345.8  08.5 2.05E-06 002.5 222.6  06.9 0.008039 0.005022 0.002526 hargrave 2023-09-30 19:32:06 
AF 750 316.7  47.2 356.6  10.9 2.16E-06 002.4 217.1  16.3 0.008550 0.004927 0.002954 hargrave 2023-09-30 19:33:28 
AF 800 331.8  35.3 350.5 -04.4 2.06E-06 002.4 234.1  14.7 0.006903 0.005669 0.002752 hargrave 2023-09-30 19:34:49 
AF 850 329.7  27.6 342.9 -06.5 1.42E-06 002.4 238.0  07.9 0.005022 0.004044 0.001650 hargrave 2023-09-30 19:36:11 
AF 900 325.3  45.4 357.2  04.7 1.47E-06 002.5 223.1  18.8 0.005913 0.003500 0.001700 hargrave 2023-09-30 19:37:33 
AF 950 342.3  30.4 351.2 -14.4 2.11E-06 002.0 244.1  17.5 0.006337 0.005718 0.001369 hargrave 2023-09-30 19:38:56 
AF1000 318.7  21.8 333.4  00.1 1.37E-06 002.3 234.0 -02.9 0.005106 0.004071 0.001246 hargrave 2023-09-30 19:40:18 
