MF9- 7a sun compass orientation
   19.1 193.8  33.0 310.0  69.0   1.0
NRM    287.1  77.4 027.2  25.4 9.02E-06 001.6 181.0  44.4 0.024807 0.011442 0.007750 hargrave 2023-09-30 23:02:49 
AF  10 295.8  75.7 024.8  23.8 8.62E-06 001.6 184.0  42.9 0.024745 0.008603 0.007172 hargrave 2023-09-30 23:04:10 
AF  20 295.9  75.4 024.5  23.8 8.17E-06 001.6 184.1  42.6 0.023577 0.007959 0.006805 hargrave 2023-09-30 23:05:32 
AF  30 295.6  75.2 024.3  24.0 7.68E-06 001.6 184.0  42.4 0.022537 0.007309 0.006382 hargrave 2023-09-30 23:06:53 
AF  40 297.7  74.5 023.4  23.5 7.25E-06 001.6 184.9  41.8 0.021608 0.007013 0.006225 hargrave 2023-09-30 23:08:14 
AF  50 295.5  74.1 023.1  24.1 6.84E-06 001.6 184.3  41.3 0.020627 0.006522 0.005861 hargrave 2023-09-30 23:09:36 
AF  60 294.1  73.5 022.5  24.6 6.27E-06 001.7 183.8  40.6 0.021775 0.006684 0.005302 hargrave 2023-09-30 23:11:00 
AF  70 297.7  72.6 021.4  23.7 6.10E-06 001.6 185.4  39.9 0.019025 0.005906 0.005177 hargrave 2023-09-30 23:12:22 
AF  80 297.8  71.9 020.6  23.7 5.82E-06 001.6 185.6  39.3 0.018424 0.005545 0.004727 hargrave 2023-09-30 23:13:43 
AF  90 303.3  71.2 019.8  22.0 5.43E-06 001.6 187.9  38.9 0.017443 0.005083 0.004630 hargrave 2023-09-30 23:15:04 
AF 100 302.5  71.4 020.0  22.2 5.11E-06 001.6 187.6  39.1 0.016593 0.004727 0.004042 hargrave 2023-09-30 23:16:25 
AF 110 306.0  73.1 021.9  21.2 4.74E-06 001.7 188.4  41.0 0.014904 0.004406 0.004196 hargrave 2023-09-30 23:17:47 
AF 120 303.3  71.5 020.1  22.0 4.39E-06 001.7 187.9  39.2 0.014455 0.004013 0.003955 hargrave 2023-09-30 23:19:12 
AF 130 296.4  69.9 018.5  24.3 4.07E-06 001.6 185.4  37.3 0.013493 0.003815 0.003534 hargrave 2023-09-30 23:20:34 
AF 140 293.7  69.5 018.2  25.3 3.76E-06 001.6 184.3  36.7 0.012335 0.003360 0.003498 hargrave 2023-09-30 23:21:55 
AF 150 302.9  69.2 017.7  22.1 3.63E-06 001.7 188.3  37.0 0.012312 0.003506 0.003554 hargrave 2023-09-30 23:23:16 
AF 160 303.7  67.2 015.5  21.7 3.39E-06 001.8 189.3  35.0 0.011876 0.003540 0.003444 hargrave 2023-09-30 23:24:38 
AF 170 302.4  71.2 019.8  22.3 3.17E-06 001.7 187.6  38.9 0.010523 0.003057 0.002932 hargrave 2023-09-30 23:25:59 
AF 180 302.5  68.5 016.9  22.2 2.97E-06 001.7 188.4  36.2 0.010123 0.002767 0.003062 hargrave 2023-09-30 23:27:20 
AF 190 304.3  69.7 018.2  21.6 2.94E-06 001.8 188.8  37.6 0.010049 0.002717 0.003271 hargrave 2023-09-30 23:28:42 
AF 200 322.6  70.3 020.1  15.6 2.96E-06 001.9 196.1  40.3 0.010047 0.003180 0.002970 hargrave 2023-09-30 23:30:03 
AF 220 318.0  71.6 020.9  17.4 2.64E-06 001.9 193.5  40.9 0.008928 0.002523 0.003009 hargrave 2023-09-30 23:31:24 
AF 240 306.1  69.0 017.5  20.9 2.39E-06 001.8 189.8  37.0 0.008334 0.002386 0.002562 hargrave 2023-09-30 23:32:46 
AF 260 319.2  65.3 014.7  15.3 2.12E-06 002.0 197.2  35.2 0.008150 0.003392 0.002199 hargrave 2023-09-30 23:34:12 
AF 280 323.5  68.7 018.6  14.7 2.14E-06 002.1 197.4  39.0 0.008316 0.002454 0.002497 hargrave 2023-09-30 23:35:33 
AF 300 349.9  71.4 025.7  08.6 1.80E-06 002.1 205.0  46.4 0.006405 0.002259 0.001975 hargrave 2023-09-30 23:36:55 
AF 320 326.4  72.6 022.7  15.2 1.47E-06 002.1 196.1  42.9 0.005137 0.001448 0.002376 hargrave 2023-09-30 23:38:16 
AF 340 279.8  73.8 024.1  28.4 1.30E-06 002.0 178.5  40.8 0.004473 0.001159 0.002364 hargrave 2023-09-30 23:39:38 
AF 360 302.2  61.2 009.0  22.0 1.31E-06 002.2 190.0  29.0 0.004900 0.001230 0.002874 hargrave 2023-09-30 23:40:59 
AF 380 276.1  64.5 014.7  33.2 8.99E-07 001.9 176.1  31.6 0.003462 0.000640 0.001534 hargrave 2023-09-30 23:42:20 
AF 400 235.5  69.8 033.1  40.3 6.02E-07 002.4 159.9  41.4 0.002461 0.000557 0.001245 hargrave 2023-09-30 23:43:42 
AF 420 230.4  75.0 036.7  35.7 8.97E-07 001.9 162.4  46.6 0.003098 0.001002 0.001341 hargrave 2023-09-30 23:45:03 
AF 440 154.8  78.2 051.9  25.5 7.35E-07 002.2 159.5  63.0 0.002454 0.000919 0.001702 hargrave 2023-09-30 23:46:24 
AF 460 062.4  74.9 045.7  07.0 1.07E-06 002.1 205.4  66.4 0.003266 0.001544 0.002055 hargrave 2023-09-30 23:47:47 
AF 480 221.0  64.4 039.3  46.6 6.53E-07 002.2 149.7  40.4 0.001778 0.000780 0.001936 hargrave 2023-09-30 23:49:08 
AF 500 016.7  83.9 037.5  15.4 6.40E-07 001.8 191.1  56.8 0.001649 0.000653 0.001390 hargrave 2023-09-30 23:50:33 
AF 520 191.1  37.4 090.3  60.1 7.43E-07 001.3 110.7  32.0 0.001012 0.000824 0.001168 hargrave 2023-09-30 23:51:54 
AF 540 186.2  60.5 062.3  43.9 5.20E-07 001.8 130.7  50.0 0.001377 0.000254 0.000838 hargrave 2023-09-30 23:53:16 
AF 560 158.0  83.3 046.5  24.0 6.98E-07 002.1 168.9  60.5 0.001933 0.000305 0.001984 hargrave 2023-09-30 23:54:37 
AF 580 174.7  68.7 058.4  34.9 5.48E-07 002.4 139.9  57.8 0.001962 0.000990 0.001074 hargrave 2023-09-30 23:55:58 
AF 600 214.3  31.5 064.5  78.3 7.24E-07 001.1 123.9  16.0 0.001007 0.001042 0.000846 hargrave 2023-09-30 23:57:19 
AF 650 169.1  58.9 070.5  37.7 8.19E-07 001.4 121.2  56.7 0.001539 0.001082 0.001030 hargrave 2023-09-30 23:58:41 
AF 700 214.7  72.6 042.0  38.3 1.03E-06 001.5 155.3  47.9 0.002448 0.000830 0.001308 hargrave 2023-10-01 00:00:03 
AF 750 155.4  22.3 115.8  30.4 1.10E-06 001.2 069.2  39.2 0.001627 0.001925 0.000539 hargrave 2023-10-01 00:01:25 
AF 800 121.3  40.8 089.0  07.3 1.28E-06 001.0 042.4  70.2 0.002068 0.001308 0.000374 hargrave 2023-10-01 00:02:51 
AF 850 152.7  46.4 087.7  30.5 1.52E-06 000.7 091.5  58.7 0.001214 0.001500 0.000325 hargrave 2023-10-01 00:04:13 
AF 900 150.9  42.8 091.7  29.2 1.09E-06 000.7 084.8  57.4 0.000953 0.001319 0.000391 hargrave 2023-10-01 00:05:35 
AF 950 158.6  40.3 094.8  34.9 1.14E-06 000.7 088.4  51.4 0.001064 0.001441 0.000650 hargrave 2023-10-01 00:06:57 
AF1000 126.5  46.0 085.2  12.6 7.81E-07 001.0 061.6  72.2 0.001158 0.000854 0.000869 hargrave 2023-10-01 00:08:19 
