MF9- 6a sun compass orientation
   16.5 176.2  36.0 310.0  69.0   1.0
NRM    261.9  77.9 030.7  29.8 1.09E-05 001.3 178.8  41.9 0.030758 0.014231 0.003997 hargrave 2023-09-30 21:55:58 
AF  10 261.5  77.0 030.0  30.5 1.06E-05 001.2 178.6  41.0 0.029924 0.011064 0.003657 hargrave 2023-09-30 21:57:18 
AF  20 261.3  76.8 029.9  30.6 1.02E-05 001.3 178.5  40.8 0.028944 0.010643 0.003187 hargrave 2023-09-30 21:58:40 
AF  30 262.7  76.5 029.4  30.5 9.82E-06 001.3 178.9  40.5 0.028380 0.009645 0.003204 hargrave 2023-09-30 22:00:00 
AF  40 266.3  76.4 028.7  30.0 9.39E-06 001.3 180.0  40.4 0.027383 0.009131 0.002975 hargrave 2023-09-30 22:01:21 
AF  50 266.1  75.4 027.8  30.7 8.84E-06 001.3 180.0  39.4 0.026399 0.008752 0.002960 hargrave 2023-09-30 22:02:43 
AF  60 270.7  75.2 026.9  29.8 8.49E-06 001.3 181.5  39.3 0.025623 0.007798 0.002935 hargrave 2023-09-30 22:04:04 
AF  70 272.9  74.5 025.8  29.7 8.34E-06 001.3 182.3  38.6 0.025311 0.007731 0.002707 hargrave 2023-09-30 22:05:25 
AF  80 273.8  74.6 025.7  29.5 7.86E-06 001.3 182.6  38.7 0.024111 0.007082 0.002577 hargrave 2023-09-30 22:06:45 
AF  90 278.8  75.4 025.9  27.9 7.59E-06 001.3 184.1  39.7 0.023498 0.006345 0.002408 hargrave 2023-09-30 22:08:07 
AF 100 275.1  76.1 027.1  28.4 7.32E-06 001.3 182.8  40.2 0.022503 0.006361 0.002429 hargrave 2023-09-30 22:09:28 
AF 110 277.2  75.4 026.1  28.3 6.98E-06 001.3 183.6  39.6 0.021589 0.006017 0.002591 hargrave 2023-09-30 22:10:49 
AF 120 275.4  75.2 026.2  28.8 7.00E-06 001.3 183.0  39.4 0.021712 0.005981 0.002369 hargrave 2023-09-30 22:12:10 
AF 130 274.5  73.9 025.0  29.6 6.43E-06 001.3 182.9  38.1 0.020138 0.005653 0.002328 hargrave 2023-09-30 22:13:31 
AF 140 272.4  74.6 026.0  29.8 6.22E-06 001.3 182.1  38.7 0.019423 0.005538 0.002116 hargrave 2023-09-30 22:14:52 
AF 150 277.7  74.5 025.1  28.6 5.97E-06 001.5 183.9  38.7 0.020779 0.007326 0.002280 hargrave 2023-09-30 22:16:15 
AF 160 278.7  72.5 022.9  29.2 5.86E-06 001.3 184.7  36.8 0.019643 0.005306 0.002206 hargrave 2023-09-30 22:17:40 
AF 170 279.9  71.8 022.0  29.1 5.75E-06 001.3 185.3  36.2 0.018273 0.005595 0.001909 hargrave 2023-09-30 22:19:01 
AF 180 270.2  71.8 023.6  31.8 5.31E-06 001.3 181.5  35.8 0.017770 0.004803 0.001782 hargrave 2023-09-30 22:20:25 
AF 190 259.8  73.5 027.5  33.2 4.97E-06 001.3 177.7  37.6 0.015237 0.004948 0.001773 hargrave 2023-09-30 22:21:46 
AF 200 269.4  74.3 026.2  30.6 4.85E-06 001.4 181.1  38.3 0.017765 0.004230 0.001709 hargrave 2023-09-30 22:23:11 
AF 220 269.1  72.6 024.6  31.6 4.77E-06 001.3 181.1  36.6 0.014771 0.004524 0.001809 hargrave 2023-09-30 22:24:32 
AF 240 250.9  73.5 029.7  34.9 4.43E-06 001.3 174.5  37.9 0.013475 0.004768 0.001201 hargrave 2023-09-30 22:25:52 
AF 260 254.9  69.4 025.4  37.2 4.14E-06 001.2 175.2  33.7 0.013928 0.004256 0.001553 hargrave 2023-09-30 22:27:17 
AF 280 255.0  67.8 024.0  38.3 3.94E-06 001.2 175.0  32.1 0.012674 0.005108 0.001389 hargrave 2023-09-30 22:28:39 
AF 300 249.0  71.7 029.1  36.6 3.51E-06 001.3 173.4  36.3 0.010766 0.004173 0.000786 hargrave 2023-09-30 22:30:00 
AF 320 267.0  65.7 018.1  36.1 3.65E-06 001.2 180.4  29.7 0.012297 0.003936 0.001197 hargrave 2023-09-30 22:31:22 
AF 340 259.0  68.7 023.4  36.7 3.06E-06 001.3 176.9  32.8 0.009663 0.003625 0.001126 hargrave 2023-09-30 22:32:43 
AF 360 242.4  65.7 027.6  43.0 2.89E-06 001.1 168.8  31.0 0.008795 0.003757 0.001243 hargrave 2023-09-30 22:34:04 
AF 380 265.4  72.1 024.9  32.9 3.25E-06 001.3 179.7  36.1 0.010247 0.003429 0.001089 hargrave 2023-09-30 22:35:26 
AF 400 256.1  76.3 030.6  31.8 3.19E-06 001.3 176.9  40.5 0.009594 0.002935 0.000792 hargrave 2023-09-30 22:36:47 
AF 420 272.1  68.5 019.9  32.9 2.77E-06 001.2 182.6  32.6 0.009002 0.002890 0.001287 hargrave 2023-09-30 22:38:09 
AF 440 254.6  71.3 027.0  35.8 2.24E-06 001.2 175.5  35.6 0.006744 0.002447 0.000911 hargrave 2023-09-30 22:39:30 
AF 460 274.1  65.6 016.3  33.5 2.61E-06 001.3 183.8  29.8 0.008854 0.002879 0.001152 hargrave 2023-09-30 22:40:52 
AF 480 254.7  66.3 022.8  39.6 2.40E-06 001.1 174.6  30.6 0.007804 0.002807 0.001075 hargrave 2023-09-30 22:42:14 
AF 500 235.4  66.8 031.7  43.2 2.75E-06 001.2 166.1  33.0 0.008079 0.003245 0.000968 hargrave 2023-09-30 22:43:35 
AF 520 251.6  67.4 024.9  39.5 2.25E-06 001.2 173.4  31.9 0.006952 0.002911 0.000754 hargrave 2023-09-30 22:44:56 
AF 540 248.7  67.1 025.8  40.5 2.44E-06 001.2 172.1  31.8 0.007442 0.003419 0.000483 hargrave 2023-09-30 22:46:18 
AF 560 211.2  70.0 044.0  40.7 2.07E-06 001.2 158.5  40.2 0.005659 0.001741 0.000506 hargrave 2023-09-30 22:47:43 
AF 580 227.1  62.6 035.1  48.1 2.05E-06 001.2 160.3  30.6 0.005689 0.002811 0.000829 hargrave 2023-09-30 22:49:05 
AF 600 215.4  66.7 042.5  44.2 2.05E-06 001.1 157.6  36.6 0.005039 0.002206 0.000661 hargrave 2023-09-30 22:50:26 
AF 650 236.6  67.0 031.3  42.8 1.94E-06 001.3 166.7  33.0 0.006819 0.001907 0.000452 hargrave 2023-09-30 22:51:51 
AF 700 181.1  69.5 055.8  36.1 1.75E-06 001.1 148.8  47.8 0.003277 0.001537 0.000803 hargrave 2023-09-30 22:53:13 
AF 750 174.9  75.2 052.2  31.0 2.00E-06 001.1 155.7  51.8 0.004046 0.001034 0.000691 hargrave 2023-09-30 22:54:34 
AF 800 169.8  72.3 055.9  31.5 1.67E-06 001.0 150.4  52.2 0.002773 0.000925 0.000812 hargrave 2023-09-30 22:55:56 
AF 850 067.1  76.6 046.1  09.0 1.59E-06 001.1 190.9  66.3 0.002963 0.000670 0.000795 hargrave 2023-09-30 22:57:17 
AF 900 271.8  81.9 033.0  25.8 1.18E-06 001.4 181.1  46.0 0.002830 0.000494 0.001246 hargrave 2023-09-30 22:58:39 
AF 950 350.2  76.5 029.5  12.0 1.61E-06 001.4 201.5  50.6 0.004254 0.001251 0.000553 hargrave 2023-09-30 23:00:01 
AF1000 356.5  77.4 031.2  11.7 1.14E-06 001.4 200.8  52.2 0.002613 0.000813 0.001143 hargrave 2023-09-30 23:01:23 
