MF9- 8a sun compass orientation
     22 191.5  40.0 310.0  69.0   1.0
NRM    205.5  63.5 049.3  46.4 8.13E-06 001.2 146.7  38.1 0.017950 0.013298 0.005776 hargrave 2023-10-01 00:09:49 
AF  10 208.2  63.8 047.5  46.4 7.83E-06 001.3 147.9  37.3 0.019427 0.010805 0.005168 hargrave 2023-10-01 00:11:10 
AF  20 208.9  63.3 047.3  47.0 7.45E-06 001.2 147.7  36.7 0.018498 0.010503 0.004613 hargrave 2023-10-01 00:12:32 
AF  30 210.0  61.7 047.2  48.7 7.00E-06 001.2 146.5  35.3 0.017355 0.010097 0.004181 hargrave 2023-10-01 00:13:55 
AF  40 208.0  61.2 048.8  49.0 6.60E-06 001.2 145.3  35.7 0.016085 0.009374 0.003900 hargrave 2023-10-01 00:15:17 
AF  50 206.9  60.0 050.1  49.9 6.07E-06 001.2 143.8  35.3 0.014720 0.009120 0.003661 hargrave 2023-10-01 00:16:38 
AF  60 211.3  58.9 047.2  51.6 5.68E-06 001.2 144.7  32.9 0.014090 0.009017 0.002971 hargrave 2023-10-01 00:18:00 
AF  70 212.1  58.1 046.9  52.4 5.35E-06 001.2 144.3  32.1 0.013497 0.008279 0.002973 hargrave 2023-10-01 00:19:22 
AF  80 215.8  57.4 043.8  53.4 4.98E-06 001.2 145.4  30.2 0.012857 0.007793 0.002680 hargrave 2023-10-01 00:20:43 
AF  90 213.9  57.0 045.7  53.8 4.90E-06 001.2 144.1  30.6 0.012477 0.007719 0.002773 hargrave 2023-10-01 00:22:05 
AF 100 212.2  60.6 046.0  50.0 4.81E-06 001.2 146.5  33.8 0.012143 0.007112 0.002502 hargrave 2023-10-01 00:23:27 
AF 110 212.9  60.6 045.4  50.1 4.63E-06 001.2 146.8  33.5 0.011631 0.007175 0.002581 hargrave 2023-10-01 00:24:49 
AF 120 212.8  58.3 046.2  52.3 4.43E-06 001.2 144.8  31.9 0.011597 0.007010 0.002213 hargrave 2023-10-01 00:26:11 
AF 130 217.4  61.8 041.9  49.2 4.57E-06 001.2 149.6  32.9 0.012702 0.006995 0.002664 hargrave 2023-10-01 00:27:33 
AF 140 222.4  60.4 038.2  50.6 4.31E-06 001.3 150.6  30.2 0.013573 0.005756 0.002691 hargrave 2023-10-01 00:28:59 
AF 150 223.3  55.5 036.7  55.4 4.33E-06 001.2 147.6  26.1 0.012015 0.007396 0.002051 hargrave 2023-10-01 00:30:21 
AF 160 225.8  61.7 035.8  49.1 3.84E-06 001.2 153.1  30.2 0.011380 0.006406 0.001711 hargrave 2023-10-01 00:31:42 
AF 170 216.9  57.3 042.8  53.6 3.66E-06 001.2 145.8  29.7 0.009889 0.005923 0.001982 hargrave 2023-10-01 00:33:04 
AF 180 216.0  52.4 044.7  58.4 3.74E-06 001.2 141.7  26.4 0.009594 0.006283 0.002773 hargrave 2023-10-01 00:34:26 
AF 190 220.8  54.0 039.1  56.9 3.60E-06 001.2 145.4  25.8 0.009992 0.005930 0.002663 hargrave 2023-10-01 00:35:47 
AF 200 224.1  57.4 036.3  53.5 3.69E-06 001.2 149.3  27.3 0.010418 0.006125 0.002431 hargrave 2023-10-01 00:37:09 
AF 220 229.5  49.6 027.5  60.4 3.22E-06 001.1 147.3  19.1 0.009010 0.006053 0.002128 hargrave 2023-10-01 00:38:30 
AF 240 213.0  57.6 046.3  53.1 3.23E-06 001.1 144.2  31.4 0.008415 0.005282 0.002362 hargrave 2023-10-01 00:39:52 
AF 260 205.7  55.0 054.1  54.3 3.21E-06 001.1 138.8  32.5 0.007550 0.004939 0.003000 hargrave 2023-10-01 00:41:13 
AF 280 231.1  58.7 030.7  51.5 3.14E-06 001.1 153.5  26.2 0.009536 0.005317 0.003307 hargrave 2023-10-01 00:42:34 
AF 300 238.7  57.3 024.0  51.2 3.04E-06 001.1 156.5  22.9 0.009901 0.005294 0.003639 hargrave 2023-10-01 00:43:55 
AF 320 220.4  50.4 039.5  60.6 3.12E-06 001.2 142.7  23.1 0.008235 0.005779 0.003334 hargrave 2023-10-01 00:45:16 
AF 340 233.1  57.2 028.4  52.5 2.99E-06 001.1 153.6  24.4 0.009205 0.005124 0.002968 hargrave 2023-10-01 00:46:37 
AF 360 204.7  47.6 061.3  60.6 3.02E-06 001.2 132.1  27.9 0.006211 0.005230 0.003756 hargrave 2023-10-01 00:47:59 
AF 380 202.8  48.9 062.2  58.9 2.83E-06 001.2 132.1  29.6 0.006254 0.004722 0.003136 hargrave 2023-10-01 00:49:20 
AF 400 233.5  56.9 027.8  52.8 3.05E-06 001.2 153.6  24.0 0.009997 0.005332 0.003132 hargrave 2023-10-01 00:50:45 
AF 420 217.2  64.2 041.8  46.8 2.97E-06 001.2 151.5  34.6 0.008018 0.004938 0.003487 hargrave 2023-10-01 00:52:07 
AF 440 215.1  50.9 046.2  59.9 2.94E-06 001.3 140.1  25.6 0.006898 0.005282 0.003749 hargrave 2023-10-01 00:53:28 
AF 460 223.0  59.1 037.5  51.8 3.19E-06 001.2 150.0  29.0 0.008592 0.004974 0.004047 hargrave 2023-10-01 00:54:49 
AF 480 231.5  61.0 031.5  49.2 3.16E-06 001.1 155.1  28.0 0.009617 0.004957 0.003604 hargrave 2023-10-01 00:56:10 
AF 500 203.5  56.0 055.2  52.9 2.67E-06 001.2 138.7  34.1 0.006370 0.003764 0.003163 hargrave 2023-10-01 00:57:31 
AF 520 225.2  60.3 035.9  50.5 2.15E-06 001.2 151.8  29.2 0.006740 0.003255 0.002765 hargrave 2023-10-01 00:58:53 
AF 540 217.5  59.9 042.0  51.1 2.33E-06 001.2 148.1  31.4 0.006850 0.003064 0.003979 hargrave 2023-10-01 01:00:14 
AF 560 214.8  67.8 042.7  43.1 2.02E-06 001.3 153.9  37.8 0.006271 0.002813 0.002842 hargrave 2023-10-01 01:01:35 
AF 580 179.5  62.2 063.4  40.4 3.14E-06 001.2 137.3  47.7 0.006743 0.003626 0.003839 hargrave 2023-10-01 01:02:56 
AF 600 200.7  69.4 048.8  40.2 2.76E-06 001.3 151.7  42.9 0.007669 0.002769 0.003737 hargrave 2023-10-01 01:04:17 
AF 650 191.2  56.4 063.8  48.7 2.44E-06 001.2 133.9  39.7 0.005415 0.002949 0.003562 hargrave 2023-10-01 01:05:39 
AF 700 159.7  43.3 091.0  35.6 2.28E-06 000.8 103.4  50.5 0.002492 0.002480 0.003251 hargrave 2023-10-01 01:07:00 
AF 750 153.0  66.3 064.9  28.3 2.15E-06 001.4 141.6  59.6 0.005229 0.002095 0.002217 hargrave 2023-10-01 01:08:23 
AF 800 207.7  58.8 050.1  51.1 1.78E-06 001.3 143.0  34.2 0.005337 0.002468 0.002972 hargrave 2023-10-01 01:09:44 
AF 850 185.1  66.2 057.5  39.6 2.46E-06 001.3 144.0  46.9 0.005999 0.002710 0.003125 hargrave 2023-10-01 01:11:06 
AF 900 150.7  65.8 065.7  27.5 1.52E-06 001.2 140.8  60.6 0.003240 0.001458 0.001937 hargrave 2023-10-01 01:12:28 
AF 950 133.4  60.8 071.2  19.9 2.21E-06 001.1 133.4  69.2 0.004169 0.001524 0.002146 hargrave 2023-10-01 01:13:50 
AF1000 146.1  53.8 079.2  26.3 1.81E-06 001.1 115.4  62.7 0.003040 0.001628 0.002116 hargrave 2023-10-01 01:15:12 
